0,1,2,3,4,5,6,7,8,9,10,11,12,13,14,15
1.2999999523162842,0.5126867062170105,-0.30000001192092896,0.3103092908859253,0.5222222208976746,-0.30000001192092896,-0.30000001192092896,-0.30000001192092896,-0.30000001192092896,-0.30000001192092896,-0.30000001192092896,0.30000001192092896,-0.30000001192092896,0.30000001192092896,-0.30000001192092896,-0.29914889752523804
1.2999999523162842,0.3921208342170105,-0.30000001192092896,0.3103092908859253,0.5136752128976746,-0.30000001192092896,-0.30000001192092896,-0.30000001192092896,-0.30000001192092896,-0.30000001192092896,-0.30000001192092896,0.30000001192092896,-0.30000001192092896,0.30000001192092896,-0.30000001192092896,-0.299900661325238
1.2999999523162842,0.4530096292170105,-0.30000001192092896,0.3103092908859253,0.5222222208976746,-0.30000001192092896,-0.30000001192092896,-0.30000001192092896,-0.30000001192092896,-0.30000001192092896,-0.30000001192092896,0.30000001192092896,-0.30000001192092896,0.30000001192092896,-0.30000001192092896,-0.291272007525238
1.2999999523162842,0.4227091232170105,-0.30000001192092896,0.3103092908859253,0.5136752128976746,-0.30000001192092896,-0.30000001192092896,-0.30000001192092896,-0.30000001192092896,-0.30000001192092896,-0.30000001192092896,0.30000001192092896,-0.295850633920929,0.9714153699209289,-0.30000001192092896,-0.298928690525238
1.2999999523162842,0.3915149762170105,-0.30000001192092896,0.3103092908859253,0.5136752128976746,-0.30000001192092896,-0.30000001192092896,-0.30000001192092896,-0.30000001192092896,-0.30000001192092896,-0.30000001192092896,0.30000001192092896,-0.30000001192092896,0.30000001192092896,-0.30000001192092896,-0.291272229525238
1.2999999523162842,0.4514737772170105,-0.30000001192092896,0.3103092908859253,0.5136752128976746,-0.30000001192092896,-0.30000001192092896,-0.30000001192092896,-0.30000001192092896,-0.30000001192092896,-0.30000001192092896,0.30000001192092896,-0.30000001192092896,0.30000001192092896,-0.30000001192092896,-0.299255785525238
1.2999999523162842,0.4817879152170105,-0.30000001192092896,0.3103092908859253,0.5222222208976746,-0.30000001192092896,-0.29193549592092893,-0.28989900192092893,-0.30000001192092896,-0.30000001192092896,-0.30000001192092896,0.4610962689209289,-0.30000001192092896,0.30000001192092896,-0.30000001192092896,-0.299894673525238
1.2999999523162842,0.6032625752170104,-0.30000001192092896,0.3103092908859253,0.5222222208976746,-0.30000001192092896,-0.30000001192092896,-0.30000001192092896,-0.30000001192092896,-0.30000001192092896,-0.30000001192092896,0.30000001192092896,-0.30000001192092896,0.30000001192092896,-0.30000001192092896,-0.29990154842523803
1.2999999523162842,0.3000109317170105,-0.30000001192092896,0.3103092908859253,0.2999999988976746,-0.30000001192092896,-0.21935485092092893,-0.19898991092092894,-0.30000001192092896,-0.30000001192092896,-0.30000001192092896,0.30000001192092896,-0.30000001192092896,0.30000001192092896,-0.30000001192092896,-0.29994922662523804
1.2999999523162842,0.3315049792170105,-0.30000001192092896,0.5474226928859254,0.5307692298976746,-0.30000001192092896,-0.30000001192092896,-0.30000001192092896,-0.30000001192092896,-0.30000001192092896,-0.30000001192092896,0.30000001192092896,-0.24605810292092894,1.1978775169209288,-0.30000001192092896,-0.27730139452523805
1.2999999523162842,0.3605958882170105,-0.30000001192092896,0.3103092908859253,0.33418803289767457,-0.30000001192092896,-0.12258065692092895,-0.07777778992092896,-0.30000001192092896,-0.30000001192092896,-0.30000001192092896,0.30000001192092896,-0.30000001192092896,0.30000001192092896,-0.30000001192092896,-0.29984167352523805
1.2999999523162842,0.4526854942170105,-0.30000001192092896,0.3103092908859253,0.5222222208976746,-0.30000001192092896,-0.30000001192092896,-0.30000001192092896,-0.30000001192092896,-0.30000001192092896,-0.30000001192092896,0.30000001192092896,-0.2875518789209289,0.726050401920929,-0.30000001192092896,-0.298815149525238
1.2999999523162842,0.39242376421701053,-0.30000001192092896,0.3103092908859253,0.5222222208976746,-0.30000001192092896,-0.30000001192092896,-0.30000001192092896,-0.30000001192092896,-0.30000001192092896,-0.30000001192092896,0.30000001192092896,-0.30000001192092896,0.30000001192092896,-0.30000001192092896,-0.291272229525238
1.2999999523162842,0.48239377421701046,-0.30000001192092896,0.3103092908859253,0.5051282038976745,-0.30000001192092896,-0.30000001192092896,-0.30000001192092896,-0.30000001192092896,-0.30000001192092896,-0.30000001192092896,0.30000001192092896,-0.30000001192092896,0.30000001192092896,-0.30000001192092896,-0.29990043962523805
1.2999999523162842,0.42180790821701053,-0.30000001192092896,0.3103092908859253,0.5136752128976746,-0.30000001192092896,-0.30000001192092896,-0.30000001192092896,-0.30000001192092896,-0.30000001192092896,-0.30000001192092896,0.30000001192092896,-0.30000001192092896,0.30000001192092896,-0.30000001192092896,-0.27283782352523805
1.2999999523162842,0.45149498221701045,-0.30000001192092896,0.3103092908859253,0.4538461528976746,-0.30000001192092896,-0.29193549592092893,-0.28989900192092893,-0.30000001192092896,-0.30000001192092896,-0.30000001192092896,0.44037434392092895,0.5713692830790711,0.721907532920929,-0.30000001192092896,-0.25089185852523804
1.2999999523162842,1.1788143612170106,-0.30000001192092896,0.3103092908859253,0.3769230758976746,-0.30000001192092896,-0.30000001192092896,-0.30000001192092896,-0.30000001192092896,-0.30000001192092896,-0.30000001192092896,0.30000001192092896,-0.30000001192092896,0.30000001192092896,-0.30000001192092896,-0.299644307525238
1.2999999523162842,0.4220820592170105,-0.30000001192092896,0.3103092908859253,0.4282051268976746,-0.30000001192092896,-0.30000001192092896,-0.30000001192092896,-0.30000001192092896,-0.30000001192092896,-0.30000001192092896,0.30000001192092896,-0.30000001192092896,0.30000001192092896,-0.30000001192092896,-0.299870058525238
1.2999999523162842,0.6032625752170104,-0.30000001192092896,0.3103092908859253,0.5136752128976746,-0.30000001192092896,-0.30000001192092896,-0.30000001192092896,-0.30000001192092896,-0.30000001192092896,-0.30000001192092896,0.30000001192092896,-0.29170125692092896,0.7939963459209289,-0.30000001192092896,-0.299215203525238
1.2999999523162842,0.3618279022170105,-0.30000001192092896,0.3103092908859253,0.5222222208976746,-0.30000001192092896,-0.30000001192092896,-0.30000001192092896,-0.30000001192092896,-0.30000001192092896,-0.30000001192092896,0.30000001192092896,-0.30000001192092896,0.30000001192092896,-0.30000001192092896,-0.27413977152523805
1.2999999523162842,0.36061618421701047,-0.30000001192092896,0.3103092908859253,0.3769230758976746,-0.30000001192092896,-0.30000001192092896,-0.30000001192092896,-0.30000001192092896,-0.30000001192092896,-0.30000001192092896,0.30000001192092896,-0.27925312392092894,1.088932179920929,-0.30000001192092896,-0.29953919352523806
1.2999999523162842,0.3024289132170105,-0.30000001192092896,0.3103092908859253,0.3170940158976746,-0.30000001192092896,-0.10645162492092897,-0.05757576992092894,-0.30000001192092896,-0.30000001192092896,-0.30000001192092896,0.30000001192092896,-0.30000001192092896,0.30000001192092896,-0.30000001192092896,-0.29983812552523803
1.2999999523162842,0.4221108382170105,-0.30000001192092896,0.3103092908859253,0.5136752128976746,-0.30000001192092896,-0.30000001192092896,-0.30000001192092896,-0.30000001192092896,-0.30000001192092896,-0.30000001192092896,0.30000001192092896,-0.30000001192092896,0.30000001192092896,-0.30000001192092896,-0.29990043962523805
1.2999999523162842,0.3030444662170105,-0.30000001192092896,0.3103092908859253,0.33418803289767457,-0.30000001192092896,-0.14677420592092896,-0.28989900192092893,-0.30000001192092896,-0.30000001192092896,-0.30000001192092896,1.062032097920929,-0.17136930692092894,0.9899074149209289,-0.30000001192092896,-0.24942846952523803
1.2999999523162842,0.4527067002170105,-0.30000001192092896,0.3103092908859253,0.5222222208976746,-0.30000001192092896,-0.30000001192092896,-0.30000001192092896,0.699999988079071,-0.30000001192092896,-0.30000001192092896,0.30000001192092896,-0.30000001192092896,0.30000001192092896,-0.30000001192092896,-0.299899996525238
1.2999999523162842,0.3305974032170105,-0.30000001192092896,0.3103092908859253,0.3256410248976746,-0.30000001192092896,-0.001612914920928965,0.07373736207907106,-0.30000001192092896,-0.30000001192092896,-0.30000001192092896,0.30000001192092896,-0.30000001192092896,0.30000001192092896,-0.30000001192092896,-0.29984056452523805
1.2999999523162842,0.4826967032170105,-0.30000001192092896,0.3103092908859253,0.5136752128976746,-0.30000001192092896,-0.30000001192092896,-0.30000001192092896,-0.30000001192092896,-0.30000001192092896,-0.30000001192092896,0.30000001192092896,-0.30000001192092896,0.30000001192092896,-0.30000001192092896,-0.29990088312523805
1.2999999523162842,0.3021411302170105,-0.30000001192092896,0.3103092908859253,0.3512820498976746,-0.30000001192092896,-0.24354839892092894,-0.28989900192092893,-0.30000001192092896,-0.30000001192092896,-0.30000001192092896,0.861497337920929,-0.08838175492092895,0.7382474989209289,-0.30000001192092896,-0.25885079952523804
1.2999999523162842,0.4239284142170105,-0.30000001192092896,0.3103092908859253,0.5222222208976746,-0.30000001192092896,-0.30000001192092896,-0.30000001192092896,-0.30000001192092896,-0.30000001192092896,-0.30000001192092896,0.30000001192092896,-0.30000001192092896,0.30000001192092896,-0.30000001192092896,-0.29907505152523806
1.2999999523162842,0.4520956912170105,-0.30000001192092896,0.3103092908859253,0.5136752128976746,-0.30000001192092896,-0.30000001192092896,-0.30000001192092896,-0.30000001192092896,-0.30000001192092896,-0.30000001192092896,0.30000001192092896,-0.30000001192092896,0.30000001192092896,-0.30000001192092896,-0.299900217825238
1.2999999523162842,0.4236254842170105,-0.30000001192092896,0.3103092908859253,0.3683760668976746,-0.30000001192092896,-0.28387097992092897,-0.27979799192092897,-0.30000001192092896,-0.30000001192092896,-0.30000001192092896,0.30000001192092896,-0.30000001192092896,0.30000001192092896,-0.30000001192092896,-0.29985653152523806
1.2999999523162842,0.3057708302170105,-0.30000001192092896,0.3103092908859253,0.3256410248976746,-0.30000001192092896,-0.08225807692092896,-0.027272738920928963,-0.30000001192092896,-0.30000001192092896,-0.30000001192092896,0.30000001192092896,-0.30000001192092896,0.30000001192092896,-0.30000001192092896,-0.29984034252523806
1.2999999523162842,0.3908836712170105,-0.30000001192092896,0.48556702288592535,0.5393162378976746,-0.30000001192092896,-0.30000001192092896,-0.30000001192092896,-0.30000001192092896,-0.30000001192092896,-0.30000001192092896,0.30000001192092896,-0.24605810292092894,0.572031290920929,-0.30000001192092896,-0.29515656452523803
1.2999999523162842,0.3924219462170105,-0.30000001192092896,0.3103092908859253,0.5136752128976746,-0.30000001192092896,-0.30000001192092896,-0.30000001192092896,-0.30000001192092896,-0.30000001192092896,-0.30000001192092896,0.30000001192092896,-0.295850633920929,0.7584912959209289,-0.30000001192092896,-0.299432749525238
1.2999999523162842,0.4517979122170105,-0.30000001192092896,0.3103092908859253,0.5307692298976746,-0.30000001192092896,-0.30000001192092896,-0.30000001192092896,-0.30000001192092896,-0.30000001192092896,-0.30000001192092896,0.30000001192092896,-0.30000001192092896,0.30000001192092896,-0.30000001192092896,-0.299897113525238
1.2999999523162842,0.5726585342170105,-0.30000001192092896,0.3103092908859253,0.3769230758976746,-0.30000001192092896,-0.30000001192092896,-0.30000001192092896,-0.30000001192092896,-0.30000001192092896,-0.30000001192092896,0.30000001192092896,-0.30000001192092896,0.30000001192092896,-0.30000001192092896,-0.29990465302523805
1.2999999523162842,0.3915149762170105,-0.30000001192092896,0.3103092908859253,0.44529914389767455,-0.30000001192092896,-0.24354839892092894,-0.28989900192092893,-0.30000001192092896,-0.30000001192092896,-0.30000001192092896,0.7010695309209289,-0.30000001192092896,0.30000001192092896,-0.30000001192092896,-0.299857196525238
1.2999999523162842,0.4214762012170105,-0.30000001192092896,0.3103092908859253,0.4880341868976746,-0.30000001192092896,-0.30000001192092896,-0.30000001192092896,-0.30000001192092896,-0.30000001192092896,-0.30000001192092896,0.30000001192092896,-0.30000001192092896,0.30000001192092896,-0.30000001192092896,-0.299832359525238
1.2999999523162842,0.5123837772170106,-0.30000001192092896,0.3103092908859253,0.5222222208976746,-0.30000001192092896,-0.30000001192092896,-0.30000001192092896,-0.30000001192092896,-0.30000001192092896,-0.30000001192092896,0.30000001192092896,-0.295850633920929,0.9747591699209289,-0.30000001192092896,-0.299507260525238
1.2999999523162842,0.4833025622170105,-0.30000001192092896,0.3103092908859253,0.5051282038976745,-0.30000001192092896,-0.30000001192092896,-0.30000001192092896,-0.30000001192092896,-0.30000001192092896,-0.30000001192092896,0.30000001192092896,-0.30000001192092896,0.30000001192092896,-0.30000001192092896,-0.299542298525238
1.2999999523162842,0.4826967032170105,-0.30000001192092896,0.3103092908859253,0.5136752128976746,-0.30000001192092896,-0.30000001192092896,-0.30000001192092896,-0.30000001192092896,-0.30000001192092896,-0.30000001192092896,0.30000001192092896,-0.30000001192092896,0.30000001192092896,-0.30000001192092896,-0.299901104925238
1.2999999523162842,0.5123549992170104,-0.30000001192092896,0.3103092908859253,0.5222222208976746,-0.30000001192092896,-0.30000001192092896,-0.30000001192092896,-0.30000001192092896,-0.30000001192092896,-0.30000001192092896,0.30000001192092896,-0.27095436892092895,0.9682757449209289,-0.30000001192092896,-0.298239906525238
1.2999999523162842,0.3609191142170105,-0.30000001192092896,0.3103092908859253,0.3598290588976746,-0.30000001192092896,-0.30000001192092896,-0.30000001192092896,-0.30000001192092896,-0.30000001192092896,-0.30000001192092896,0.30000001192092896,-0.30000001192092896,0.30000001192092896,-0.30000001192092896,-0.297931660525238
1.2999999523162842,0.4826903412170105,-0.30000001192092896,0.3103092908859253,0.3683760668976746,-0.30000001192092896,-0.24354839892092894,-0.22929294092092894,-0.30000001192092896,-0.30000001192092896,-0.30000001192092896,0.30000001192092896,-0.30000001192092896,0.30000001192092896,-0.30000001192092896,-0.273868560525238
1.2999999523162842,0.3312208312170105,-0.30000001192092896,0.3927835178859253,0.5307692298976746,-0.30000001192092896,-0.30000001192092896,-0.30000001192092896,-0.30000001192092896,-0.30000001192092896,-0.30000001192092896,0.30000001192092896,-0.24605810292092894,0.913875549920929,-0.30000001192092896,-0.29401783052523806
1.2999999523162842,0.3921208342170105,-0.30000001192092896,0.3103092908859253,0.5307692298976746,-0.30000001192092896,-0.30000001192092896,-0.30000001192092896,-0.30000001192092896,-0.30000001192092896,-0.30000001192092896,0.30000001192092896,-0.30000001192092896,0.30000001192092896,-0.30000001192092896,-0.29954252052523805
1.2999999523162842,0.36061618421701047,-0.30000001192092896,0.3103092908859253,0.3512820498976746,-0.30000001192092896,-0.25967743092092893,-0.24949496092092896,-0.30000001192092896,-0.30000001192092896,-0.30000001192092896,0.30000001192092896,-0.30000001192092896,0.30000001192092896,-0.30000001192092896,-0.299853204525238
1.2999999523162842,0.4530032672170105,-0.30000001192092896,0.3103092908859253,0.38547008389767456,-0.30000001192092896,-0.28387097992092897,-0.27979799192092897,-0.30000001192092896,-0.30000001192092896,-0.30000001192092896,0.30000001192092896,-0.30000001192092896,0.30000001192092896,-0.30000001192092896,-0.26667380252523804
1.2999999523162842,0.5123807482170105,-0.30000001192092896,0.3103092908859253,0.5222222208976746,-0.30000001192092896,-0.30000001192092896,-0.30000001192092896,-0.30000001192092896,-0.30000001192092896,-0.30000001192092896,0.30000001192092896,-0.30000001192092896,0.30000001192092896,-0.30000001192092896,-0.29990088312523805
1.2999999523162842,0.3051543682170105,-0.30000001192092896,0.3103092908859253,0.3512820498976746,-0.30000001192092896,-0.13064517292092895,-0.28989900192092893,-0.30000001192092896,-0.30000001192092896,-0.30000001192092896,1.072058835920929,-0.30000001192092896,0.30000001192092896,-0.30000001192092896,-0.29983967752523805
1.2999999523162842,0.4833025622170105,-0.30000001192092896,0.3103092908859253,0.5136752128976746,-0.30000001192092896,-0.30000001192092896,-0.30000001192092896,-0.30000001192092896,-0.30000001192092896,-0.30000001192092896,0.30000001192092896,-0.30000001192092896,0.30000001192092896,-0.30000001192092896,-0.299900661325238
1.2999999523162842,0.3051525512170105,-0.30000001192092896,0.3103092908859253,0.3512820498976746,-0.30000001192092896,-0.21935485092092893,-0.19898991092092894,-0.30000001192092896,-0.30000001192092896,-0.30000001192092896,0.30000001192092896,-0.30000001192092896,0.30000001192092896,-0.30000001192092896,-0.29983989952523804
1.2999999523162842,0.3312123492170105,-0.30000001192092896,0.3103092908859253,0.3256410248976746,-0.30000001192092896,-0.10645162492092897,-0.05757576992092894,-0.30000001192092896,-0.30000001192092896,-0.30000001192092896,0.30000001192092896,-0.30000001192092896,0.30000001192092896,-0.30000001192092896,-0.299834133525238
0.2999999523162842,0.3302993202170105,-0.05518991692092895,0.3000000128859253,0.3170940158976746,0.699999988079071,-0.30000001192092896,-0.30000001192092896,0.699999988079071,-0.26969698192092895,-0.22946059292092896,0.30000001192092896,-0.26680499092092896,1.176465421920929,-0.23333334492092894,-0.29922229952523804
1.2999999523162842,0.3303193142170105,-0.30000001192092896,0.3103092908859253,0.2999999988976746,-0.30000001192092896,-0.30000001192092896,-0.30000001192092896,-0.30000001192092896,-0.30000001192092896,-0.30000001192092896,0.30066846092092897,-0.30000001192092896,0.30000001192092896,-0.30000001192092896,-0.299870945525238
1.2999999523162842,0.7850201712170105,-0.30000001192092896,0.3103092908859253,0.3769230758976746,-0.30000001192092896,-0.30000001192092896,-0.30000001192092896,-0.30000001192092896,-0.30000001192092896,-0.30000001192092896,0.30000001192092896,-0.295850633920929,0.7782413209209289,-0.30000001192092896,-0.299761618525238
1.2999999523162842,0.3330496162170105,-0.30000001192092896,0.3103092908859253,0.3170940158976746,-0.30000001192092896,-0.22741936692092896,-0.20909092092092896,-0.30000001192092896,-0.30000001192092896,-0.30000001192092896,0.30000001192092896,-0.30000001192092896,0.30000001192092896,-0.30000001192092896,-0.299846995525238
1.2999999523162842,0.9667638322170105,-0.30000001192092896,0.3103092908859253,0.3769230758976746,-0.30000001192092896,-0.30000001192092896,-0.30000001192092896,-0.30000001192092896,-0.30000001192092896,-0.30000001192092896,0.30000001192092896,-0.27925312392092894,1.003730975920929,-0.30000001192092896,-0.29950947752523804
1.2999999523162842,0.3027394162170105,-0.30000001192092896,0.3103092908859253,0.3512820498976746,-0.30000001192092896,-0.20322581792092898,-0.17878789092092895,-0.30000001192092896,-0.30000001192092896,-0.30000001192092896,0.30000001192092896,-0.30000001192092896,0.30000001192092896,-0.30000001192092896,-0.29984056452523805
1.2999999523162842,0.4221108382170105,-0.30000001192092896,0.3103092908859253,0.5222222208976746,-0.30000001192092896,-0.30000001192092896,-0.30000001192092896,-0.30000001192092896,-0.30000001192092896,-0.30000001192092896,0.30000001192092896,-0.30000001192092896,0.30000001192092896,-0.30000001192092896,-0.299224960525238
1.2999999523162842,0.3306007352170105,-0.30000001192092896,0.9494845488859254,0.5307692298976746,-0.30000001192092896,-0.30000001192092896,-0.30000001192092896,0.699999988079071,-0.30000001192092896,-0.30000001192092896,0.30000001192092896,-0.24605810292092894,0.572031290920929,-0.30000001192092896,-0.28474851452523803
1.2999999523162842,0.4224137672170105,-0.30000001192092896,0.3103092908859253,0.4367521358976746,-0.30000001192092896,-0.30000001192092896,-0.30000001192092896,-0.30000001192092896,-0.30000001192092896,-0.30000001192092896,0.30000001192092896,-0.30000001192092896,0.30000001192092896,-0.30000001192092896,-0.26116130952523803
1.2999999523162842,0.9364848342170105,-0.30000001192092896,0.3103092908859253,0.3769230758976746,-0.30000001192092896,-0.30000001192092896,-0.30000001192092896,-0.30000001192092896,-0.30000001192092896,-0.30000001192092896,0.30000001192092896,-0.30000001192092896,0.30000001192092896,-0.30000001192092896,-0.29990465302523805
1.2999999523162842,0.4530096292170105,-0.30000001192092896,0.3103092908859253,0.5222222208976746,-0.30000001192092896,-0.30000001192092896,-0.30000001192092896,-0.30000001192092896,-0.30000001192092896,-0.30000001192092896,0.30000001192092896,-0.30000001192092896,0.30000001192092896,-0.30000001192092896,-0.29990154842523803
1.2999999523162842,0.5429796392170105,-0.30000001192092896,0.3103092908859253,0.5222222208976746,-0.30000001192092896,-0.30000001192092896,-0.30000001192092896,-0.30000001192092896,-0.30000001192092896,-0.30000001192092896,0.30000001192092896,-0.27095436892092895,0.927516626920929,-0.30000001192092896,-0.29855746552523804
1.2999999523162842,0.3920920562170105,-0.30000001192092896,0.3103092908859253,0.5222222208976746,-0.30000001192092896,-0.30000001192092896,-0.30000001192092896,-0.30000001192092896,-0.30000001192092896,-0.30000001192092896,0.30000001192092896,-0.2875518789209289,0.981370357920929,-0.30000001192092896,-0.29950681652523803
1.2999999523162842,0.3309091172170105,-0.30000001192092896,0.3103092908859253,0.33418803289767457,-0.30000001192092896,-0.25161291492092897,-0.28989900192092893,-0.30000001192092896,-0.30000001192092896,-0.30000001192092896,0.825401081920929,-0.30000001192092896,0.30000001192092896,-0.30000001192092896,-0.29984078652523805
1.2999999523162842,0.3930296222170105,-0.30000001192092896,0.3103092908859253,0.5136752128976746,-0.30000001192092896,-0.30000001192092896,-0.30000001192092896,-0.30000001192092896,-0.30000001192092896,-0.30000001192092896,0.30000001192092896,-0.30000001192092896,0.30000001192092896,-0.30000001192092896,-0.298751504525238
1.2999999523162842,0.42269882321701047,-0.30000001192092896,0.3103092908859253,0.4282051268976746,-0.30000001192092896,-0.28387097992092897,-0.28989900192092893,-0.30000001192092896,-0.30000001192092896,-0.30000001192092896,0.575401081920929,-0.30000001192092896,0.30000001192092896,-0.30000001192092896,-0.29986296252523803
1.2999999523162842,0.4514689302170105,-0.30000001192092896,0.3103092908859253,0.5136752128976746,-0.30000001192092896,-0.30000001192092896,-0.30000001192092896,-0.30000001192092896,-0.30000001192092896,-0.30000001192092896,0.30000001192092896,-0.295850633920929,0.6983733689209289,-0.30000001192092896,-0.29922052552523803
1.2999999523162842,0.3924204312170105,-0.30000001192092896,0.3103092908859253,0.34273504189767456,-0.30000001192092896,-0.25967743092092893,-0.24949496092092896,-0.30000001192092896,-0.30000001192092896,-0.30000001192092896,0.447058835920929,0.29751036107907103,0.979299344920929,-0.30000001192092896,-0.25245770152523805
1.2999999523162842,0.5126867062170105,-0.30000001192092896,0.3103092908859253,0.5222222208976746,-0.30000001192092896,-0.30000001192092896,-0.30000001192092896,-0.30000001192092896,-0.30000001192092896,-0.30000001192092896,0.30000001192092896,-0.30000001192092896,0.30000001192092896,-0.30000001192092896,-0.29990088312523805
1.2999999523162842,0.3012402192170105,-0.30000001192092896,0.3103092908859253,0.33418803289767457,-0.30000001192092896,-0.15483872192092896,-0.11818182992092896,-0.30000001192092896,-0.30000001192092896,-0.30000001192092896,0.30000001192092896,-0.30000001192092896,0.30000001192092896,-0.30000001192092896,-0.29983701652523803
1.2999999523162842,0.3009309282170105,-0.30000001192092896,0.3103092908859253,0.3170940158976746,-0.30000001192092896,0.014516117079071023,0.09393938207907104,-0.30000001192092896,-0.30000001192092896,-0.30000001192092896,0.30000001192092896,-0.30000001192092896,0.30000001192092896,-0.30000001192092896,-0.29984034252523806
1.2999999523162842,0.4524037702170105,-0.30000001192092896,0.3103092908859253,0.5136752128976746,-0.30000001192092896,-0.30000001192092896,-0.30000001192092896,-0.30000001192092896,-0.30000001192092896,-0.30000001192092896,0.30000001192092896,-0.29170125692092896,1.0424097209209289,-0.30000001192092896,-0.29968577652523803
1.2999999523162842,0.3009251722170105,-0.30000001192092896,0.4030927968859253,0.4880341868976746,-0.30000001192092896,-0.29193549592092893,-0.28989900192092893,-0.30000001192092896,-0.30000001192092896,-0.30000001192092896,0.460427818920929,0.695850610079071,1.300000011920929,-0.30000001192092896,-0.22452667552523803
1.2999999523162842,0.3051689092170105,-0.30000001192092896,0.3103092908859253,0.3598290588976746,-0.30000001192092896,-0.08225807692092896,-0.28989900192092893,-0.30000001192092896,-0.30000001192092896,-0.30000001192092896,1.112165786920929,-0.21701245992092894,0.913875549920929,-0.30000001192092896,-0.25264153952523805
1.2999999523162842,0.3909091172170105,-0.30000001192092896,0.3103092908859253,0.34273504189767456,-0.30000001192092896,-0.22741936692092896,-0.28989900192092893,-0.30000001192092896,-0.30000001192092896,-0.30000001192092896,0.919652417920929,-0.30000001192092896,0.30000001192092896,-0.30000001192092896,-0.25263000852523804
1.2999999523162842,0.5435854982170105,-0.30000001192092896,0.3103092908859253,0.5222222208976746,-0.30000001192092896,-0.30000001192092896,-0.30000001192092896,-0.30000001192092896,-0.30000001192092896,-0.30000001192092896,0.30000001192092896,-0.295850633920929,1.094716369920929,-0.30000001192092896,-0.299393719525238
1.2999999523162842,0.3918179052170105,-0.30000001192092896,0.3103092908859253,0.5307692298976746,-0.30000001192092896,-0.30000001192092896,-0.30000001192092896,-0.30000001192092896,-0.30000001192092896,-0.30000001192092896,0.30000001192092896,-0.2875518789209289,0.950088698920929,-0.30000001192092896,-0.29875727052523804
1.2999999523162842,0.4820847862170105,-0.30000001192092896,0.3103092908859253,0.5222222208976746,-0.30000001192092896,-0.30000001192092896,-0.30000001192092896,-0.30000001192092896,-0.30000001192092896,-0.30000001192092896,0.30000001192092896,-0.30000001192092896,0.30000001192092896,-0.30000001192092896,-0.29990043962523805
1.2999999523162842,0.4817879152170105,-0.30000001192092896,0.3103092908859253,0.3769230758976746,-0.30000001192092896,-0.30000001192092896,-0.30000001192092896,-0.30000001192092896,-0.30000001192092896,-0.30000001192092896,0.30000001192092896,-0.295850633920929,0.7782413209209289,-0.30000001192092896,-0.299717709525238
1.2999999523162842,0.5126867062170105,-0.30000001192092896,0.3103092908859253,0.5222222208976746,-0.30000001192092896,-0.30000001192092896,-0.30000001192092896,-0.30000001192092896,-0.30000001192092896,-0.30000001192092896,0.30000001192092896,-0.30000001192092896,0.30000001192092896,-0.30000001192092896,-0.29947111352523803
1.2999999523162842,0.3048690092170105,-0.30000001192092896,0.3103092908859253,0.3683760668976746,-0.30000001192092896,-0.19516130192092895,-0.28989900192092893,-0.30000001192092896,-0.30000001192092896,-0.30000001192092896,0.994518728920929,-0.30000001192092896,0.30000001192092896,-0.30000001192092896,-0.29984167352523805
1.2999999523162842,0.3609157812170105,-0.30000001192092896,0.3721649608859253,0.5393162378976746,-0.30000001192092896,-0.30000001192092896,-0.30000001192092896,-0.30000001192092896,-0.30000001192092896,-0.30000001192092896,0.30000001192092896,-0.24605810292092894,0.979299344920929,-0.30000001192092896,-0.225903578525238
1.2999999523162842,0.3030577952170105,-0.30000001192092896,0.3103092908859253,0.34273504189767456,-0.30000001192092896,0.09516127807907104,0.19494948307907106,-0.30000001192092896,-0.30000001192092896,-0.30000001192092896,0.30000001192092896,-0.30000001192092896,0.30000001192092896,-0.30000001192092896,-0.299837238525238
1.2999999523162842,0.45270245921701047,-0.30000001192092896,0.3103092908859253,0.5307692298976746,-0.30000001192092896,-0.30000001192092896,-0.30000001192092896,-0.30000001192092896,-0.30000001192092896,-0.30000001192092896,0.30000001192092896,-0.30000001192092896,0.30000001192092896,-0.30000001192092896,-0.299181052525238
1.2999999523162842,0.3006355722170105,-0.30000001192092896,0.3103092908859253,0.33418803289767457,-0.30000001192092896,-0.001612914920928965,0.07373736207907106,-0.30000001192092896,-0.30000001192092896,-0.30000001192092896,0.30000001192092896,-0.30000001192092896,0.30000001192092896,-0.30000001192092896,-0.29983923452523803
1.2999999523162842,0.3306004322170105,-0.30000001192092896,0.3103092908859253,0.34273504189767456,-0.30000001192092896,-0.13064517292092895,-0.28989900192092893,-0.30000001192092896,-0.30000001192092896,-0.30000001192092896,1.072058835920929,-0.30000001192092896,0.30000001192092896,-0.30000001192092896,-0.29983834652523805
1.2999999523162842,0.5123837772170106,-0.30000001192092896,0.3103092908859253,0.5136752128976746,-0.30000001192092896,-0.30000001192092896,-0.30000001192092896,-0.30000001192092896,-0.30000001192092896,-0.30000001192092896,0.30000001192092896,-0.30000001192092896,0.30000001192092896,-0.30000001192092896,-0.29932785752523805
1.2999999523162842,0.39242376421701053,-0.30000001192092896,0.3103092908859253,0.5222222208976746,-0.30000001192092896,-0.30000001192092896,-0.30000001192092896,-0.30000001192092896,-0.30000001192092896,-0.30000001192092896,0.30000001192092896,-0.30000001192092896,0.30000001192092896,-0.30000001192092896,-0.29127245052523804
1.2999999523162842,0.4533125582170105,-0.30000001192092896,0.3103092908859253,0.5222222208976746,-0.30000001192092896,-0.30000001192092896,-0.30000001192092896,-0.30000001192092896,-0.30000001192092896,-0.30000001192092896,0.30000001192092896,-0.30000001192092896,0.30000001192092896,-0.30000001192092896,-0.299427648525238
1.2999999523162842,0.3330496162170105,-0.30000001192092896,0.3103092908859253,0.34273504189767456,-0.30000001192092896,-0.27580646392092895,-0.28989900192092893,-0.30000001192092896,-0.30000001192092896,-0.30000001192092896,0.6629679259209289,0.060995839079071024,1.0698410809209289,-0.30000001192092896,-0.24849863252523802
1.2999999523162842,0.36061618421701047,-0.30000001192092896,0.3103092908859253,0.3683760668976746,-0.30000001192092896,-0.27580646392092895,-0.28989900192092893,-0.30000001192092896,-0.30000001192092896,-0.30000001192092896,0.6629679259209289,-0.30000001192092896,0.30000001192092896,-0.30000001192092896,-0.28269923652523804
1.2999999523162842,0.5726667132170105,-0.30000001192092896,0.3103092908859253,0.5136752128976746,-0.30000001192092896,-0.30000001192092896,-0.30000001192092896,-0.30000001192092896,-0.30000001192092896,-0.30000001192092896,0.30000001192092896,-0.295850633920929,0.927516626920929,-0.30000001192092896,-0.29951857052523806
0.2999999523162842,0.3054800182170105,-0.19060744792092896,0.3000000128859253,0.33418803289767457,0.699999988079071,-0.30000001192092896,-0.30000001192092896,0.699999988079071,-0.21919193092092895,-0.030290467920928932,0.30000001192092896,-0.30000001192092896,0.30000001192092896,-0.23333334492092894,-0.29752672852523804
1.2999999523162842,0.4236230612170105,-0.30000001192092896,0.3103092908859253,0.5222222208976746,-0.30000001192092896,-0.30000001192092896,-0.30000001192092896,-0.30000001192092896,-0.30000001192092896,-0.30000001192092896,0.30000001192092896,-0.30000001192092896,0.30000001192092896,-0.30000001192092896,-0.298930464525238
1.2999999523162842,0.4829996322170105,-0.30000001192092896,0.3103092908859253,0.5051282038976745,-0.30000001192092896,-0.30000001192092896,-0.30000001192092896,-0.30000001192092896,-0.30000001192092896,-0.30000001192092896,0.30000001192092896,-0.295850633920929,1.124763670920929,-0.30000001192092896,-0.299395715525238
1.2999999523162842,0.36059467621701047,-0.30000001192092896,0.3103092908859253,0.3769230758976746,-0.30000001192092896,-0.30000001192092896,-0.30000001192092896,-0.30000001192092896,-0.30000001192092896,-0.30000001192092896,0.30000001192092896,-0.30000001192092896,0.30000001192092896,-0.30000001192092896,-0.29909545352523803
1.2999999523162842,0.3908873062170105,-0.30000001192092896,0.3103092908859253,0.33418803289767457,-0.30000001192092896,-0.25967743092092893,-0.28989900192092893,-0.30000001192092896,-0.30000001192092896,-0.30000001192092896,0.7812834339209289,-0.30000001192092896,0.30000001192092896,-0.30000001192092896,-0.299859857525238
1.2999999523162842,0.4829996322170105,-0.30000001192092896,0.3103092908859253,0.5136752128976746,-0.30000001192092896,-0.30000001192092896,-0.30000001192092896,-0.30000001192092896,-0.30000001192092896,-0.30000001192092896,0.30000001192092896,-0.295850633920929,0.965039404920929,-0.30000001192092896,-0.299322313525238
1.2999999523162842,0.4217779182170105,-0.30000001192092896,0.3103092908859253,0.3512820498976746,-0.30000001192092896,-0.21935485092092893,-0.28989900192092893,-0.30000001192092896,-0.30000001192092896,-0.30000001192092896,0.7712566959209289,-0.30000001192092896,0.30000001192092896,-0.30000001192092896,-0.25514364952523805
1.2999999523162842,0.3327454742170105,-0.30000001192092896,0.3103092908859253,0.3769230758976746,-0.30000001192092896,-0.29193549592092893,-0.28989900192092893,-0.30000001192092896,-0.30000001192092896,-0.30000001192092896,0.4610962689209289,0.19792529907907103,0.9026445069209289,-0.30000001192092896,-0.23536759952523803
1.2999999523162842,0.3033410342170105,-0.30000001192092896,0.3103092908859253,0.3512820498976746,-0.30000001192092896,-0.22741936692092896,-0.20909092092092896,-0.30000001192092896,-0.30000001192092896,-0.30000001192092896,0.368850278920929,0.12738588007907103,1.072055110920929,-0.30000001192092896,-0.25161435052523806
1.2999999523162842,0.3021402222170105,-0.30000001192092896,0.3103092908859253,0.3256410248976746,-0.30000001192092896,-0.13064517292092895,-0.08787879992092895,-0.30000001192092896,-0.30000001192092896,-0.30000001192092896,0.33676471792092894,-0.07178424392092894,1.014219106920929,-0.30000001192092896,-0.267164998525238
1.2999999523162842,0.3306225462170105,-0.30000001192092896,0.3103092908859253,0.2999999988976746,-0.30000001192092896,-0.30000001192092896,-0.30000001192092896,-0.30000001192092896,-0.30000001192092896,-0.30000001192092896,0.30000001192092896,-0.2875518789209289,1.1335675959209288,-0.30000001192092896,-0.295069635525238
1.2999999523162842,0.4517963972170105,-0.30000001192092896,0.3103092908859253,0.5136752128976746,-0.30000001192092896,-0.30000001192092896,-0.30000001192092896,-0.30000001192092896,-0.30000001192092896,-0.30000001192092896,0.30000001192092896,-0.30000001192092896,0.30000001192092896,-0.30000001192092896,-0.28854769452523804
1.2999999523162842,0.3605961912170105,-0.30000001192092896,0.5577319718859253,0.5393162378976746,-0.30000001192092896,-0.30000001192092896,-0.30000001192092896,0.699999988079071,-0.30000001192092896,-0.30000001192092896,0.46577541292092894,-0.24605810292092894,1.119382977920929,-0.30000001192092896,-0.286241619525238
1.2999999523162842,0.3348468952170105,-0.30000001192092896,0.3103092908859253,0.3512820498976746,-0.30000001192092896,-0.26774194692092895,-0.28989900192092893,-0.30000001192092896,-0.30000001192092896,-0.30000001192092896,0.7278074989209289,-0.30000001192092896,0.30000001192092896,-0.30000001192092896,-0.29984167352523805
1.2999999523162842,0.4530096292170105,-0.30000001192092896,0.3103092908859253,0.3512820498976746,-0.30000001192092896,-0.26774194692092895,-0.259595971920929,-0.30000001192092896,-0.30000001192092896,-0.30000001192092896,0.30000001192092896,-0.30000001192092896,0.30000001192092896,-0.30000001192092896,-0.265991892525238
1.2999999523162842,0.4527067002170105,-0.30000001192092896,0.3103092908859253,0.5222222208976746,-0.30000001192092896,-0.30000001192092896,-0.30000001192092896,-0.30000001192092896,-0.30000001192092896,-0.30000001192092896,0.30000001192092896,-0.30000001192092896,0.30000001192092896,-0.30000001192092896,-0.299757848525238
1.2999999523162842,0.3012120462170105,-0.30000001192092896,0.3103092908859253,0.33418803289767457,-0.30000001192092896,-0.09838710892092895,-0.28989900192092893,-0.30000001192092896,-0.30000001192092896,-0.30000001192092896,1.1021390489209288,-0.30000001192092896,0.30000001192092896,-0.30000001192092896,-0.24935506652523803
1.2999999523162842,0.3012141672170105,-0.30000001192092896,0.3103092908859253,0.3085470078976746,-0.30000001192092896,0.11129031107907106,-0.28989900192092893,-0.30000001192092896,-0.30000001192092896,-0.30000001192092896,1.1522727389209289,-0.30000001192092896,0.30000001192092896,-0.30000001192092896,-0.29983745952523805
1.2999999523162842,0.4524037702170105,-0.30000001192092896,0.3103092908859253,0.5051282038976745,-0.30000001192092896,-0.30000001192092896,-0.30000001192092896,-0.30000001192092896,-0.30000001192092896,-0.30000001192092896,0.30000001192092896,-0.295850633920929,0.7382474989209289,-0.30000001192092896,-0.29918482252523804
1.2999999523162842,0.3024249752170105,-0.30000001192092896,0.3103092908859253,0.33418803289767457,-0.30000001192092896,0.12741934307907105,0.2353535230790711,-0.30000001192092896,-0.30000001192092896,-0.30000001192092896,0.30000001192092896,-0.30000001192092896,0.30000001192092896,-0.30000001192092896,-0.29983923452523803
1.2999999523162842,0.5438884272170105,-0.30000001192092896,0.3103092908859253,0.4965811958976746,-0.30000001192092896,-0.30000001192092896,-0.30000001192092896,-0.30000001192092896,-0.30000001192092896,-0.30000001192092896,0.30000001192092896,-0.29170125692092896,0.695747523920929,-0.30000001192092896,-0.29932275652523804
1.2999999523162842,0.3605886182170105,-0.30000001192092896,1.1556701158859253,0.5393162378976746,-0.30000001192092896,-0.30000001192092896,-0.30000001192092896,0.699999988079071,-0.30000001192092896,-0.30000001192092896,0.4610962689209289,-0.24605810292092894,1.088932179920929,-0.30000001192092896,-0.27786200152523804
1.2999999523162842,0.3345606272170105,-0.30000001192092896,0.3103092908859253,0.3170940158976746,-0.30000001192092896,-0.17096775392092894,-0.28989900192092893,-0.30000001192092896,-0.30000001192092896,-0.30000001192092896,1.0272727389209289,-0.30000001192092896,0.30000001192092896,-0.30000001192092896,-0.29984278252523805
1.2999999523162842,0.4833025622170105,-0.30000001192092896,0.3103092908859253,0.5136752128976746,-0.30000001192092896,-0.30000001192092896,-0.30000001192092896,-0.30000001192092896,-0.30000001192092896,-0.30000001192092896,0.30000001192092896,-0.30000001192092896,0.30000001192092896,-0.30000001192092896,-0.29127267252523803
1.2999999523162842,0.4542213462170105,-0.30000001192092896,0.3103092908859253,0.5307692298976746,-0.30000001192092896,-0.30000001192092896,-0.30000001192092896,-0.30000001192092896,-0.30000001192092896,-0.30000001192092896,0.30000001192092896,-0.30000001192092896,0.30000001192092896,-0.30000001192092896,-0.299181274525238
1.2999999523162842,0.3909054822170105,-0.30000001192092896,0.5371134148859253,0.5393162378976746,-0.30000001192092896,-0.30000001192092896,-0.30000001192092896,-0.30000001192092896,-0.30000001192092896,-0.30000001192092896,0.30000001192092896,-0.24605810292092894,0.7381502899209289,-0.30000001192092896,-0.295078727525238
1.2999999523162842,0.3303093172170105,-0.30000001192092896,0.3618556828859253,0.5393162378976746,-0.30000001192092896,-0.30000001192092896,-0.30000001192092896,0.699999988079071,-0.30000001192092896,-0.30000001192092896,0.30000001192092896,-0.24605810292092894,1.003730975920929,-0.30000001192092896,-0.25723106952523805
1.2999999523162842,0.4542213462170105,-0.30000001192092896,0.3103092908859253,0.5136752128976746,-0.30000001192092896,-0.30000001192092896,-0.30000001192092896,-0.30000001192092896,-0.30000001192092896,-0.30000001192092896,0.30000001192092896,-0.30000001192092896,0.30000001192092896,-0.30000001192092896,-0.29928882752523805
1.2999999523162842,0.3615140672170105,-0.30000001192092896,0.4340206318859253,0.5393162378976746,-0.30000001192092896,-0.30000001192092896,-0.30000001192092896,0.699999988079071,-0.30000001192092896,-0.30000001192092896,0.723796802920929,-0.24605810292092894,0.9188818659209289,-0.30000001192092896,-0.256531197525238
1.2999999523162842,0.30395446521701047,-0.30000001192092896,0.3927835178859253,0.5136752128976746,-0.30000001192092896,-0.29193549592092893,-0.28989900192092893,-0.30000001192092896,-0.30000001192092896,-0.30000001192092896,0.4597593699209289,0.691701233079071,1.003730975920929,-0.30000001192092896,-0.25885678752523805
1.2999999523162842,0.3618112402170105,-0.30000001192092896,0.3103092908859253,0.4794871778976746,-0.30000001192092896,-0.30000001192092896,-0.30000001192092896,-0.30000001192092896,-0.30000001192092896,-0.30000001192092896,0.30000001192092896,-0.30000001192092896,0.30000001192092896,-0.30000001192092896,-0.28588525252523805
1.2999999523162842,0.4221108382170105,-0.30000001192092896,0.3103092908859253,0.5222222208976746,-0.30000001192092896,-0.30000001192092896,-0.30000001192092896,-0.30000001192092896,-0.30000001192092896,-0.30000001192092896,0.30000001192092896,-0.30000001192092896,0.30000001192092896,-0.30000001192092896,-0.299900217825238
1.2999999523162842,0.45149498221701045,-0.30000001192092896,0.3103092908859253,0.3256410248976746,-0.30000001192092896,-0.24354839892092894,-0.22929294092092894,-0.30000001192092896,-0.30000001192092896,-0.30000001192092896,0.30000001192092896,-0.30000001192092896,0.30000001192092896,-0.30000001192092896,-0.299855200525238
1.2999999523162842,0.5129896362170105,-0.30000001192092896,0.3103092908859253,0.5222222208976746,-0.30000001192092896,-0.30000001192092896,-0.30000001192092896,-0.30000001192092896,-0.30000001192092896,-0.30000001192092896,0.30000001192092896,-0.30000001192092896,0.30000001192092896,-0.30000001192092896,-0.29990088312523805
1.2999999523162842,0.4817879152170105,-0.30000001192092896,0.3103092908859253,0.5307692298976746,-0.30000001192092896,-0.30000001192092896,-0.30000001192092896,-0.30000001192092896,-0.30000001192092896,-0.30000001192092896,0.30000001192092896,-0.30000001192092896,0.30000001192092896,-0.30000001192092896,-0.299252902525238
1.2999999523162842,0.3030596122170105,-0.30000001192092896,0.3103092908859253,0.3598290588976746,-0.30000001192092896,-0.17096775392092894,-0.28989900192092893,-0.30000001192092896,-0.30000001192092896,-0.30000001192092896,1.0272727389209289,-0.15062241892092895,0.8631749139209289,-0.30000001192092896,-0.24957970952523803
1.2999999523162842,0.3611972032170105,-0.30000001192092896,0.4340206318859253,0.5393162378976746,-0.30000001192092896,-0.30000001192092896,-0.30000001192092896,-0.30000001192092896,-0.30000001192092896,-0.30000001192092896,0.30000001192092896,-0.24605810292092894,0.713624865920929,-0.30000001192092896,-0.27318554152523805
1.2999999523162842,0.39333255221701047,-0.30000001192092896,0.3103092908859253,0.5136752128976746,-0.30000001192092896,-0.30000001192092896,-0.30000001192092896,-0.30000001192092896,-0.30000001192092896,-0.30000001192092896,0.30000001192092896,-0.29170125692092896,0.7584912959209289,-0.30000001192092896,-0.29912893952523806
1.2999999523162842,0.3917930652170105,-0.30000001192092896,0.3103092908859253,0.3598290588976746,-0.30000001192092896,-0.26774194692092895,-0.259595971920929,-0.30000001192092896,-0.30000001192092896,-0.30000001192092896,0.30000001192092896,-0.30000001192092896,0.30000001192092896,-0.30000001192092896,-0.29115225752523805
1.2999999523162842,0.3051764822170105,-0.30000001192092896,0.3103092908859253,0.3512820498976746,-0.30000001192092896,-0.24354839892092894,-0.28989900192092893,-0.30000001192092896,-0.30000001192092896,-0.30000001192092896,0.861497337920929,-0.026141090920928978,1.1335675959209288,-0.30000001192092896,-0.24655535552523802
1.2999999523162842,0.5729696422170105,-0.30000001192092896,0.3103092908859253,0.3769230758976746,-0.30000001192092896,-0.30000001192092896,-0.30000001192092896,-0.30000001192092896,-0.30000001192092896,-0.30000001192092896,0.30000001192092896,-0.30000001192092896,0.30000001192092896,-0.30000001192092896,-0.29990465302523805
1.2999999523162842,0.3339584042170105,-0.30000001192092896,0.3103092908859253,0.3598290588976746,-0.30000001192092896,-0.27580646392092895,-0.26969698192092895,-0.30000001192092896,-0.30000001192092896,-0.30000001192092896,0.30000001192092896,-0.30000001192092896,0.30000001192092896,-0.30000001192092896,-0.29984987852523803
1.2999999523162842,0.4833025622170105,-0.30000001192092896,0.3103092908859253,0.4965811958976746,-0.30000001192092896,-0.30000001192092896,-0.30000001192092896,-0.30000001192092896,-0.30000001192092896,-0.30000001192092896,0.30000001192092896,-0.30000001192092896,0.30000001192092896,-0.30000001192092896,-0.29990132662523805
1.2999999523162842,0.3303093172170105,-0.30000001192092896,1.1453608378859252,0.5393162378976746,-0.30000001192092896,-0.30000001192092896,-0.30000001192092896,-0.30000001192092896,-0.30000001192092896,-0.30000001192092896,0.30000001192092896,-0.24605810292092894,1.300000011920929,-0.30000001192092896,-0.295356813525238
1.2999999523162842,0.3614995262170105,-0.30000001192092896,0.4649484668859253,0.5393162378976746,-0.30000001192092896,-0.30000001192092896,-0.30000001192092896,0.699999988079071,-0.30000001192092896,-0.30000001192092896,0.30000001192092896,-0.24605810292092894,0.572031290920929,-0.30000001192092896,-0.25561289252523806
1.2999999523162842,0.4536027642170105,-0.30000001192092896,0.3103092908859253,0.5222222208976746,-0.30000001192092896,-0.30000001192092896,-0.30000001192092896,-0.30000001192092896,-0.30000001192092896,-0.30000001192092896,0.30000001192092896,-0.29170125692092896,0.9322603329209289,-0.30000001192092896,-0.29911008952523804
1.2999999523162842,0.5729696422170105,-0.30000001192092896,0.3103092908859253,0.3769230758976746,-0.30000001192092896,-0.30000001192092896,-0.30000001192092896,-0.30000001192092896,-0.30000001192092896,-0.30000001192092896,0.30000001192092896,-0.30000001192092896,0.30000001192092896,-0.30000001192092896,-0.29990465302523805
1.2999999523162842,0.3312017472170105,-0.30000001192092896,0.3103092908859253,0.33418803289767457,-0.30000001192092896,-0.28387097992092897,-0.27979799192092897,-0.30000001192092896,-0.30000001192092896,-0.30000001192092896,0.575401081920929,0.554771772079071,1.1441927509209289,-0.30000001192092896,-0.24092533152523804
1.2999999523162842,0.36212446921701047,-0.30000001192092896,0.3103092908859253,0.3598290588976746,-0.30000001192092896,-0.20322581792092898,-0.17878789092092895,-0.30000001192092896,-0.30000001192092896,-0.30000001192092896,0.30000001192092896,-0.30000001192092896,0.30000001192092896,-0.30000001192092896,-0.299845886525238
1.2999999523162842,0.6041713632170105,-0.30000001192092896,0.3103092908859253,0.5222222208976746,-0.30000001192092896,-0.30000001192092896,-0.30000001192092896,-0.30000001192092896,-0.30000001192092896,-0.30000001192092896,0.30000001192092896,-0.30000001192092896,0.30000001192092896,-0.30000001192092896,-0.29939948552523804
1.2999999523162842,0.3315204282170105,-0.30000001192092896,0.3103092908859253,0.3256410248976746,-0.30000001192092896,-0.17903226992092897,-0.28989900192092893,-0.30000001192092896,-0.30000001192092896,-0.30000001192092896,1.021925145920929,-0.30000001192092896,0.30000001192092896,-0.30000001192092896,-0.25015739252523805
1.2999999523162842,0.4527067002170105,-0.30000001192092896,0.3103092908859253,0.5307692298976746,-0.30000001192092896,-0.30000001192092896,-0.30000001192092896,-0.30000001192092896,-0.30000001192092896,-0.30000001192092896,0.30000001192092896,-0.30000001192092896,0.30000001192092896,-0.30000001192092896,-0.299038017525238
1.2999999523162842,0.4833025622170105,-0.30000001192092896,0.3103092908859253,0.5136752128976746,-0.30000001192092896,-0.30000001192092896,-0.30000001192092896,-0.30000001192092896,-0.30000001192092896,-0.30000001192092896,0.30000001192092896,-0.29170125692092896,1.126473973920929,-0.30000001192092896,-0.29898080352523804
1.2999999523162842,0.3924222492170105,-0.30000001192092896,0.3103092908859253,0.5136752128976746,-0.30000001192092896,-0.30000001192092896,-0.30000001192092896,-0.30000001192092896,-0.30000001192092896,-0.30000001192092896,0.30000001192092896,-0.295850633920929,0.755274616920929,-0.30000001192092896,-0.29939438452523803
1.2999999523162842,0.3033410342170105,-0.30000001192092896,0.3103092908859253,0.3512820498976746,-0.30000001192092896,-0.15483872192092896,-0.11818182992092896,-0.30000001192092896,-0.30000001192092896,-0.30000001192092896,0.30000001192092896,-0.30000001192092896,0.30000001192092896,-0.30000001192092896,-0.29984012152523803
1.2999999523162842,0.3057717382170105,-0.30000001192092896,0.3103092908859253,0.34273504189767456,-0.30000001192092896,-0.21129033492092897,-0.18888890092092897,-0.30000001192092896,-0.30000001192092896,-0.30000001192092896,0.30000001192092896,-0.30000001192092896,0.30000001192092896,-0.30000001192092896,-0.29983989952523804
1.2999999523162842,0.4224137672170105,-0.30000001192092896,0.3103092908859253,0.5051282038976745,-0.30000001192092896,-0.30000001192092896,-0.30000001192092896,-0.30000001192092896,-0.30000001192092896,-0.30000001192092896,0.30000001192092896,-0.30000001192092896,0.30000001192092896,-0.30000001192092896,-0.299900661325238
1.2999999523162842,0.3309291102170105,-0.30000001192092896,0.3103092908859253,0.3769230758976746,-0.30000001192092896,-0.30000001192092896,-0.30000001192092896,-0.30000001192092896,-0.30000001192092896,-0.30000001192092896,0.30000001192092896,-0.30000001192092896,0.30000001192092896,-0.30000001192092896,-0.256138461525238
1.2999999523162842,0.4211720602170105,-0.30000001192092896,0.4340206318859253,0.5393162378976746,-0.30000001192092896,-0.30000001192092896,-0.30000001192092896,-0.30000001192092896,-0.30000001192092896,-0.30000001192092896,0.30000001192092896,-0.24605810292092894,1.1978775169209288,-0.30000001192092896,-0.294503262525238
1.2999999523162842,0.4820644892170105,-0.30000001192092896,0.3103092908859253,0.5136752128976746,-0.30000001192092896,-0.30000001192092896,-0.30000001192092896,-0.30000001192092896,-0.30000001192092896,-0.30000001192092896,0.30000001192092896,-0.30000001192092896,0.30000001192092896,-0.30000001192092896,-0.29990043962523805
1.2999999523162842,0.3000251693170105,-0.30000001192092896,0.3103092908859253,0.2999999988976746,-0.30000001192092896,-0.22741936692092896,-0.28989900192092893,-0.30000001192092896,-0.30000001192092896,-0.30000001192092896,0.9189839689209289,-0.07178424392092894,1.077492108920929,-0.30000001192092896,-0.24818439952523802
1.2999999523162842,0.5432825682170105,-0.30000001192092896,0.3103092908859253,0.5222222208976746,-0.30000001192092896,-0.30000001192092896,-0.30000001192092896,-0.30000001192092896,-0.30000001192092896,-0.30000001192092896,0.30000001192092896,-0.30000001192092896,0.30000001192092896,-0.30000001192092896,-0.29939970752523803
1.2999999523162842,0.3921208342170105,-0.30000001192092896,0.3103092908859253,0.5051282038976745,-0.30000001192092896,-0.30000001192092896,-0.30000001192092896,-0.30000001192092896,-0.30000001192092896,-0.30000001192092896,0.30000001192092896,-0.30000001192092896,0.30000001192092896,-0.30000001192092896,-0.299686220525238
1.2999999523162842,0.4221108382170105,-0.30000001192092896,0.3103092908859253,0.5307692298976746,-0.30000001192092896,-0.30000001192092896,-0.30000001192092896,-0.30000001192092896,-0.30000001192092896,-0.30000001192092896,0.30000001192092896,-0.30000001192092896,0.30000001192092896,-0.30000001192092896,-0.29885573152523803
1.2999999523162842,0.4521008412170105,-0.30000001192092896,0.3103092908859253,0.5222222208976746,-0.30000001192092896,-0.30000001192092896,-0.30000001192092896,-0.30000001192092896,-0.30000001192092896,-0.30000001192092896,0.30000001192092896,-0.30000001192092896,0.30000001192092896,-0.30000001192092896,-0.29990043962523805
1.2999999523162842,0.5120808482170105,-0.30000001192092896,0.3103092908859253,0.5136752128976746,-0.30000001192092896,-0.30000001192092896,-0.30000001192092896,-0.30000001192092896,-0.30000001192092896,-0.30000001192092896,0.30000001192092896,-0.30000001192092896,0.30000001192092896,-0.30000001192092896,-0.299364003525238
1.2999999523162842,0.42150497921701047,-0.30000001192092896,0.3103092908859253,0.3683760668976746,-0.30000001192092896,-0.29193549592092893,-0.28989900192092893,-0.30000001192092896,-0.30000001192092896,-0.30000001192092896,0.4610962689209289,-0.30000001192092896,0.30000001192092896,-0.30000001192092896,-0.299902657225238
1.2999999523162842,0.5438884272170105,-0.30000001192092896,0.3103092908859253,0.5222222208976746,-0.30000001192092896,-0.30000001192092896,-0.30000001192092896,-0.30000001192092896,-0.30000001192092896,-0.30000001192092896,0.30000001192092896,-0.30000001192092896,0.30000001192092896,-0.30000001192092896,-0.29990088312523805
1.2999999523162842,0.5132925652170105,-0.30000001192092896,0.3103092908859253,0.5307692298976746,-0.30000001192092896,-0.30000001192092896,-0.30000001192092896,-0.30000001192092896,-0.30000001192092896,-0.30000001192092896,0.30000001192092896,-0.295850633920929,0.985206940920929,-0.30000001192092896,-0.29957933252523805
1.2999999523162842,0.5435558102170105,-0.30000001192092896,0.3103092908859253,0.5222222208976746,-0.30000001192092896,-0.30000001192092896,-0.30000001192092896,-0.30000001192092896,-0.30000001192092896,-0.30000001192092896,0.30000001192092896,-0.2875518789209289,0.831649561920929,-0.30000001192092896,-0.298857062525238
1.2999999523162842,0.4539184172170105,-0.30000001192092896,0.3103092908859253,0.5222222208976746,-0.30000001192092896,-0.30000001192092896,-0.30000001192092896,-0.30000001192092896,-0.30000001192092896,-0.30000001192092896,0.30000001192092896,-0.30000001192092896,0.30000001192092896,-0.30000001192092896,-0.29896594552523803
1.2999999523162842,0.3327360842170105,-0.30000001192092896,0.3103092908859253,0.34273504189767456,-0.30000001192092896,-0.13064517292092895,-0.28989900192092893,-0.30000001192092896,-0.30000001192092896,-0.30000001192092896,1.060026749920929,-0.30000001192092896,0.30000001192092896,-0.30000001192092896,-0.299843003525238
1.2999999523162842,0.5423737802170105,-0.30000001192092896,0.3103092908859253,0.5222222208976746,-0.30000001192092896,-0.30000001192092896,-0.30000001192092896,-0.30000001192092896,-0.30000001192092896,-0.30000001192092896,0.30000001192092896,-0.295850633920929,0.7769382279209289,-0.30000001192092896,-0.299747869525238
1.2999999523162842,0.3315061912170105,-0.30000001192092896,0.3103092908859253,0.34273504189767456,-0.30000001192092896,0.06290321407907107,0.15454544307907103,-0.30000001192092896,-0.30000001192092896,-0.30000001192092896,0.31871658992092894,-0.18381743892092894,0.981370357920929,-0.30000001192092896,-0.25717984352523804
1.2999999523162842,0.3303020472170105,-0.30000001192092896,0.3103092908859253,0.3512820498976746,-0.30000001192092896,-0.23548388292092895,-0.28989900192092893,-0.30000001192092896,-0.30000001192092896,-0.30000001192092896,0.848128353920929,-0.23775934792092895,0.726050401920929,-0.30000001192092896,-0.28441166252523803
1.2999999523162842,0.3302990172170105,-0.30000001192092896,0.3103092908859253,0.3170940158976746,-0.30000001192092896,-0.041935495920928934,0.023232311079071033,-0.30000001192092896,-0.30000001192092896,-0.30000001192092896,0.30000001192092896,-0.30000001192092896,0.30000001192092896,-0.30000001192092896,-0.29595889052523805
1.2999999523162842,0.4212020502170105,-0.30000001192092896,0.3103092908859253,0.5222222208976746,-0.30000001192092896,-0.30000001192092896,-0.30000001192092896,-0.30000001192092896,-0.30000001192092896,-0.30000001192092896,0.30000001192092896,-0.30000001192092896,0.30000001192092896,-0.30000001192092896,-0.29990132662523805
1.2999999523162842,0.4212020502170105,-0.30000001192092896,0.3103092908859253,0.3512820498976746,-0.30000001192092896,-0.27580646392092895,-0.26969698192092895,-0.30000001192092896,-0.30000001192092896,-0.30000001192092896,0.30000001192092896,-0.30000001192092896,0.30000001192092896,-0.30000001192092896,-0.299862075525238
1.2999999523162842,0.4527067002170105,-0.30000001192092896,0.3103092908859253,0.5307692298976746,-0.30000001192092896,-0.30000001192092896,-0.30000001192092896,-0.30000001192092896,-0.30000001192092896,-0.30000001192092896,0.30000001192092896,-0.2875518789209289,0.737751744920929,-0.30000001192092896,-0.29877124152523804
1.2999999523162842,0.4524037702170105,-0.30000001192092896,0.3103092908859253,0.5307692298976746,-0.30000001192092896,-0.30000001192092896,-0.30000001192092896,-0.30000001192092896,-0.30000001192092896,-0.30000001192092896,0.30000001192092896,-0.295850633920929,0.990216424920929,-0.30000001192092896,-0.298777894525238
1.2999999523162842,0.5432825682170105,-0.30000001192092896,0.3103092908859253,0.5222222208976746,-0.30000001192092896,-0.30000001192092896,-0.30000001192092896,-0.30000001192092896,-0.30000001192092896,-0.30000001192092896,0.30000001192092896,-0.30000001192092896,0.30000001192092896,-0.30000001192092896,-0.29939948552523804
1.2999999523162842,0.5735755012170105,-0.30000001192092896,0.3103092908859253,0.5222222208976746,-0.30000001192092896,-0.30000001192092896,-0.30000001192092896,-0.30000001192092896,-0.30000001192092896,-0.30000001192092896,0.30000001192092896,-0.30000001192092896,0.30000001192092896,-0.30000001192092896,-0.29990088312523805
1.2999999523162842,0.33029568521701047,-0.30000001192092896,0.5989690848859253,0.5393162378976746,-0.30000001192092896,-0.30000001192092896,-0.30000001192092896,0.699999988079071,-0.30000001192092896,-0.30000001192092896,0.30000001192092896,-0.24605810292092894,1.088932179920929,-0.30000001192092896,-0.27175142452523804
1.2999999523162842,0.30063496621701047,-0.30000001192092896,0.4649484668859253,0.5307692298976746,-0.30000001192092896,0.030645149079071066,-0.28989900192092893,-0.30000001192092896,-0.30000001192092896,-0.30000001192092896,0.30000001192092896,-0.30000001192092896,0.30000001192092896,-0.30000001192092896,-0.296829073525238
1.2999999523162842,0.3609124492170105,-0.30000001192092896,0.3103092908859253,0.3683760668976746,-0.30000001192092896,-0.22741936692092896,-0.28989900192092893,-0.30000001192092896,-0.30000001192092896,-0.30000001192092896,0.919652417920929,-0.16307055092092895,1.1279067129209288,-0.30000001192092896,-0.25235325252523805
1.2999999523162842,0.5729696422170105,-0.30000001192092896,0.3103092908859253,0.5136752128976746,-0.30000001192092896,-0.30000001192092896,-0.30000001192092896,-0.30000001192092896,-0.30000001192092896,-0.30000001192092896,0.30000001192092896,-0.30000001192092896,0.30000001192092896,-0.30000001192092896,-0.29990088312523805
1.2999999523162842,0.4221108382170105,-0.30000001192092896,0.3103092908859253,0.5136752128976746,-0.30000001192092896,-0.30000001192092896,-0.30000001192092896,-0.30000001192092896,-0.30000001192092896,-0.30000001192092896,0.30000001192092896,-0.30000001192092896,0.30000001192092896,-0.30000001192092896,-0.299217199525238
1.2999999523162842,0.5726667132170105,-0.30000001192092896,0.3103092908859253,0.5136752128976746,-0.30000001192092896,-0.30000001192092896,-0.30000001192092896,-0.30000001192092896,-0.30000001192092896,-0.30000001192092896,0.30000001192092896,-0.30000001192092896,0.30000001192092896,-0.30000001192092896,-0.29990043962523805
1.2999999523162842,0.5423483342170106,-0.30000001192092896,0.5989690848859253,0.5393162378976746,-0.30000001192092896,-0.30000001192092896,-0.30000001192092896,-0.30000001192092896,-0.30000001192092896,-0.30000001192092896,0.30000001192092896,-0.24605810292092894,0.572031290920929,-0.30000001192092896,-0.29512684952523804
1.2999999523162842,0.5135954942170105,-0.30000001192092896,0.3103092908859253,0.5136752128976746,-0.30000001192092896,-0.30000001192092896,-0.30000001192092896,-0.30000001192092896,-0.30000001192092896,-0.30000001192092896,0.30000001192092896,-0.30000001192092896,0.30000001192092896,-0.30000001192092896,-0.29936134252523805
1.2999999523162842,0.3042661802170105,-0.30000001192092896,0.3103092908859253,0.3256410248976746,-0.30000001192092896,-0.21129033492092897,-0.28989900192092893,-0.30000001192092896,-0.30000001192092896,-0.30000001192092896,0.961764717920929,-0.12157677492092894,0.708840948920929,-0.30000001192092896,-0.25744284952523805
1.2999999523162842,0.8149962392170105,-0.30000001192092896,0.3103092908859253,0.3769230758976746,-0.30000001192092896,-0.30000001192092896,-0.30000001192092896,-0.30000001192092896,-0.30000001192092896,-0.30000001192092896,0.30000001192092896,-0.295850633920929,1.003730975920929,-0.30000001192092896,-0.299723919525238
1.2999999523162842,0.3303199192170105,-0.30000001192092896,0.5268041368859253,0.5393162378976746,-0.30000001192092896,-0.30000001192092896,-0.30000001192092896,0.699999988079071,-0.30000001192092896,-0.30000001192092896,0.40628343392092897,-0.24605810292092894,0.979299344920929,-0.30000001192092896,-0.23956195552523804
1.2999999523162842,0.3618279022170105,-0.30000001192092896,0.3103092908859253,0.4709401698976746,-0.30000001192092896,-0.30000001192092896,-0.30000001192092896,-0.30000001192092896,-0.30000001192092896,-0.30000001192092896,0.30000001192092896,-0.30000001192092896,0.30000001192092896,-0.30000001192092896,-0.29945004652523805
1.2999999523162842,0.45149498221701045,-0.30000001192092896,0.3103092908859253,0.5136752128976746,-0.30000001192092896,-0.30000001192092896,-0.30000001192092896,-0.30000001192092896,-0.30000001192092896,-0.30000001192092896,0.30000001192092896,-0.30000001192092896,0.30000001192092896,-0.30000001192092896,-0.299896004525238
1.2999999523162842,0.3339375012170105,-0.30000001192092896,0.3103092908859253,0.3683760668976746,-0.30000001192092896,-0.27580646392092895,-0.28989900192092893,-0.30000001192092896,-0.30000001192092896,-0.30000001192092896,0.5974599049209289,-0.10497926492092896,1.173585533920929,-0.30000001192092896,-0.27936929952523804
1.2999999523162842,0.5438884272170105,-0.30000001192092896,0.3103092908859253,0.5222222208976746,-0.30000001192092896,-0.30000001192092896,-0.30000001192092896,-0.30000001192092896,-0.30000001192092896,-0.30000001192092896,0.30000001192092896,-0.30000001192092896,0.30000001192092896,-0.30000001192092896,-0.29990132662523805
1.2999999523162842,0.4520787272170105,-0.30000001192092896,0.3103092908859253,0.5222222208976746,-0.30000001192092896,-0.30000001192092896,-0.30000001192092896,-0.30000001192092896,-0.30000001192092896,-0.30000001192092896,0.30000001192092896,-0.30000001192092896,0.30000001192092896,-0.30000001192092896,-0.29907394252523806
1.2999999523162842,0.4820769092170105,-0.30000001192092896,0.3103092908859253,0.5051282038976745,-0.30000001192092896,-0.30000001192092896,-0.30000001192092896,-0.30000001192092896,-0.30000001192092896,-0.30000001192092896,0.30000001192092896,-0.295850633920929,0.7165446179209289,-0.30000001192092896,-0.29950171652523805
1.2999999523162842,0.5135954942170105,-0.30000001192092896,0.3103092908859253,0.5222222208976746,-0.30000001192092896,-0.30000001192092896,-0.30000001192092896,-0.30000001192092896,-0.30000001192092896,-0.30000001192092896,0.30000001192092896,-0.295850633920929,0.979299344920929,-0.30000001192092896,-0.298964393525238
1.2999999523162842,0.3003053792170105,-0.30000001192092896,0.3103092908859253,0.2999999988976746,-0.30000001192092896,-0.13870968892092894,-0.28989900192092893,-0.30000001192092896,-0.30000001192092896,-0.30000001192092896,1.062032097920929,-0.20041494992092895,0.897304123920929,-0.30000001192092896,-0.24950519852523803
1.2999999523162842,0.39242376421701053,-0.30000001192092896,0.3103092908859253,0.5136752128976746,-0.30000001192092896,-0.30000001192092896,-0.30000001192092896,-0.30000001192092896,-0.30000001192092896,-0.30000001192092896,0.30000001192092896,-0.30000001192092896,0.30000001192092896,-0.30000001192092896,-0.299328078525238
1.2999999523162842,0.5432825682170105,-0.30000001192092896,0.3103092908859253,0.5222222208976746,-0.30000001192092896,-0.30000001192092896,-0.30000001192092896,-0.30000001192092896,-0.30000001192092896,-0.30000001192092896,0.30000001192092896,-0.30000001192092896,0.30000001192092896,-0.30000001192092896,-0.29990088312523805
1.2999999523162842,0.4236254842170105,-0.30000001192092896,0.3103092908859253,0.5222222208976746,-0.30000001192092896,-0.30000001192092896,-0.30000001192092896,-0.30000001192092896,-0.30000001192092896,-0.30000001192092896,0.30000001192092896,-0.30000001192092896,0.30000001192092896,-0.30000001192092896,-0.29921742052523803
1.2999999523162842,0.3015189142170105,-0.30000001192092896,0.3103092908859253,0.3512820498976746,-0.30000001192092896,-0.09032259292092895,-0.03737374892092893,-0.30000001192092896,-0.30000001192092896,-0.30000001192092896,0.30000001192092896,-0.30000001192092896,0.30000001192092896,-0.30000001192092896,-0.299837238525238
1.2999999523162842,0.42180790821701053,-0.30000001192092896,0.3103092908859253,0.5136752128976746,-0.30000001192092896,-0.30000001192092896,-0.30000001192092896,-0.30000001192092896,-0.30000001192092896,-0.30000001192092896,0.30000001192092896,-0.30000001192092896,0.30000001192092896,-0.30000001192092896,-0.29935136352523806
1.2999999523162842,0.45149498221701045,-0.30000001192092896,0.3103092908859253,0.5136752128976746,-0.30000001192092896,-0.30000001192092896,-0.30000001192092896,-0.30000001192092896,-0.30000001192092896,-0.30000001192092896,0.30000001192092896,-0.30000001192092896,0.30000001192092896,-0.30000001192092896,-0.299900661325238
1.2999999523162842,0.3003153752170105,-0.30000001192092896,0.3103092908859253,0.2999999988976746,-0.30000001192092896,-0.07419355992092896,-0.01717172892092894,-0.30000001192092896,-0.30000001192092896,-0.30000001192092896,0.30000001192092896,-0.30000001192092896,0.30000001192092896,-0.30000001192092896,-0.28819642752523805
1.2999999523162842,0.9364848342170105,-0.30000001192092896,0.3103092908859253,0.3769230758976746,-0.30000001192092896,-0.30000001192092896,-0.30000001192092896,-0.30000001192092896,-0.30000001192092896,-0.30000001192092896,0.30000001192092896,-0.30000001192092896,0.30000001192092896,-0.30000001192092896,-0.29976139652523803
1.2999999523162842,0.3051673942170105,-0.30000001192092896,0.3103092908859253,0.3085470078976746,-0.30000001192092896,-0.11451614092092896,-0.28989900192092893,-0.30000001192092896,-0.30000001192092896,-0.30000001192092896,1.084090920920929,-0.30000001192092896,0.30000001192092896,-0.30000001192092896,-0.29984012152523803
1.2999999523162842,0.42180790821701053,-0.30000001192092896,0.3103092908859253,0.5222222208976746,-0.30000001192092896,-0.30000001192092896,-0.30000001192092896,-0.30000001192092896,-0.30000001192092896,-0.30000001192092896,0.30000001192092896,-0.295850633920929,0.7165446179209289,-0.30000001192092896,-0.299757404525238
1.2999999523162842,0.3306222432170105,-0.30000001192092896,0.33092784788592533,0.5393162378976746,-0.30000001192092896,-0.30000001192092896,-0.30000001192092896,0.699999988079071,-0.30000001192092896,-0.30000001192092896,0.30000001192092896,-0.24605810292092894,0.7354971079209289,-0.30000001192092896,-0.24825891052523802
1.2999999523162842,0.42150497921701047,-0.30000001192092896,0.3103092908859253,0.5136752128976746,-0.30000001192092896,-0.30000001192092896,-0.30000001192092896,-0.30000001192092896,-0.30000001192092896,-0.30000001192092896,0.30000001192092896,-0.29170125692092896,0.676590412920929,-0.30000001192092896,-0.298890104525238
1.2999999523162842,0.33304779821701047,-0.30000001192092896,0.3103092908859253,0.38547008389767456,-0.30000001192092896,-0.28387097992092897,-0.27979799192092897,-0.30000001192092896,-0.30000001192092896,-0.30000001192092896,0.30000001192092896,-0.30000001192092896,0.30000001192092896,-0.30000001192092896,-0.29984189552523804
1.2999999523162842,0.36089033521701047,-0.30000001192092896,0.3103092908859253,0.3598290588976746,-0.30000001192092896,-0.25967743092092893,-0.24949496092092896,-0.30000001192092896,-0.30000001192092896,-0.30000001192092896,0.336096268920929,-0.30000001192092896,0.30000001192092896,-0.30000001192092896,-0.29986340552523805
1.2999999523162842,0.36061618421701047,-0.30000001192092896,0.3103092908859253,0.3769230758976746,-0.30000001192092896,-0.25161291492092897,-0.28989900192092893,-0.30000001192092896,-0.30000001192092896,-0.30000001192092896,0.8247326319209289,-0.026141090920928978,0.992381329920929,-0.30000001192092896,-0.25133360352523804
1.2999999523162842,0.4521008412170105,-0.30000001192092896,0.3103092908859253,0.5136752128976746,-0.30000001192092896,-0.30000001192092896,-0.30000001192092896,-0.30000001192092896,-0.30000001192092896,-0.30000001192092896,0.30000001192092896,-0.30000001192092896,0.30000001192092896,-0.30000001192092896,-0.298715801525238
1.2999999523162842,0.5123837772170106,-0.30000001192092896,0.3103092908859253,0.3769230758976746,-0.30000001192092896,-0.30000001192092896,-0.30000001192092896,-0.30000001192092896,-0.30000001192092896,-0.30000001192092896,0.30000001192092896,-0.30000001192092896,0.30000001192092896,-0.30000001192092896,-0.29978312852523803
1.2999999523162842,0.4823877152170105,-0.30000001192092896,0.3103092908859253,0.5222222208976746,-0.30000001192092896,-0.30000001192092896,-0.30000001192092896,-0.30000001192092896,-0.30000001192092896,-0.30000001192092896,0.30000001192092896,-0.30000001192092896,0.30000001192092896,-0.30000001192092896,-0.29990132662523805
1.2999999523162842,0.6032531842170106,-0.30000001192092896,0.3103092908859253,0.5222222208976746,-0.30000001192092896,-0.30000001192092896,-0.30000001192092896,-0.30000001192092896,-0.30000001192092896,-0.30000001192092896,0.30000001192092896,-0.30000001192092896,0.30000001192092896,-0.30000001192092896,-0.29990154842523803
1.2999999523162842,0.3027415362170105,-0.30000001192092896,0.3103092908859253,0.3256410248976746,-0.30000001192092896,0.08709676207907102,-0.28989900192092893,-0.30000001192092896,-0.30000001192092896,-0.30000001192092896,1.166310171920929,-0.30000001192092896,0.30000001192092896,-0.30000001192092896,-0.29984034252523806
1.2999999523162842,0.4524037702170105,-0.30000001192092896,0.3103092908859253,0.5051282038976745,-0.30000001192092896,-0.30000001192092896,-0.30000001192092896,-0.30000001192092896,-0.30000001192092896,-0.30000001192092896,0.30000001192092896,-0.2875518789209289,0.8893623089209289,-0.30000001192092896,-0.298678324525238
1.2999999523162842,0.4212020502170105,-0.30000001192092896,0.3103092908859253,0.5136752128976746,-0.30000001192092896,-0.30000001192092896,-0.30000001192092896,-0.30000001192092896,-0.30000001192092896,-0.30000001192092896,0.30000001192092896,-0.30000001192092896,0.30000001192092896,-0.30000001192092896,-0.29990088312523805
1.2999999523162842,0.42271669621701047,-0.30000001192092896,0.3103092908859253,0.5307692298976746,-0.30000001192092896,-0.30000001192092896,-0.30000001192092896,-0.30000001192092896,-0.30000001192092896,-0.30000001192092896,0.30000001192092896,-0.30000001192092896,0.30000001192092896,-0.30000001192092896,-0.29990132662523805
1.2999999523162842,0.4820908442170105,-0.30000001192092896,0.3103092908859253,0.3598290588976746,-0.30000001192092896,-0.29193549592092893,-0.28989900192092893,-0.30000001192092896,-0.30000001192092896,-0.30000001192092896,0.4610962689209289,0.699999988079071,1.014219106920929,-0.30000001192092896,-0.25573752152523804
1.2999999523162842,0.4521008412170105,-0.30000001192092896,0.3103092908859253,0.5136752128976746,-0.30000001192092896,-0.30000001192092896,-0.30000001192092896,-0.30000001192092896,-0.30000001192092896,-0.30000001192092896,0.30000001192092896,-0.295850633920929,0.8485767959209289,-0.30000001192092896,-0.299665152525238
1.2999999523162842,0.3051689092170105,-0.30000001192092896,0.3103092908859253,0.3170940158976746,-0.30000001192092896,0.2725806330790711,0.4171717050790711,-0.30000001192092896,-0.30000001192092896,-0.30000001192092896,0.30000001192092896,-0.30000001192092896,0.30000001192092896,-0.30000001192092896,-0.29983989952523804
1.2999999523162842,0.3030426482170105,-0.30000001192092896,0.3103092908859253,0.33418803289767457,-0.30000001192092896,0.06290321407907107,0.15454544307907103,-0.30000001192092896,-0.30000001192092896,-0.30000001192092896,0.30000001192092896,-0.30000001192092896,0.30000001192092896,-0.30000001192092896,-0.29983945552523805
1.2999999523162842,0.3321235612170105,-0.30000001192092896,0.3103092908859253,0.34273504189767456,-0.30000001192092896,-0.009677430920928931,0.06363635207907103,-0.30000001192092896,-0.30000001192092896,-0.30000001192092896,0.30000001192092896,-0.30000001192092896,0.30000001192092896,-0.30000001192092896,-0.29984034252523806
1.2999999523162842,0.3918179052170105,-0.30000001192092896,0.3103092908859253,0.3769230758976746,-0.30000001192092896,-0.27580646392092895,-0.26969698192092895,-0.30000001192092896,-0.30000001192092896,-0.30000001192092896,0.30000001192092896,-0.30000001192092896,0.30000001192092896,-0.30000001192092896,-0.295985944525238
1.2999999523162842,0.3018285072170105,-0.30000001192092896,0.3103092908859253,0.3512820498976746,-0.30000001192092896,-0.15483872192092896,-0.28989900192092893,-0.30000001192092896,-0.30000001192092896,-0.30000001192092896,1.0459893169209291,-0.14647304092092894,0.917708219920929,-0.30000001192092896,-0.25491013752523806
1.2999999523162842,0.3045463892170105,-0.30000001192092896,0.3103092908859253,0.3512820498976746,-0.30000001192092896,-0.13870968892092894,-0.09797980992092895,-0.30000001192092896,-0.30000001192092896,-0.30000001192092896,0.30000001192092896,-0.30000001192092896,0.30000001192092896,-0.30000001192092896,-0.29983989952523804
1.2999999523162842,0.4517979122170105,-0.30000001192092896,0.3103092908859253,0.5136752128976746,-0.30000001192092896,-0.30000001192092896,-0.30000001192092896,-0.30000001192092896,-0.30000001192092896,-0.30000001192092896,0.30000001192092896,-0.29170125692092896,0.9188818659209289,-0.30000001192092896,-0.297002267525238
1.2999999523162842,0.3027400222170105,-0.30000001192092896,0.4134020748859253,0.4367521358976746,-0.30000001192092896,-0.26774194692092895,-0.28989900192092893,-0.30000001192092896,-0.30000001192092896,-0.30000001192092896,0.7278074989209289,0.363900403079071,0.766397456920929,-0.30000001192092896,-0.22531569452523803
1.2999999523162842,0.42150497921701047,-0.30000001192092896,0.3103092908859253,0.5222222208976746,-0.30000001192092896,-0.30000001192092896,-0.30000001192092896,-0.30000001192092896,-0.30000001192092896,-0.30000001192092896,0.30000001192092896,-0.30000001192092896,0.30000001192092896,-0.30000001192092896,-0.281933502525238
0.2999999523162842,0.3036421452170105,-0.11674485092092896,0.3000000128859253,0.33418803289767457,0.699999988079071,-0.30000001192092896,-0.30000001192092896,0.699999988079071,0.033333321079071054,-0.19211619492092896,0.30000001192092896,-0.30000001192092896,0.30000001192092896,-0.16666667892092896,-0.29892314652523805
1.2999999523162842,0.3618279022170105,-0.30000001192092896,0.3103092908859253,0.34273504189767456,-0.30000001192092896,-0.21935485092092893,-0.19898991092092894,-0.30000001192092896,-0.30000001192092896,-0.30000001192092896,0.39959894192092893,0.04439832807907107,0.905518600920929,-0.30000001192092896,-0.25929032652523804
1.2999999523162842,0.3627124552170105,-0.30000001192092896,0.3103092908859253,0.3256410248976746,-0.30000001192092896,-0.025806463920928946,0.04343433107907102,-0.30000001192092896,-0.30000001192092896,-0.30000001192092896,0.30000001192092896,-0.30000001192092896,0.30000001192092896,-0.30000001192092896,-0.29984876952523803
1.2999999523162842,1.2088182992170105,-0.30000001192092896,0.3103092908859253,0.3769230758976746,-0.30000001192092896,-0.30000001192092896,-0.30000001192092896,-0.30000001192092896,-0.30000001192092896,-0.30000001192092896,0.30000001192092896,-0.295850633920929,0.9164036419209289,-0.30000001192092896,-0.299807078525238
1.2999999523162842,0.42271669621701047,-0.30000001192092896,0.3103092908859253,0.3940170928976746,-0.30000001192092896,-0.29193549592092893,-0.28989900192092893,-0.30000001192092896,-0.30000001192092896,-0.30000001192092896,0.4610962689209289,0.17302903407907105,0.7089505379209289,-0.30000001192092896,-0.27577768652523804
1.2999999523162842,0.4527067002170105,-0.30000001192092896,0.3103092908859253,0.5222222208976746,-0.30000001192092896,-0.30000001192092896,-0.30000001192092896,-0.30000001192092896,-0.30000001192092896,-0.30000001192092896,0.30000001192092896,-0.30000001192092896,0.30000001192092896,-0.30000001192092896,-0.29918504452523803
1.2999999523162842,0.39242376421701053,-0.30000001192092896,0.3103092908859253,0.5136752128976746,-0.30000001192092896,-0.30000001192092896,-0.30000001192092896,-0.30000001192092896,-0.30000001192092896,-0.30000001192092896,0.30000001192092896,-0.30000001192092896,0.30000001192092896,-0.30000001192092896,-0.299328300525238
1.2999999523162842,0.4829996322170105,-0.30000001192092896,0.3103092908859253,0.5136752128976746,-0.30000001192092896,-0.30000001192092896,-0.30000001192092896,-0.30000001192092896,-0.30000001192092896,-0.30000001192092896,0.30000001192092896,-0.2875518789209289,0.927516626920929,-0.30000001192092896,-0.298689412525238
1.2999999523162842,0.3006131552170105,-0.30000001192092896,0.3103092908859253,0.34273504189767456,-0.30000001192092896,-0.23548388292092895,-0.21919193092092895,-0.30000001192092896,-0.30000001192092896,-0.30000001192092896,0.30000001192092896,-0.30000001192092896,0.30000001192092896,-0.30000001192092896,-0.29845501252523804
1.2999999523162842,0.3636354812170105,-0.30000001192092896,0.3103092908859253,0.3598290588976746,-0.30000001192092896,-0.24354839892092894,-0.28989900192092893,-0.30000001192092896,-0.30000001192092896,-0.30000001192092896,0.735828888920929,-0.30000001192092896,0.30000001192092896,-0.30000001192092896,-0.29984943452523805
1.2999999523162842,0.5126867062170105,-0.30000001192092896,0.3103092908859253,0.5222222208976746,-0.30000001192092896,-0.30000001192092896,-0.30000001192092896,-0.30000001192092896,-0.30000001192092896,-0.30000001192092896,0.30000001192092896,-0.30000001192092896,0.30000001192092896,-0.30000001192092896,-0.29929104552523805
1.2999999523162842,0.3033525452170105,-0.30000001192092896,0.3103092908859253,0.33418803289767457,-0.30000001192092896,-0.16290323792092895,-0.28989900192092893,-0.30000001192092896,-0.30000001192092896,-0.30000001192092896,1.038636375920929,-0.30000001192092896,0.30000001192092896,-0.30000001192092896,-0.299834355525238
1.2999999523162842,0.4517979122170105,-0.30000001192092896,0.3103092908859253,0.5222222208976746,-0.30000001192092896,-0.30000001192092896,-0.30000001192092896,-0.30000001192092896,-0.30000001192092896,-0.30000001192092896,0.30000001192092896,-0.30000001192092896,0.30000001192092896,-0.30000001192092896,-0.29990088312523805
1.2999999523162842,0.3615249722170105,-0.30000001192092896,0.3103092908859253,0.38547008389767456,-0.30000001192092896,-0.29193549592092893,-0.28989900192092893,-0.30000001192092896,-0.30000001192092896,-0.30000001192092896,0.4610962689209289,-0.30000001192092896,0.30000001192092896,-0.30000001192092896,-0.299897113525238
1.2999999523162842,0.39210568821701053,-0.30000001192092896,0.3103092908859253,0.38547008389767456,-0.30000001192092896,-0.28387097992092897,-0.28989900192092893,-0.30000001192092896,-0.30000001192092896,-0.30000001192092896,0.575401081920929,-0.30000001192092896,0.30000001192092896,-0.30000001192092896,-0.26788305552523806
1.2999999523162842,0.3345430572170105,-0.30000001192092896,0.3103092908859253,0.3598290588976746,-0.30000001192092896,-0.21129033492092897,-0.18888890092092897,-0.30000001192092896,-0.30000001192092896,-0.30000001192092896,0.961764717920929,0.07344397107907102,0.726050401920929,-0.30000001192092896,-0.24573218552523804
1.2999999523162842,0.5135954942170105,-0.30000001192092896,0.3103092908859253,0.5222222208976746,-0.30000001192092896,-0.30000001192092896,-0.30000001192092896,-0.30000001192092896,-0.30000001192092896,-0.30000001192092896,0.30000001192092896,-0.30000001192092896,0.30000001192092896,-0.30000001192092896,-0.29725085952523805
1.2999999523162842,0.3000003291460105,-0.30000001192092896,0.4237113528859253,0.2999999988976746,-0.30000001192092896,-0.30000001192092896,-0.30000001192092896,0.699999988079071,-0.30000001192092896,-0.30000001192092896,0.8962566959209289,-0.24605810292092894,1.1978775169209288,-0.30000001192092896,-0.256797086525238
1.2999999523162842,0.3306240602170105,-0.30000001192092896,0.3103092908859253,0.33418803289767457,-0.30000001192092896,-0.14677420592092896,-0.10808081992092897,-0.30000001192092896,-0.30000001192092896,-0.30000001192092896,0.30000001192092896,-0.30000001192092896,0.30000001192092896,-0.30000001192092896,-0.29983945552523805
1.2999999523162842,0.3342504272170105,-0.30000001192092896,0.3103092908859253,0.3256410248976746,-0.30000001192092896,-0.050000011920928955,0.013131301079071067,-0.30000001192092896,-0.30000001192092896,-0.30000001192092896,0.30000001192092896,-0.30000001192092896,0.30000001192092896,-0.30000001192092896,-0.28147046852523805
1.2999999523162842,0.5120808482170105,-0.30000001192092896,0.3103092908859253,0.5222222208976746,-0.30000001192092896,-0.30000001192092896,-0.30000001192092896,-0.30000001192092896,-0.30000001192092896,-0.30000001192092896,0.30000001192092896,-0.30000001192092896,0.30000001192092896,-0.30000001192092896,-0.29939926352523805
1.2999999523162842,0.4817721632170105,-0.30000001192092896,0.3103092908859253,0.5222222208976746,-0.30000001192092896,-0.30000001192092896,-0.30000001192092896,-0.30000001192092896,-0.30000001192092896,-0.30000001192092896,0.30000001192092896,-0.30000001192092896,0.30000001192092896,-0.30000001192092896,-0.29990088312523805
1.2999999523162842,0.3936133672170105,-0.30000001192092896,0.3103092908859253,0.5136752128976746,-0.30000001192092896,-0.30000001192092896,-0.30000001192092896,-0.30000001192092896,-0.30000001192092896,-0.30000001192092896,0.30000001192092896,-0.29170125692092896,0.911283526920929,-0.30000001192092896,-0.299843447525238
1.2999999523162842,0.36061618421701047,-0.30000001192092896,0.3103092908859253,0.3598290588976746,-0.30000001192092896,-0.27580646392092895,-0.28989900192092893,-0.30000001192092896,-0.30000001192092896,-0.30000001192092896,0.6629679259209289,0.04439832807907107,0.897304123920929,-0.30000001192092896,-0.252045672525238
1.2999999523162842,0.3036412372170105,-0.30000001192092896,0.3103092908859253,0.3683760668976746,-0.30000001192092896,-0.24354839892092894,-0.28989900192092893,-0.30000001192092896,-0.30000001192092896,-0.30000001192092896,0.861497337920929,-0.07593362192092895,0.950088698920929,-0.30000001192092896,-0.24707582552523805
0.2999999523162842,0.3048762792170105,-0.16666429492092896,0.3000000128859253,0.3170940158976746,0.699999988079071,-0.30000001192092896,-0.30000001192092896,0.699999988079071,-0.07777778992092896,-0.13402490792092894,0.30000001192092896,-0.30000001192092896,0.30000001192092896,-0.16666667892092896,-0.29843128452523804
1.2999999523162842,0.3918179052170105,-0.30000001192092896,0.3103092908859253,0.5222222208976746,-0.30000001192092896,-0.30000001192092896,-0.30000001192092896,-0.30000001192092896,-0.30000001192092896,-0.30000001192092896,0.30000001192092896,-0.30000001192092896,0.30000001192092896,-0.30000001192092896,-0.299530766525238
1.2999999523162842,0.3048556802170105,-0.30000001192092896,0.3103092908859253,0.34273504189767456,-0.30000001192092896,-0.15483872192092896,-0.11818182992092896,-0.30000001192092896,-0.30000001192092896,-0.30000001192092896,0.30000001192092896,-0.30000001192092896,0.30000001192092896,-0.30000001192092896,-0.29984056452523805
1.2999999523162842,0.39333255221701047,-0.30000001192092896,0.3103092908859253,0.5051282038976745,-0.30000001192092896,-0.30000001192092896,-0.30000001192092896,-0.30000001192092896,-0.30000001192092896,-0.30000001192092896,0.30000001192092896,-0.30000001192092896,0.30000001192092896,-0.30000001192092896,-0.298930686525238
1.2999999523162842,0.8758789752170105,-0.30000001192092896,0.3103092908859253,0.3769230758976746,-0.30000001192092896,-0.30000001192092896,-0.30000001192092896,-0.30000001192092896,-0.30000001192092896,-0.30000001192092896,0.30000001192092896,-0.30000001192092896,0.30000001192092896,-0.30000001192092896,-0.299604390525238
1.2999999523162842,0.4517915502170105,-0.30000001192092896,0.3103092908859253,0.5307692298976746,-0.30000001192092896,-0.30000001192092896,-0.30000001192092896,-0.30000001192092896,-0.30000001192092896,-0.30000001192092896,0.30000001192092896,-0.30000001192092896,0.30000001192092896,-0.30000001192092896,-0.29917462152523805
1.2999999523162842,0.4817879152170105,-0.30000001192092896,0.3103092908859253,0.5222222208976746,-0.30000001192092896,-0.30000001192092896,-0.30000001192092896,-0.30000001192092896,-0.30000001192092896,-0.30000001192092896,0.30000001192092896,-0.295850633920929,0.6740299839209289,-0.30000001192092896,-0.296857902525238
1.2999999523162842,0.5123698422170104,-0.30000001192092896,0.3103092908859253,0.4880341868976746,-0.30000001192092896,-0.29193549592092893,-0.28989900192092893,-0.30000001192092896,-0.30000001192092896,-0.30000001192092896,0.450401081920929,0.633609947079071,1.003730975920929,-0.30000001192092896,-0.21409201352523805
1.2999999523162842,0.5135954942170105,-0.30000001192092896,0.3103092908859253,0.5136752128976746,-0.30000001192092896,-0.30000001192092896,-0.30000001192092896,-0.30000001192092896,-0.30000001192092896,-0.30000001192092896,0.30000001192092896,-0.30000001192092896,0.30000001192092896,-0.30000001192092896,-0.299901104925238
1.2999999523162842,0.5126867062170105,-0.30000001192092896,0.3103092908859253,0.5136752128976746,-0.30000001192092896,-0.30000001192092896,-0.30000001192092896,-0.30000001192092896,-0.30000001192092896,-0.30000001192092896,0.30000001192092896,-0.30000001192092896,0.30000001192092896,-0.30000001192092896,-0.299901104925238
1.2999999523162842,0.4224137672170105,-0.30000001192092896,0.3103092908859253,0.5222222208976746,-0.30000001192092896,-0.30000001192092896,-0.30000001192092896,-0.30000001192092896,-0.30000001192092896,-0.30000001192092896,0.30000001192092896,-0.295850633920929,0.7089505379209289,-0.30000001192092896,-0.29918504452523803
1.2999999523162842,0.42271669621701047,-0.30000001192092896,0.3103092908859253,0.4965811958976746,-0.30000001192092896,-0.30000001192092896,-0.30000001192092896,-0.30000001192092896,-0.30000001192092896,-0.30000001192092896,0.30000001192092896,-0.295850633920929,0.855148912920929,-0.30000001192092896,-0.298966611525238
1.2999999523162842,0.3930244722170105,-0.30000001192092896,0.3103092908859253,0.3256410248976746,-0.30000001192092896,-0.20322581792092898,-0.28989900192092893,-0.30000001192092896,-0.30000001192092896,-0.30000001192092896,0.981818193920929,-0.11327801992092895,0.708840948920929,-0.30000001192092896,-0.25866319152523803
1.2999999523162842,0.3618279022170105,-0.30000001192092896,0.3103092908859253,0.5222222208976746,-0.30000001192092896,-0.30000001192092896,-0.30000001192092896,-0.30000001192092896,-0.30000001192092896,-0.30000001192092896,0.30000001192092896,-0.295850633920929,0.965039404920929,-0.30000001192092896,-0.270905634525238
1.2999999523162842,0.45178670321701053,-0.30000001192092896,0.3103092908859253,0.5222222208976746,-0.30000001192092896,-0.30000001192092896,-0.30000001192092896,-0.30000001192092896,-0.30000001192092896,-0.30000001192092896,0.30000001192092896,-0.30000001192092896,0.30000001192092896,-0.30000001192092896,-0.29960172952523806
1.2999999523162842,0.3003296132170105,-0.30000001192092896,0.3103092908859253,0.3512820498976746,-0.30000001192092896,-0.041935495920928934,0.023232311079071033,-0.30000001192092896,-0.30000001192092896,-0.30000001192092896,0.30000001192092896,-0.30000001192092896,0.30000001192092896,-0.30000001192092896,-0.29983989952523804
1.2999999523162842,0.3914901352170105,-0.30000001192092896,0.3103092908859253,0.33418803289767457,-0.30000001192092896,-0.25161291492092897,-0.23939395092092897,-0.30000001192092896,-0.30000001192092896,-0.30000001192092896,0.30000001192092896,-0.30000001192092896,0.30000001192092896,-0.30000001192092896,-0.299846995525238
1.2999999523162842,0.3921208342170105,-0.30000001192092896,0.3103092908859253,0.3598290588976746,-0.30000001192092896,-0.21935485092092893,-0.19898991092092894,-0.30000001192092896,-0.30000001192092896,-0.30000001192092896,0.30000001192092896,-0.30000001192092896,0.30000001192092896,-0.30000001192092896,-0.29985564452523805
1.2999999523162842,0.3024455742170105,-0.30000001192092896,0.3103092908859253,0.33418803289767457,-0.30000001192092896,0.046774182079071025,-0.28989900192092893,-0.30000001192092896,-0.30000001192092896,-0.30000001192092896,1.162299476920929,-0.30000001192092896,0.30000001192092896,-0.30000001192092896,-0.29983901252523804
1.2999999523162842,0.5120808482170105,-0.30000001192092896,0.3103092908859253,0.5136752128976746,-0.30000001192092896,-0.30000001192092896,-0.30000001192092896,-0.30000001192092896,-0.30000001192092896,-0.30000001192092896,0.30000001192092896,-0.295850633920929,0.751065240920929,-0.30000001192092896,-0.299364003525238
1.2999999523162842,0.3000239576170105,-0.30000001192092896,0.3103092908859253,0.2999999988976746,-0.30000001192092896,-0.15483872192092896,-0.28989900192092893,-0.30000001192092896,-0.30000001192092896,-0.30000001192092896,1.0459893169209291,-0.14647304092092894,0.8365443559209289,-0.30000001192092896,-0.24853899252523803
1.2999999523162842,0.4526939772170105,-0.30000001192092896,0.3103092908859253,0.5222222208976746,-0.30000001192092896,-0.30000001192092896,-0.30000001192092896,-0.30000001192092896,-0.30000001192092896,-0.30000001192092896,0.30000001192092896,-0.30000001192092896,0.30000001192092896,-0.30000001192092896,-0.299900217825238
1.2999999523162842,0.3006067932170105,-0.30000001192092896,0.3103092908859253,0.3085470078976746,-0.30000001192092896,0.280645149079071,-0.28989900192092893,-0.30000001192092896,-0.30000001192092896,-0.30000001192092896,1.166310171920929,-0.30000001192092896,0.30000001192092896,-0.30000001192092896,-0.29983479852523803
1.2999999523162842,0.5135954942170105,-0.30000001192092896,0.3103092908859253,0.5136752128976746,-0.30000001192092896,-0.30000001192092896,-0.30000001192092896,-0.30000001192092896,-0.30000001192092896,-0.30000001192092896,0.30000001192092896,-0.30000001192092896,0.30000001192092896,-0.30000001192092896,-0.29936378252523804
1.2999999523162842,0.3048478042170105,-0.30000001192092896,0.3103092908859253,0.34273504189767456,-0.30000001192092896,-0.21129033492092897,-0.18888890092092897,-0.30000001192092896,-0.30000001192092896,-0.30000001192092896,0.30000001192092896,-0.30000001192092896,0.30000001192092896,-0.30000001192092896,-0.292280125525238
1.2999999523162842,0.4817715572170105,-0.30000001192092896,0.3103092908859253,0.5136752128976746,-0.30000001192092896,-0.30000001192092896,-0.30000001192092896,-0.30000001192092896,-0.30000001192092896,-0.30000001192092896,0.30000001192092896,-0.295850633920929,1.054287704920929,-0.30000001192092896,-0.29939992852523806
1.2999999523162842,0.42180790821701053,-0.30000001192092896,0.3103092908859253,0.3256410248976746,-0.30000001192092896,-0.23548388292092895,-0.21919193092092895,-0.30000001192092896,-0.30000001192092896,-0.30000001192092896,0.30000001192092896,-0.30000001192092896,0.30000001192092896,-0.30000001192092896,-0.29985364852523805
1.2999999523162842,0.5123837772170106,-0.30000001192092896,0.3103092908859253,0.5222222208976746,-0.30000001192092896,-0.30000001192092896,-0.30000001192092896,-0.30000001192092896,-0.30000001192092896,-0.30000001192092896,0.30000001192092896,-0.30000001192092896,0.30000001192092896,-0.30000001192092896,-0.299863184525238
1.2999999523162842,0.3027303282170105,-0.30000001192092896,0.3103092908859253,0.3598290588976746,-0.30000001192092896,-0.09032259292092895,-0.28989900192092893,-0.30000001192092896,-0.30000001192092896,-0.30000001192092896,1.032620332920929,-0.20871370492092894,0.695747523920929,-0.30000001192092896,-0.250486039525238
1.2999999523162842,0.3608973032170105,-0.30000001192092896,0.3824742398859253,0.5393162378976746,-0.30000001192092896,-0.30000001192092896,-0.30000001192092896,-0.30000001192092896,-0.30000001192092896,-0.30000001192092896,0.30000001192092896,-0.24605810292092894,0.927516626920929,-0.30000001192092896,-0.269395453525238
1.2999999523162842,0.3039620392170105,-0.30000001192092896,0.3103092908859253,0.3512820498976746,-0.30000001192092896,-0.09838710892092895,-0.28989900192092893,-0.30000001192092896,-0.30000001192092896,-0.30000001192092896,1.1021390489209288,-0.30000001192092896,0.30000001192092896,-0.30000001192092896,-0.24874434152523803
1.2999999523162842,0.6032625752170104,-0.30000001192092896,0.3103092908859253,0.3769230758976746,-0.30000001192092896,-0.30000001192092896,-0.30000001192092896,-0.30000001192092896,-0.30000001192092896,-0.30000001192092896,0.30000001192092896,-0.295850633920929,0.901223653920929,-0.30000001192092896,-0.29970240852523805
1.2999999523162842,0.4214749892170105,-0.30000001192092896,1.2484536208859254,0.2999999988976746,-0.30000001192092896,-0.30000001192092896,-0.30000001192092896,-0.30000001192092896,-0.30000001192092896,-0.30000001192092896,0.30000001192092896,-0.24605810292092894,1.1978775169209288,-0.30000001192092896,-0.29431654052523804
1.2999999523162842,0.30485386321701047,-0.30000001192092896,0.3103092908859253,0.33418803289767457,-0.30000001192092896,-0.041935495920928934,0.023232311079071033,-0.30000001192092896,-0.30000001192092896,-0.30000001192092896,0.30000001192092896,-0.30000001192092896,0.30000001192092896,-0.30000001192092896,-0.29984078652523805
1.2999999523162842,0.4224137672170105,-0.30000001192092896,0.3103092908859253,0.5051282038976745,-0.30000001192092896,-0.30000001192092896,-0.30000001192092896,-0.30000001192092896,-0.30000001192092896,-0.30000001192092896,0.30000001192092896,-0.30000001192092896,0.30000001192092896,-0.30000001192092896,-0.29989533952523806
1.2999999523162842,0.5426767102170105,-0.30000001192092896,0.3103092908859253,0.5222222208976746,-0.30000001192092896,-0.30000001192092896,-0.30000001192092896,-0.30000001192092896,-0.30000001192092896,-0.30000001192092896,0.30000001192092896,-0.295850633920929,0.905518600920929,-0.30000001192092896,-0.29918526552523805
1.2999999523162842,0.4542213462170105,-0.30000001192092896,0.3103092908859253,0.5307692298976746,-0.30000001192092896,-0.30000001192092896,-0.30000001192092896,-0.30000001192092896,-0.30000001192092896,-0.30000001192092896,0.30000001192092896,-0.30000001192092896,0.30000001192092896,-0.30000001192092896,-0.29946468252523806
1.2999999523162842,0.3333292192170105,-0.30000001192092896,0.3103092908859253,0.3256410248976746,-0.30000001192092896,-0.10645162492092897,-0.28989900192092893,-0.30000001192092896,-0.30000001192092896,-0.30000001192092896,1.0774064289209289,-0.17551868392092895,0.909611701920929,-0.30000001192092896,-0.24875964352523802
1.2999999523162842,0.3051640622170105,-0.30000001192092896,0.3103092908859253,0.3256410248976746,-0.30000001192092896,-0.19516130192092895,-0.16868688092092896,-0.30000001192092896,-0.30000001192092896,-0.30000001192092896,0.30000001192092896,-0.30000001192092896,0.30000001192092896,-0.30000001192092896,-0.29983679452523804
1.2999999523162842,0.3924031642170105,-0.30000001192092896,0.3103092908859253,0.5136752128976746,-0.30000001192092896,-0.30000001192092896,-0.30000001192092896,-0.30000001192092896,-0.30000001192092896,-0.30000001192092896,0.30000001192092896,-0.295850633920929,1.110981954920929,-0.30000001192092896,-0.29939438452523803
1.2999999523162842,0.3618279022170105,-0.30000001192092896,0.3103092908859253,0.34273504189767456,-0.30000001192092896,-0.28387097992092897,-0.27979799192092897,-0.30000001192092896,-0.30000001192092896,-0.30000001192092896,0.4236631139209289,-0.27510374592092895,1.110981954920929,-0.30000001192092896,-0.29849492952523804
1.2999999523162842,0.9364848342170105,-0.30000001192092896,0.3103092908859253,0.3769230758976746,-0.30000001192092896,-0.30000001192092896,-0.30000001192092896,-0.30000001192092896,-0.30000001192092896,-0.30000001192092896,0.30000001192092896,-0.283402501920929,0.990216424920929,-0.30000001192092896,-0.29945026852523804
1.2999999523162842,0.3908997262170105,-0.30000001192092896,0.44432990988592536,0.4794871778976746,-0.30000001192092896,-0.30000001192092896,-0.30000001192092896,-0.30000001192092896,-0.30000001192092896,-0.30000001192092896,0.30000001192092896,-0.24605810292092894,0.765188056920929,-0.30000001192092896,-0.29509691152523804
1.2999999523162842,0.5132925652170105,-0.30000001192092896,0.3103092908859253,0.5051282038976745,-0.30000001192092896,-0.30000001192092896,-0.30000001192092896,-0.30000001192092896,-0.30000001192092896,-0.30000001192092896,0.30000001192092896,-0.30000001192092896,0.30000001192092896,-0.30000001192092896,-0.299901104925238
1.2999999523162842,0.3012281012170105,-0.30000001192092896,0.3412371258859253,0.5307692298976746,-0.30000001192092896,-0.30000001192092896,-0.30000001192092896,-0.30000001192092896,-0.30000001192092896,-0.30000001192092896,0.30000001192092896,-0.24605810292092894,1.300000011920929,-0.30000001192092896,-0.26991902752523805
1.2999999523162842,0.45149498221701045,-0.30000001192092896,0.3103092908859253,0.4111111098976746,-0.30000001192092896,-0.28387097992092897,-0.28989900192092893,-0.30000001192092896,-0.30000001192092896,-0.30000001192092896,0.575401081920929,0.11493774707907106,1.112000005920929,-0.30000001192092896,-0.26146822452523805
1.2999999523162842,0.3003032582170105,-0.30000001192092896,0.6917525898859254,0.2999999988976746,-0.30000001192092896,0.4661290200790711,-0.28989900192092893,-0.30000001192092896,-0.30000001192092896,-0.30000001192092896,1.1890374449209289,-0.24190872592092896,1.1978775169209288,-0.30000001192092896,-0.23429849852523804
1.2999999523162842,0.3318297192170105,-0.30000001192092896,0.3103092908859253,0.3256410248976746,-0.30000001192092896,-0.03387097992092897,-0.28989900192092893,-0.30000001192092896,-0.30000001192092896,-0.30000001192092896,1.138235305920929,-0.21701245992092894,0.7782413209209289,-0.30000001192092896,-0.252671698525238
1.2999999523162842,0.3018412302170105,-0.30000001192092896,0.3103092908859253,0.3256410248976746,-0.30000001192092896,-0.09838710892092895,-0.28989900192092893,-0.30000001192092896,-0.30000001192092896,-0.30000001192092896,1.1021390489209288,-0.30000001192092896,0.30000001192092896,-0.30000001192092896,-0.29983967752523805
1.2999999523162842,0.5432825682170105,-0.30000001192092896,0.3103092908859253,0.5222222208976746,-0.30000001192092896,-0.30000001192092896,-0.30000001192092896,-0.30000001192092896,-0.30000001192092896,-0.30000001192092896,0.30000001192092896,-0.30000001192092896,0.30000001192092896,-0.30000001192092896,-0.299901104925238
1.2999999523162842,0.4224137672170105,-0.30000001192092896,0.3103092908859253,0.5136752128976746,-0.30000001192092896,-0.30000001192092896,-0.30000001192092896,-0.30000001192092896,-0.30000001192092896,-0.30000001192092896,0.30000001192092896,-0.30000001192092896,0.30000001192092896,-0.30000001192092896,-0.291268015525238
1.2999999523162842,0.3051673942170105,-0.30000001192092896,0.3103092908859253,0.34273504189767456,-0.30000001192092896,-0.16290323792092895,-0.28989900192092893,-0.30000001192092896,-0.30000001192092896,-0.30000001192092896,1.038636375920929,-0.17551868392092895,1.020383467920929,-0.30000001192092896,-0.24991789252523802
1.2999999523162842,0.4236218492170105,-0.30000001192092896,0.3103092908859253,0.3512820498976746,-0.30000001192092896,-0.30000001192092896,-0.30000001192092896,-0.30000001192092896,-0.30000001192092896,-0.30000001192092896,0.30000001192092896,-0.29170125692092896,0.7381502899209289,-0.30000001192092896,-0.298233696525238
1.2999999523162842,0.3336472952170105,-0.30000001192092896,0.3103092908859253,0.33418803289767457,-0.30000001192092896,-0.18709678592092896,-0.15858587092092896,-0.30000001192092896,-0.30000001192092896,-0.30000001192092896,0.30000001192092896,-0.30000001192092896,0.30000001192092896,-0.30000001192092896,-0.29983989952523804
1.2999999523162842,0.4829996322170105,-0.30000001192092896,0.3103092908859253,0.5222222208976746,-0.30000001192092896,-0.30000001192092896,-0.30000001192092896,-0.30000001192092896,-0.30000001192092896,-0.30000001192092896,0.30000001192092896,-0.30000001192092896,0.30000001192092896,-0.30000001192092896,-0.299471335525238
1.2999999523162842,0.4212020502170105,-0.30000001192092896,0.3103092908859253,0.3940170928976746,-0.30000001192092896,-0.27580646392092895,-0.26969698192092895,-0.30000001192092896,-0.30000001192092896,-0.30000001192092896,0.30000001192092896,-0.30000001192092896,0.30000001192092896,-0.30000001192092896,-0.29986185352523803
1.2999999523162842,0.3618121492170105,-0.30000001192092896,0.3103092908859253,0.3512820498976746,-0.30000001192092896,-0.24354839892092894,-0.28989900192092893,-0.30000001192092896,-0.30000001192092896,-0.30000001192092896,0.861497337920929,-0.030290467920928932,0.979165439920929,-0.30000001192092896,-0.24988041452523801
1.2999999523162842,0.3339423482170105,-0.30000001192092896,0.3103092908859253,0.3769230758976746,-0.30000001192092896,-0.28387097992092897,-0.28989900192092893,-0.30000001192092896,-0.30000001192092896,-0.30000001192092896,0.575401081920929,-0.30000001192092896,0.30000001192092896,-0.30000001192092896,-0.299844556525238
1.2999999523162842,0.3036654712170105,-0.30000001192092896,0.3103092908859253,0.3512820498976746,-0.30000001192092896,-0.21935485092092893,-0.28989900192092893,-0.30000001192092896,-0.30000001192092896,-0.30000001192092896,0.8895722049209289,-0.13817428592092895,0.918342235920929,-0.30000001192092896,-0.24987974952523803
1.2999999523162842,0.3339405312170105,-0.30000001192092896,0.3103092908859253,0.3769230758976746,-0.30000001192092896,-0.28387097992092897,-0.28989900192092893,-0.30000001192092896,-0.30000001192092896,-0.30000001192092896,0.575401081920929,-0.30000001192092896,0.30000001192092896,-0.30000001192092896,-0.299844777525238
1.2999999523162842,0.3309121462170105,-0.30000001192092896,0.3103092908859253,0.33418803289767457,-0.30000001192092896,-0.001612914920928965,-0.28989900192092893,-0.30000001192092896,-0.30000001192092896,-0.30000001192092896,1.1409091029209288,-0.30000001192092896,0.30000001192092896,-0.30000001192092896,-0.29984056452523805
1.2999999523162842,0.5732725722170104,-0.30000001192092896,0.3103092908859253,0.5307692298976746,-0.30000001192092896,-0.30000001192092896,-0.30000001192092896,-0.30000001192092896,-0.30000001192092896,-0.30000001192092896,0.30000001192092896,-0.30000001192092896,0.30000001192092896,-0.30000001192092896,-0.299900661325238
1.2999999523162842,0.4517979122170105,-0.30000001192092896,0.3103092908859253,0.5051282038976745,-0.30000001192092896,-0.30000001192092896,-0.30000001192092896,-0.30000001192092896,-0.30000001192092896,-0.30000001192092896,0.30000001192092896,-0.30000001192092896,0.30000001192092896,-0.30000001192092896,-0.299897113525238
1.2999999523162842,0.3033322492170105,-0.30000001192092896,0.3103092908859253,0.33418803289767457,-0.30000001192092896,-0.22741936692092896,-0.20909092092092896,-0.30000001192092896,-0.30000001192092896,-0.30000001192092896,0.30000001192092896,-0.30000001192092896,0.30000001192092896,-0.30000001192092896,-0.29984012152523803
1.2999999523162842,0.3315349692170105,-0.30000001192092896,0.3103092908859253,0.34273504189767456,-0.30000001192092896,-0.30000001192092896,-0.30000001192092896,-0.30000001192092896,-0.30000001192092896,-0.30000001192092896,0.30000001192092896,-0.30000001192092896,0.30000001192092896,-0.30000001192092896,-0.299870723525238
1.2999999523162842,0.42180790821701053,-0.30000001192092896,0.3103092908859253,0.3769230758976746,-0.30000001192092896,-0.27580646392092895,-0.26969698192092895,-0.30000001192092896,-0.30000001192092896,-0.30000001192092896,0.30000001192092896,-0.30000001192092896,0.30000001192092896,-0.30000001192092896,-0.29355612852523805
1.2999999523162842,0.45149498221701045,-0.30000001192092896,0.3103092908859253,0.33418803289767457,-0.30000001192092896,-0.29193549592092893,-0.28989900192092893,-0.30000001192092896,-0.30000001192092896,-0.30000001192092896,0.4610962689209289,0.699999988079071,0.917708219920929,-0.30000001192092896,-0.269731640525238
1.2999999523162842,0.42271669621701047,-0.30000001192092896,0.3103092908859253,0.5222222208976746,-0.30000001192092896,-0.30000001192092896,-0.30000001192092896,-0.30000001192092896,-0.30000001192092896,-0.30000001192092896,0.30000001192092896,-0.30000001192092896,0.30000001192092896,-0.30000001192092896,-0.29990043962523805
1.2999999523162842,0.3309003322170105,-0.30000001192092896,0.3103092908859253,0.3256410248976746,-0.30000001192092896,-0.09838710892092895,-0.28989900192092893,-0.30000001192092896,-0.30000001192092896,-0.30000001192092896,1.1021390489209288,-0.19626557192092897,0.981370357920929,-0.30000001192092896,-0.24826312452523802
1.2999999523162842,0.39363548121701053,-0.30000001192092896,0.3103092908859253,0.44529914389767455,-0.30000001192092896,-0.29193549592092893,-0.28989900192092893,-0.30000001192092896,-0.30000001192092896,-0.30000001192092896,0.4610962689209289,-0.30000001192092896,0.30000001192092896,-0.30000001192092896,-0.299857196525238
1.2999999523162842,0.4521008412170105,-0.30000001192092896,0.3103092908859253,0.5307692298976746,-0.30000001192092896,-0.30000001192092896,-0.30000001192092896,-0.30000001192092896,-0.30000001192092896,-0.30000001192092896,0.30000001192092896,-0.30000001192092896,0.30000001192092896,-0.30000001192092896,-0.29989644752523803
1.2999999523162842,0.4524037702170105,-0.30000001192092896,0.3103092908859253,0.3512820498976746,-0.30000001192092896,-0.29193549592092893,-0.28989900192092893,-0.30000001192092896,-0.30000001192092896,-0.30000001192092896,0.460427818920929,0.695850610079071,0.940819772920929,-0.30000001192092896,-0.24882927552523804
1.2999999523162842,0.3015195202170105,-0.30000001192092896,0.3103092908859253,0.34273504189767456,-0.30000001192092896,-0.07419355992092896,-0.01717172892092894,-0.30000001192092896,-0.30000001192092896,-0.30000001192092896,0.30000001192092896,-0.30000001192092896,0.30000001192092896,-0.30000001192092896,-0.29983945552523805
1.2999999523162842,0.4833025622170105,-0.30000001192092896,0.3103092908859253,0.5222222208976746,-0.30000001192092896,-0.30000001192092896,-0.30000001192092896,-0.30000001192092896,-0.30000001192092896,-0.30000001192092896,0.30000001192092896,-0.30000001192092896,0.30000001192092896,-0.30000001192092896,-0.299149340525238
1.2999999523162842,0.36061618421701047,-0.30000001192092896,0.3103092908859253,0.3769230758976746,-0.30000001192092896,-0.30000001192092896,-0.30000001192092896,-0.30000001192092896,-0.30000001192092896,-0.30000001192092896,0.30000001192092896,-0.30000001192092896,0.30000001192092896,-0.30000001192092896,-0.295710076525238
1.2999999523162842,0.4214910442170105,-0.30000001192092896,0.3103092908859253,0.3683760668976746,-0.30000001192092896,-0.28387097992092897,-0.27979799192092897,-0.30000001192092896,-0.30000001192092896,-0.30000001192092896,0.30000001192092896,-0.30000001192092896,0.30000001192092896,-0.30000001192092896,-0.299862075525238
1.2999999523162842,0.3315061912170105,-0.30000001192092896,0.3103092908859253,0.3598290588976746,-0.30000001192092896,-0.14677420592092896,-0.28989900192092893,-0.30000001192092896,-0.30000001192092896,-0.30000001192092896,1.062032097920929,-0.16307055092092895,0.721884852920929,-0.30000001192092896,-0.25145690152523803
1.2999999523162842,0.3345491162170105,-0.30000001192092896,0.3103092908859253,0.3598290588976746,-0.30000001192092896,-0.20322581792092898,-0.17878789092092895,-0.30000001192092896,-0.30000001192092896,-0.30000001192092896,0.30000001192092896,-0.30000001192092896,0.30000001192092896,-0.30000001192092896,-0.29984278252523805
1.2999999523162842,0.5132925652170105,-0.30000001192092896,0.3103092908859253,0.5222222208976746,-0.30000001192092896,-0.30000001192092896,-0.30000001192092896,-0.30000001192092896,-0.30000001192092896,-0.30000001192092896,0.30000001192092896,-0.295850633920929,0.965039404920929,-0.30000001192092896,-0.29965406552523804
1.2999999523162842,0.8453031072170105,-0.30000001192092896,0.3103092908859253,0.3769230758976746,-0.30000001192092896,-0.30000001192092896,-0.30000001192092896,-0.30000001192092896,-0.30000001192092896,-0.30000001192092896,0.30000001192092896,-0.29170125692092896,0.7381502899209289,-0.30000001192092896,-0.29975252652523804
1.2999999523162842,0.3012377952170105,-0.30000001192092896,0.3103092908859253,0.3256410248976746,-0.30000001192092896,0.11935482707907102,0.22525251307907102,-0.30000001192092896,-0.30000001192092896,-0.30000001192092896,0.30000001192092896,-0.30000001192092896,0.30000001192092896,-0.30000001192092896,-0.27941276452523806
1.2999999523162842,0.3321193202170105,-0.30000001192092896,0.3103092908859253,0.3512820498976746,-0.30000001192092896,-0.21129033492092897,-0.18888890092092897,-0.30000001192092896,-0.30000001192092896,-0.30000001192092896,0.30000001192092896,-0.30000001192092896,0.30000001192092896,-0.30000001192092896,-0.29983590752523803
1.2999999523162842,0.3009327452170105,-0.30000001192092896,0.3103092908859253,0.3512820498976746,-0.30000001192092896,-0.16290323792092895,-0.12828283992092895,-0.30000001192092896,-0.30000001192092896,-0.30000001192092896,0.30000001192092896,-0.30000001192092896,0.30000001192092896,-0.30000001192092896,-0.29983989952523804
1.2999999523162842,0.4817879152170105,-0.30000001192092896,0.3103092908859253,0.3769230758976746,-0.30000001192092896,-0.30000001192092896,-0.30000001192092896,-0.30000001192092896,-0.30000001192092896,-0.30000001192092896,0.30000001192092896,-0.295850633920929,0.7782413209209289,-0.30000001192092896,-0.299717709525238
1.2999999523162842,0.5120808482170105,-0.30000001192092896,0.3103092908859253,0.5136752128976746,-0.30000001192092896,-0.30000001192092896,-0.30000001192092896,-0.30000001192092896,-0.30000001192092896,-0.30000001192092896,0.30000001192092896,-0.30000001192092896,0.30000001192092896,-0.30000001192092896,-0.299578666525238
1.2999999523162842,0.3333258872170105,-0.30000001192092896,0.3103092908859253,0.33418803289767457,-0.30000001192092896,-0.24354839892092894,-0.28989900192092893,-0.30000001192092896,-0.30000001192092896,-0.30000001192092896,0.861497337920929,-0.30000001192092896,0.30000001192092896,-0.30000001192092896,-0.29984167352523805
1.2999999523162842,0.3324228552170105,-0.30000001192092896,0.3103092908859253,0.34273504189767456,-0.30000001192092896,-0.25967743092092893,-0.28989900192092893,-0.30000001192092896,-0.30000001192092896,-0.30000001192092896,0.7812834339209289,-0.01784233592092893,1.173585533920929,-0.30000001192092896,-0.253785374525238
1.2999999523162842,0.30062436321701047,-0.30000001192092896,0.3103092908859253,0.3598290588976746,-0.30000001192092896,-0.12258065692092895,-0.07777778992092896,-0.30000001192092896,-0.30000001192092896,-0.30000001192092896,0.30000001192092896,-0.30000001192092896,0.30000001192092896,-0.30000001192092896,-0.29984012152523803
1.2999999523162842,0.4530096292170105,-0.30000001192092896,0.3103092908859253,0.4965811958976746,-0.30000001192092896,-0.30000001192092896,-0.30000001192092896,-0.30000001192092896,-0.30000001192092896,-0.30000001192092896,0.30000001192092896,-0.30000001192092896,0.30000001192092896,-0.30000001192092896,-0.299468008525238
1.2999999523162842,0.3042679972170105,-0.30000001192092896,0.3103092908859253,0.3170940158976746,-0.30000001192092896,-0.11451614092092896,-0.28989900192092893,-0.30000001192092896,-0.30000001192092896,-0.30000001192092896,1.084090920920929,-0.30000001192092896,0.30000001192092896,-0.30000001192092896,-0.29983768152523804
1.2999999523162842,0.3309291102170105,-0.30000001192092896,0.3103092908859253,0.34273504189767456,-0.30000001192092896,-0.30000001192092896,-0.30000001192092896,-0.30000001192092896,-0.30000001192092896,-0.30000001192092896,0.30000001192092896,-0.30000001192092896,0.30000001192092896,-0.30000001192092896,-0.297957606525238
1.2999999523162842,0.3315267902170105,-0.30000001192092896,0.3103092908859253,0.33418803289767457,-0.30000001192092896,-0.25161291492092897,-0.23939395092092897,-0.30000001192092896,-0.30000001192092896,-0.30000001192092896,0.30000001192092896,-0.30000001192092896,0.30000001192092896,-0.30000001192092896,-0.29983812552523803
1.2999999523162842,0.4223834742170105,-0.30000001192092896,0.3103092908859253,0.3683760668976746,-0.30000001192092896,-0.21935485092092893,-0.28989900192092893,-0.30000001192092896,-0.30000001192092896,-0.30000001192092896,0.941042792920929,-0.10082988792092895,0.944194374920929,-0.30000001192092896,-0.25163275652523803
1.2999999523162842,1.2693741742170106,-0.30000001192092896,0.3103092908859253,0.3598290588976746,-0.30000001192092896,-0.30000001192092896,-0.30000001192092896,-0.30000001192092896,-0.30000001192092896,-0.30000001192092896,0.30000001192092896,-0.295850633920929,0.9747591699209289,-0.30000001192092896,-0.299758957525238
1.2999999523162842,0.3909015442170105,-0.30000001192092896,0.3103092908859253,0.3769230758976746,-0.30000001192092896,-0.21935485092092893,-0.28989900192092893,-0.30000001192092896,-0.30000001192092896,-0.30000001192092896,0.9417112419209289,-0.30000001192092896,0.30000001192092896,-0.30000001192092896,-0.29985387052523804
1.2999999523162842,0.3306261812170105,-0.30000001192092896,0.3103092908859253,0.3683760668976746,-0.30000001192092896,-0.26774194692092895,-0.28989900192092893,-0.30000001192092896,-0.30000001192092896,-0.30000001192092896,0.727139048920929,0.060995839079071024,1.072055110920929,-0.30000001192092896,-0.24600029252523803
1.2999999523162842,0.3000175961170105,-0.30000001192092896,0.3103092908859253,0.2999999988976746,-0.30000001192092896,-0.11451614092092896,-0.06767677992092896,-0.30000001192092896,-0.30000001192092896,-0.30000001192092896,0.30000001192092896,-0.30000001192092896,0.30000001192092896,-0.30000001192092896,-0.299949891925238
1.2999999523162842,0.4820908442170105,-0.30000001192092896,0.3103092908859253,0.5307692298976746,-0.30000001192092896,-0.30000001192092896,-0.30000001192092896,-0.30000001192092896,-0.30000001192092896,-0.30000001192092896,0.30000001192092896,-0.30000001192092896,0.30000001192092896,-0.30000001192092896,-0.299900217825238
1.2999999523162842,0.42150497921701047,-0.30000001192092896,0.3103092908859253,0.5136752128976746,-0.30000001192092896,-0.30000001192092896,-0.30000001192092896,-0.30000001192092896,-0.30000001192092896,-0.30000001192092896,0.30000001192092896,-0.30000001192092896,0.30000001192092896,-0.30000001192092896,-0.299900661325238
1.2999999523162842,0.4524037702170105,-0.30000001192092896,0.3103092908859253,0.5222222208976746,-0.30000001192092896,-0.30000001192092896,-0.30000001192092896,0.699999988079071,-0.30000001192092896,-0.30000001192092896,0.30000001192092896,-0.30000001192092896,0.30000001192092896,-0.30000001192092896,-0.29989644752523803
1.2999999523162842,0.3921208342170105,-0.30000001192092896,0.3103092908859253,0.4111111098976746,-0.30000001192092896,-0.29193549592092893,-0.28989900192092893,-0.30000001192092896,-0.30000001192092896,-0.30000001192092896,0.4417112419209289,0.5796680380790711,1.094716369920929,-0.30000001192092896,-0.23539443252523803
1.2999999523162842,0.4820908442170105,-0.30000001192092896,0.3103092908859253,0.5136752128976746,-0.30000001192092896,-0.30000001192092896,-0.30000001192092896,-0.30000001192092896,-0.30000001192092896,-0.30000001192092896,0.30000001192092896,-0.30000001192092896,0.30000001192092896,-0.30000001192092896,-0.29914889752523804
1.2999999523162842,0.3042425512170105,-0.30000001192092896,0.3103092908859253,0.3085470078976746,-0.30000001192092896,0.36129031107907106,-0.28989900192092893,-0.30000001192092896,-0.30000001192092896,-0.30000001192092896,1.177005359920929,-0.27095436892092895,0.721884852920929,-0.30000001192092896,-0.25177335152523805
1.2999999523162842,0.4533125582170105,-0.30000001192092896,0.3103092908859253,0.5051282038976745,-0.30000001192092896,-0.30000001192092896,-0.30000001192092896,-0.30000001192092896,-0.30000001192092896,-0.30000001192092896,0.30000001192092896,-0.295850633920929,0.917944533920929,-0.30000001192092896,-0.29867987652523803
1.2999999523162842,0.33244375721701047,-0.30000001192092896,0.3103092908859253,0.34273504189767456,-0.30000001192092896,-0.23548388292092895,-0.21919193092092895,-0.30000001192092896,-0.30000001192092896,-0.30000001192092896,0.30000001192092896,-0.30000001192092896,0.30000001192092896,-0.30000001192092896,-0.286353829525238
1.2999999523162842,0.3618279022170105,-0.30000001192092896,0.3103092908859253,0.4367521358976746,-0.30000001192092896,-0.30000001192092896,-0.30000001192092896,-0.30000001192092896,-0.30000001192092896,-0.30000001192092896,0.30000001192092896,-0.30000001192092896,0.30000001192092896,-0.30000001192092896,-0.267872632525238
1.2999999523162842,0.42150497921701047,-0.30000001192092896,0.3103092908859253,0.3598290588976746,-0.30000001192092896,-0.27580646392092895,-0.26969698192092895,-0.30000001192092896,-0.30000001192092896,-0.30000001192092896,0.30000001192092896,-0.30000001192092896,0.30000001192092896,-0.30000001192092896,-0.299855865525238
1.2999999523162842,0.3909091172170105,-0.30000001192092896,0.3103092908859253,0.5136752128976746,-0.30000001192092896,-0.30000001192092896,-0.30000001192092896,-0.30000001192092896,-0.30000001192092896,-0.30000001192092896,0.30000001192092896,-0.30000001192092896,0.30000001192092896,-0.30000001192092896,-0.29990132662523805
1.2999999523162842,0.36210084121701047,-0.30000001192092896,0.4030927968859253,0.5393162378976746,-0.30000001192092896,-0.30000001192092896,-0.30000001192092896,-0.30000001192092896,-0.30000001192092896,-0.30000001192092896,0.30000001192092896,-0.24605810292092894,1.1978775169209288,-0.30000001192092896,-0.28515522152523803
1.2999999523162842,0.4221108382170105,-0.30000001192092896,0.3103092908859253,0.3940170928976746,-0.30000001192092896,-0.28387097992092897,-0.28989900192092893,-0.30000001192092896,-0.30000001192092896,-0.30000001192092896,0.575401081920929,0.13983401307907106,0.721884852920929,-0.30000001192092896,-0.26559583052523805
1.2999999523162842,1.0270391952170104,-0.30000001192092896,0.3103092908859253,0.3769230758976746,-0.30000001192092896,-0.30000001192092896,-0.30000001192092896,-0.30000001192092896,-0.30000001192092896,-0.30000001192092896,0.30000001192092896,-0.30000001192092896,0.30000001192092896,-0.30000001192092896,-0.299797543525238
1.2999999523162842,0.3030565832170105,-0.30000001192092896,0.3103092908859253,0.33418803289767457,-0.30000001192092896,-0.09032259292092895,-0.28989900192092893,-0.30000001192092896,-0.30000001192092896,-0.30000001192092896,1.099465252920929,-0.21701245992092894,1.0151738689209289,-0.30000001192092896,-0.25079184552523803
1.2999999523162842,0.5429669162170105,-0.30000001192092896,0.3103092908859253,0.5222222208976746,-0.30000001192092896,-0.30000001192092896,-0.30000001192092896,-0.30000001192092896,-0.30000001192092896,-0.30000001192092896,0.30000001192092896,-0.30000001192092896,0.30000001192092896,-0.30000001192092896,-0.29990088312523805
1.2999999523162842,1.1482242542170105,-0.30000001192092896,0.3103092908859253,0.3769230758976746,-0.30000001192092896,-0.30000001192092896,-0.30000001192092896,-0.30000001192092896,-0.30000001192092896,-0.30000001192092896,0.30000001192092896,-0.30000001192092896,0.30000001192092896,-0.30000001192092896,-0.299904431225238
1.2999999523162842,0.45149498221701045,-0.30000001192092896,0.3103092908859253,0.5222222208976746,-0.30000001192092896,-0.30000001192092896,-0.30000001192092896,-0.30000001192092896,-0.30000001192092896,-0.30000001192092896,0.30000001192092896,-0.30000001192092896,0.30000001192092896,-0.30000001192092896,-0.29989533952523806
1.2999999523162842,0.3318378982170105,-0.30000001192092896,0.3103092908859253,0.3940170928976746,-0.30000001192092896,-0.29193549592092893,-0.28989900192092893,-0.30000001192092896,-0.30000001192092896,-0.30000001192092896,0.4610962689209289,0.202074677079071,0.973676295920929,-0.30000001192092896,-0.26806866752523806
1.2999999523162842,0.3930062972170105,-0.30000001192092896,0.3103092908859253,0.3769230758976746,-0.30000001192092896,-0.25161291492092897,-0.28989900192092893,-0.30000001192092896,-0.30000001192092896,-0.30000001192092896,0.822727284920929,-0.05103735592092895,1.026060097920929,-0.30000001192092896,-0.25256414552523804
1.2999999523162842,0.3908951822170105,-0.30000001192092896,0.3103092908859253,0.34273504189767456,-0.30000001192092896,-0.15483872192092896,-0.11818182992092896,-0.30000001192092896,-0.30000001192092896,-0.30000001192092896,0.304679155920929,-0.30000001192092896,0.30000001192092896,-0.30000001192092896,-0.29985276152523804
1.2999999523162842,0.3000221400170105,-0.30000001192092896,0.3103092908859253,0.2999999988976746,-0.30000001192092896,-0.24354839892092894,-0.28989900192092893,-0.30000001192092896,-0.30000001192092896,-0.30000001192092896,0.861497337920929,-0.06348548892092895,0.7782413209209289,-0.30000001192092896,-0.250535048525238
1.2999999523162842,0.3912120462170105,-0.30000001192092896,0.3103092908859253,0.5222222208976746,-0.30000001192092896,-0.30000001192092896,-0.30000001192092896,-0.30000001192092896,-0.30000001192092896,-0.30000001192092896,0.30000001192092896,-0.30000001192092896,0.30000001192092896,-0.30000001192092896,-0.299901104925238
1.2999999523162842,0.3051719382170105,-0.30000001192092896,0.3103092908859253,0.33418803289767457,-0.30000001192092896,-0.22741936692092896,-0.20909092092092896,-0.30000001192092896,-0.30000001192092896,-0.30000001192092896,0.30000001192092896,-0.30000001192092896,0.30000001192092896,-0.30000001192092896,-0.29984034252523806
1.2999999523162842,0.3609191142170105,-0.30000001192092896,0.3103092908859253,0.4025641018976746,-0.30000001192092896,-0.30000001192092896,-0.30000001192092896,-0.30000001192092896,-0.30000001192092896,-0.30000001192092896,0.30000001192092896,-0.30000001192092896,0.30000001192092896,-0.30000001192092896,-0.29987050252523806
1.2999999523162842,0.3630211402170105,-0.30000001192092896,0.3103092908859253,0.3256410248976746,-0.30000001192092896,-0.09838710892092895,-0.28989900192092893,-0.30000001192092896,-0.30000001192092896,-0.30000001192092896,1.1021390489209288,-0.20041494992092895,0.7712671929209289,-0.30000001192092896,-0.25661480052523805
1.2999999523162842,0.4217791302170105,-0.30000001192092896,0.3103092908859253,0.5222222208976746,-0.30000001192092896,-0.30000001192092896,-0.30000001192092896,-0.30000001192092896,-0.30000001192092896,-0.30000001192092896,0.30000001192092896,-0.30000001192092896,0.30000001192092896,-0.30000001192092896,-0.299900217825238
1.2999999523162842,0.3054703242170105,-0.30000001192092896,0.3103092908859253,0.3256410248976746,-0.30000001192092896,-0.017741946920928953,0.05353534207907107,-0.30000001192092896,-0.30000001192092896,-0.30000001192092896,0.30000001192092896,-0.30000001192092896,0.30000001192092896,-0.30000001192092896,-0.29983923452523803
1.2999999523162842,0.3018200252170105,-0.30000001192092896,0.3103092908859253,0.33418803289767457,-0.30000001192092896,-0.08225807692092896,-0.027272738920928963,-0.30000001192092896,-0.30000001192092896,-0.30000001192092896,0.30000001192092896,-0.30000001192092896,0.30000001192092896,-0.30000001192092896,-0.29983901252523804
1.2999999523162842,0.39242376421701053,-0.30000001192092896,0.3103092908859253,0.5136752128976746,-0.30000001192092896,-0.30000001192092896,-0.30000001192092896,-0.30000001192092896,-0.30000001192092896,-0.30000001192092896,0.30000001192092896,-0.295850633920929,0.985206940920929,-0.30000001192092896,-0.29936356052523805
1.2999999523162842,0.4817879152170105,-0.30000001192092896,0.3103092908859253,0.5222222208976746,-0.30000001192092896,-0.30000001192092896,-0.30000001192092896,-0.30000001192092896,-0.30000001192092896,-0.30000001192092896,0.30000001192092896,-0.295850633920929,1.077346022920929,-0.30000001192092896,-0.299754743525238
1.2999999523162842,0.5120808482170105,-0.30000001192092896,0.3103092908859253,0.5222222208976746,-0.30000001192092896,-0.30000001192092896,-0.30000001192092896,-0.30000001192092896,-0.30000001192092896,-0.30000001192092896,0.30000001192092896,-0.295850633920929,1.020383467920929,-0.30000001192092896,-0.299358016525238
1.2999999523162842,0.3000133551170105,-0.30000001192092896,0.3103092908859253,0.2999999988976746,-0.30000001192092896,-0.26774194692092895,-0.28989900192092893,-0.30000001192092896,-0.30000001192092896,-0.30000001192092896,0.7278074989209289,0.02365144007907105,0.901223653920929,-0.30000001192092896,-0.25771361852523805
1.2999999523162842,0.3612220432170105,-0.30000001192092896,0.3103092908859253,0.3769230758976746,-0.30000001192092896,-0.28387097992092897,-0.27979799192092897,-0.30000001192092896,-0.30000001192092896,-0.30000001192092896,0.30000001192092896,-0.30000001192092896,0.30000001192092896,-0.30000001192092896,-0.299858083525238
1.2999999523162842,0.3000221400170105,-0.30000001192092896,0.3103092908859253,0.2999999988976746,-0.30000001192092896,-0.18709678592092896,-0.28989900192092893,-0.30000001192092896,-0.30000001192092896,-0.30000001192092896,1.011229958920929,-0.30000001192092896,0.30000001192092896,-0.30000001192092896,-0.299949448425238
1.2999999523162842,0.4536154882170105,-0.30000001192092896,0.3103092908859253,0.5222222208976746,-0.30000001192092896,-0.30000001192092896,-0.30000001192092896,-0.30000001192092896,-0.30000001192092896,-0.30000001192092896,0.30000001192092896,-0.30000001192092896,0.30000001192092896,-0.30000001192092896,-0.299853204525238
1.2999999523162842,0.3006067932170105,-0.30000001192092896,0.3103092908859253,0.33418803289767457,-0.30000001192092896,-0.017741946920928953,0.05353534207907107,-0.30000001192092896,-0.30000001192092896,-0.30000001192092896,0.324064182920929,-0.15062241892092895,0.721907532920929,-0.30000001192092896,-0.26825782852523805
1.2999999523162842,0.4530096292170105,-0.30000001192092896,0.3103092908859253,0.5136752128976746,-0.30000001192092896,-0.30000001192092896,-0.30000001192092896,-0.30000001192092896,-0.30000001192092896,-0.30000001192092896,0.30000001192092896,-0.295850633920929,0.8920587219209289,-0.30000001192092896,-0.299394163525238
1.2999999523162842,0.4833025622170105,-0.30000001192092896,0.3103092908859253,0.5222222208976746,-0.30000001192092896,-0.30000001192092896,-0.30000001192092896,-0.30000001192092896,-0.30000001192092896,-0.30000001192092896,0.30000001192092896,-0.2875518789209289,1.088932179920929,-0.30000001192092896,-0.299115411525238
1.2999999523162842,0.3915149762170105,-0.30000001192092896,0.3103092908859253,0.4794871778976746,-0.30000001192092896,-0.29193549592092893,-0.28989900192092893,-0.30000001192092896,-0.30000001192092896,-0.30000001192092896,0.4610962689209289,-0.30000001192092896,0.30000001192092896,-0.30000001192092896,-0.28264180152523805
1.2999999523162842,0.4527067002170105,-0.30000001192092896,0.3103092908859253,0.5222222208976746,-0.30000001192092896,-0.30000001192092896,-0.30000001192092896,-0.30000001192092896,-0.30000001192092896,-0.30000001192092896,0.30000001192092896,-0.30000001192092896,0.30000001192092896,-0.30000001192092896,-0.29918659652523805
1.2999999523162842,0.3309291102170105,-0.30000001192092896,0.3103092908859253,0.3940170928976746,-0.30000001192092896,-0.26774194692092895,-0.259595971920929,-0.30000001192092896,-0.30000001192092896,-0.30000001192092896,0.30000001192092896,-0.30000001192092896,0.30000001192092896,-0.30000001192092896,-0.299842338525238
1.2999999523162842,0.4224137672170105,-0.30000001192092896,0.3103092908859253,0.5222222208976746,-0.30000001192092896,-0.30000001192092896,-0.30000001192092896,-0.30000001192092896,-0.30000001192092896,-0.30000001192092896,0.30000001192092896,-0.295850633920929,0.973676295920929,-0.30000001192092896,-0.299358016525238
1.2999999523162842,0.3306046732170105,-0.30000001192092896,0.3103092908859253,0.2999999988976746,-0.30000001192092896,-0.30000001192092896,-0.30000001192092896,-0.30000001192092896,-0.30000001192092896,-0.30000001192092896,0.30000001192092896,-0.295850633920929,1.044382434920929,-0.30000001192092896,-0.29876104052523805
1.2999999523162842,0.3606131552170105,-0.30000001192092896,0.3515464048859253,0.4965811958976746,-0.30000001192092896,-0.30000001192092896,-0.30000001192092896,-0.30000001192092896,-0.30000001192092896,-0.30000001192092896,0.30000001192092896,-0.24605810292092894,0.746756823920929,-0.30000001192092896,-0.23548402352523803
1.2999999523162842,0.45149498221701045,-0.30000001192092896,0.3103092908859253,0.3769230758976746,-0.30000001192092896,-0.30000001192092896,-0.30000001192092896,-0.30000001192092896,-0.30000001192092896,-0.30000001192092896,0.30000001192092896,-0.30000001192092896,0.30000001192092896,-0.30000001192092896,-0.29990420952523805
1.2999999523162842,0.3006216372170105,-0.30000001192092896,0.3103092908859253,0.3170940158976746,-0.30000001192092896,0.08709676207907102,0.18484847307907104,-0.30000001192092896,-0.30000001192092896,-0.30000001192092896,0.31804813992092895,-0.30000001192092896,0.30000001192092896,-0.30000001192092896,-0.29983945552523805
1.2999999523162842,0.39242376421701053,-0.30000001192092896,0.3103092908859253,0.5136752128976746,-0.30000001192092896,-0.30000001192092896,-0.30000001192092896,-0.30000001192092896,-0.30000001192092896,-0.30000001192092896,0.30000001192092896,-0.30000001192092896,0.30000001192092896,-0.30000001192092896,-0.299279513525238
1.2999999523162842,0.3914901352170105,-0.30000001192092896,0.3103092908859253,0.3683760668976746,-0.30000001192092896,-0.25161291492092897,-0.23939395092092897,-0.30000001192092896,-0.30000001192092896,-0.30000001192092896,0.30000001192092896,-0.30000001192092896,0.30000001192092896,-0.30000001192092896,-0.299856309525238
1.2999999523162842,0.42271669621701047,-0.30000001192092896,0.3103092908859253,0.5136752128976746,-0.30000001192092896,-0.30000001192092896,-0.30000001192092896,-0.30000001192092896,-0.30000001192092896,-0.30000001192092896,0.30000001192092896,-0.30000001192092896,0.30000001192092896,-0.30000001192092896,-0.29896993752523804
1.2999999523162842,0.4230196262170105,-0.30000001192092896,0.3103092908859253,0.5307692298976746,-0.30000001192092896,-0.30000001192092896,-0.30000001192092896,-0.30000001192092896,-0.30000001192092896,-0.30000001192092896,0.30000001192092896,-0.27925312392092894,1.0698410809209289,-0.30000001192092896,-0.29810507652523804
1.2999999523162842,0.3009112372170105,-0.30000001192092896,0.3103092908859253,0.33418803289767457,-0.30000001192092896,-0.12258065692092895,-0.28989900192092893,-0.30000001192092896,-0.30000001192092896,-0.30000001192092896,1.0794117769209288,-0.19211619492092896,0.897304123920929,-0.30000001192092896,-0.24982408752523805
1.2999999523162842,0.3615228522170105,-0.30000001192092896,0.3103092908859253,0.46239316089767457,-0.30000001192092896,-0.30000001192092896,-0.30000001192092896,-0.30000001192092896,-0.30000001192092896,-0.30000001192092896,0.30000001192092896,-0.283402501920929,1.077346022920929,-0.30000001192092896,-0.259184103525238
1.2999999523162842,0.42271669621701047,-0.30000001192092896,0.3103092908859253,0.3940170928976746,-0.30000001192092896,-0.30000001192092896,-0.30000001192092896,-0.30000001192092896,-0.30000001192092896,-0.30000001192092896,0.30000001192092896,-0.29170125692092896,0.8542434229209289,-0.30000001192092896,-0.27053174852523804
1.2999999523162842,0.3921208342170105,-0.30000001192092896,0.3103092908859253,0.5222222208976746,-0.30000001192092896,-0.30000001192092896,-0.30000001192092896,-0.30000001192092896,-0.30000001192092896,-0.30000001192092896,0.30000001192092896,-0.30000001192092896,0.30000001192092896,-0.30000001192092896,-0.29990132662523805
1.2999999523162842,0.3612220432170105,-0.30000001192092896,0.3103092908859253,0.3170940158976746,-0.30000001192092896,-0.26774194692092895,-0.259595971920929,-0.30000001192092896,-0.30000001192092896,-0.30000001192092896,0.30000001192092896,-0.30000001192092896,0.30000001192092896,-0.30000001192092896,-0.299861188525238
1.2999999523162842,0.5129896362170105,-0.30000001192092896,0.3103092908859253,0.5222222208976746,-0.30000001192092896,-0.30000001192092896,-0.30000001192092896,-0.30000001192092896,-0.30000001192092896,-0.30000001192092896,0.30000001192092896,-0.30000001192092896,0.30000001192092896,-0.30000001192092896,-0.299900661325238
1.2999999523162842,0.3015416332170105,-0.30000001192092896,0.4649484668859253,0.5393162378976746,-0.30000001192092896,-0.30000001192092896,-0.30000001192092896,0.699999988079071,-0.30000001192092896,-0.30000001192092896,0.6028074989209289,-0.24605810292092894,0.979299344920929,-0.30000001192092896,-0.24353588152523803
1.2999999523162842,0.3609009382170105,-0.30000001192092896,0.3103092908859253,0.3256410248976746,-0.30000001192092896,-0.20322581792092898,-0.17878789092092895,-0.30000001192092896,-0.30000001192092896,-0.30000001192092896,0.30000001192092896,-0.30000001192092896,0.30000001192092896,-0.30000001192092896,-0.28033860952523804
1.2999999523162842,0.4212020502170105,-0.30000001192092896,0.3103092908859253,0.5136752128976746,-0.30000001192092896,-0.30000001192092896,-0.30000001192092896,-0.30000001192092896,-0.30000001192092896,-0.30000001192092896,0.30000001192092896,-0.30000001192092896,0.30000001192092896,-0.30000001192092896,-0.299614591525238
1.2999999523162842,0.4211720602170105,-0.30000001192092896,0.3103092908859253,0.3512820498976746,-0.30000001192092896,-0.25161291492092897,-0.23939395092092897,-0.30000001192092896,-0.30000001192092896,-0.30000001192092896,0.30000001192092896,-0.30000001192092896,0.30000001192092896,-0.30000001192092896,-0.27222244152523806
1.2999999523162842,0.4521008412170105,-0.30000001192092896,0.3103092908859253,0.5222222208976746,-0.30000001192092896,-0.30000001192092896,-0.30000001192092896,-0.30000001192092896,-0.30000001192092896,-0.30000001192092896,0.30000001192092896,-0.30000001192092896,0.30000001192092896,-0.30000001192092896,-0.299900217825238
1.2999999523162842,0.3018203282170105,-0.30000001192092896,0.3618556828859253,0.4538461528976746,-0.30000001192092896,-0.17903226992092897,-0.28989900192092893,-0.30000001192092896,-0.30000001192092896,-0.30000001192092896,1.021925145920929,-0.0012448249209289775,1.088932179920929,-0.30000001192092896,-0.24223814652523804
1.2999999523162842,0.4221108382170105,-0.30000001192092896,0.3103092908859253,0.5222222208976746,-0.30000001192092896,-0.30000001192092896,-0.30000001192092896,-0.30000001192092896,-0.30000001192092896,-0.30000001192092896,0.30000001192092896,-0.30000001192092896,0.30000001192092896,-0.30000001192092896,-0.299220969525238
1.2999999523162842,0.3015322432170105,-0.30000001192092896,0.3103092908859253,0.34273504189767456,-0.30000001192092896,-0.25967743092092893,-0.28989900192092893,-0.30000001192092896,-0.30000001192092896,-0.30000001192092896,0.7812834339209289,-0.30000001192092896,0.30000001192092896,-0.30000001192092896,-0.295836035525238
1.2999999523162842,0.3918179052170105,-0.30000001192092896,0.3103092908859253,0.5222222208976746,-0.30000001192092896,-0.30000001192092896,-0.30000001192092896,-0.30000001192092896,-0.30000001192092896,-0.30000001192092896,0.30000001192092896,-0.27095436892092895,1.0270663139209288,-0.30000001192092896,-0.297899727525238
1.2999999523162842,0.3315234582170105,-0.30000001192092896,0.3103092908859253,0.34273504189767456,-0.30000001192092896,-0.18709678592092896,-0.28989900192092893,-0.30000001192092896,-0.30000001192092896,-0.30000001192092896,1.011229958920929,-0.30000001192092896,0.30000001192092896,-0.30000001192092896,-0.29984034252523806
1.2999999523162842,1.1182424302170104,-0.30000001192092896,0.3103092908859253,0.3769230758976746,-0.30000001192092896,-0.30000001192092896,-0.30000001192092896,-0.30000001192092896,-0.30000001192092896,-0.30000001192092896,0.30000001192092896,-0.30000001192092896,0.30000001192092896,-0.30000001192092896,-0.29965406552523804
1.2999999523162842,0.3927124552170105,-0.30000001192092896,0.3103092908859253,0.3256410248976746,-0.30000001192092896,-0.22741936692092896,-0.28989900192092893,-0.30000001192092896,-0.30000001192092896,-0.30000001192092896,0.919652417920929,-0.09668050992092894,1.0696440369209288,-0.30000001192092896,-0.252017508525238
1.2999999523162842,0.3024470892170105,-0.30000001192092896,0.3103092908859253,0.3769230758976746,-0.30000001192092896,-0.22741936692092896,-0.28989900192092893,-0.30000001192092896,-0.30000001192092896,-0.30000001192092896,0.9189839689209289,-0.30000001192092896,0.30000001192092896,-0.30000001192092896,-0.29984100852523804
0.2999999523162842,0.3006064912170105,-0.10757050292092896,0.3000000128859253,0.3256410248976746,0.699999988079071,-0.30000001192092896,-0.30000001192092896,0.699999988079071,-0.10808081992092897,-0.05103735592092895,0.30000001192092896,-0.30000001192092896,0.30000001192092896,-0.10000001192092894,-0.29766377552523804
1.2999999523162842,0.3057717382170105,-0.30000001192092896,0.3103092908859253,0.34273504189767456,-0.30000001192092896,-0.11451614092092896,-0.06767677992092896,-0.30000001192092896,-0.30000001192092896,-0.30000001192092896,0.30000001192092896,-0.30000001192092896,0.30000001192092896,-0.30000001192092896,-0.29983945552523805
0.2999999523162842,0.3039535572170105,-0.15333308492092895,0.3000000128859253,0.33418803289767457,0.699999988079071,-0.30000001192092896,-0.30000001192092896,0.699999988079071,-0.19898991092092894,-0.12157677492092894,0.30000001192092896,-0.30000001192092896,0.30000001192092896,-0.16666667892092896,-0.29830621252523803
1.2999999523162842,0.3618266902170105,-0.30000001192092896,0.4237113528859253,0.5307692298976746,-0.30000001192092896,-0.30000001192092896,-0.30000001192092896,-0.30000001192092896,-0.30000001192092896,-0.30000001192092896,0.30000001192092896,-0.24605810292092894,0.808402569920929,-0.30000001192092896,-0.28724419352523806
1.2999999523162842,0.5432743892170104,-0.30000001192092896,0.3103092908859253,0.5051282038976745,-0.30000001192092896,-0.30000001192092896,-0.30000001192092896,-0.30000001192092896,-0.30000001192092896,-0.30000001192092896,0.30000001192092896,-0.30000001192092896,0.30000001192092896,-0.30000001192092896,-0.29990088312523805
1.2999999523162842,0.3909091172170105,-0.30000001192092896,0.3103092908859253,0.4794871778976746,-0.30000001192092896,-0.30000001192092896,-0.30000001192092896,-0.30000001192092896,-0.30000001192092896,-0.30000001192092896,0.30000001192092896,-0.30000001192092896,0.30000001192092896,-0.30000001192092896,-0.28046567752523804
1.2999999523162842,0.5426552022170105,-0.30000001192092896,0.3103092908859253,0.3769230758976746,-0.30000001192092896,-0.30000001192092896,-0.30000001192092896,-0.30000001192092896,-0.30000001192092896,-0.30000001192092896,0.30000001192092896,-0.30000001192092896,0.30000001192092896,-0.30000001192092896,-0.299703960525238
1.2999999523162842,0.3909091172170105,-0.30000001192092896,0.3103092908859253,0.33418803289767457,-0.30000001192092896,-0.30000001192092896,-0.30000001192092896,-0.30000001192092896,-0.30000001192092896,-0.30000001192092896,0.30000001192092896,-0.27925312392092894,1.077346022920929,-0.30000001192092896,-0.299226956525238
1.2999999523162842,0.3009109342170105,-0.30000001192092896,0.3103092908859253,0.3170940158976746,-0.30000001192092896,0.240322569079071,-0.28989900192092893,-0.30000001192092896,-0.30000001192092896,-0.30000001192092896,1.195721936920929,-0.30000001192092896,0.30000001192092896,-0.30000001192092896,-0.29983945552523805
1.2999999523162842,0.4521008412170105,-0.30000001192092896,0.3103092908859253,0.5222222208976746,-0.30000001192092896,-0.30000001192092896,-0.30000001192092896,-0.30000001192092896,-0.30000001192092896,-0.30000001192092896,0.30000001192092896,-0.30000001192092896,0.30000001192092896,-0.30000001192092896,-0.29989644752523803
1.2999999523162842,0.4826967032170105,-0.30000001192092896,0.3103092908859253,0.5307692298976746,-0.30000001192092896,-0.30000001192092896,-0.30000001192092896,-0.30000001192092896,-0.30000001192092896,-0.30000001192092896,0.30000001192092896,-0.30000001192092896,0.30000001192092896,-0.30000001192092896,-0.299305459525238
1.2999999523162842,0.9667777672170105,-0.30000001192092896,0.3103092908859253,0.3769230758976746,-0.30000001192092896,-0.30000001192092896,-0.30000001192092896,-0.30000001192092896,-0.30000001192092896,-0.30000001192092896,0.30000001192092896,-0.30000001192092896,0.30000001192092896,-0.30000001192092896,-0.29990487482523803
1.2999999523162842,0.5432825682170105,-0.30000001192092896,0.3103092908859253,0.5222222208976746,-0.30000001192092896,-0.30000001192092896,-0.30000001192092896,-0.30000001192092896,-0.30000001192092896,-0.30000001192092896,0.30000001192092896,-0.30000001192092896,0.30000001192092896,-0.30000001192092896,-0.299201897525238
1.2999999523162842,0.4829996322170105,-0.30000001192092896,0.3103092908859253,0.5136752128976746,-0.30000001192092896,-0.30000001192092896,-0.30000001192092896,-0.30000001192092896,-0.30000001192092896,-0.30000001192092896,0.30000001192092896,-0.30000001192092896,0.30000001192092896,-0.30000001192092896,-0.29922052552523803
1.2999999523162842,0.5435854982170105,-0.30000001192092896,0.3103092908859253,0.5307692298976746,-0.30000001192092896,-0.30000001192092896,-0.30000001192092896,-0.30000001192092896,-0.30000001192092896,-0.30000001192092896,0.30000001192092896,-0.30000001192092896,0.30000001192092896,-0.30000001192092896,-0.299256450525238
1.2999999523162842,1.1182424302170104,-0.30000001192092896,0.3103092908859253,0.3769230758976746,-0.30000001192092896,-0.30000001192092896,-0.30000001192092896,-0.30000001192092896,-0.30000001192092896,-0.30000001192092896,0.30000001192092896,-0.30000001192092896,0.30000001192092896,-0.30000001192092896,-0.29990465302523805
1.2999999523162842,0.3918030612170105,-0.30000001192092896,0.3103092908859253,0.3512820498976746,-0.30000001192092896,-0.25967743092092893,-0.28989900192092893,-0.30000001192092896,-0.30000001192092896,-0.30000001192092896,0.7812834339209289,0.04024895107907106,0.828261539920929,-0.30000001192092896,-0.25108789452523805
1.2999999523162842,0.6938384432170105,-0.30000001192092896,0.3103092908859253,0.3769230758976746,-0.30000001192092896,-0.30000001192092896,-0.30000001192092896,-0.30000001192092896,-0.30000001192092896,-0.30000001192092896,0.30000001192092896,-0.30000001192092896,0.30000001192092896,-0.30000001192092896,-0.29990465302523805
1.2999999523162842,0.33244375721701047,-0.30000001192092896,0.3103092908859253,0.3598290588976746,-0.30000001192092896,-0.26774194692092895,-0.28989900192092893,-0.30000001192092896,-0.30000001192092896,-0.30000001192092896,0.7278074989209289,0.04439832807907107,1.1335675959209288,-0.30000001192092896,-0.25149970152523804
1.2999999523162842,0.4233225552170105,-0.30000001192092896,0.3103092908859253,0.5051282038976745,-0.30000001192092896,-0.29193549592092893,-0.28989900192092893,-0.30000001192092896,-0.30000001192092896,-0.30000001192092896,0.4610962689209289,-0.30000001192092896,0.30000001192092896,-0.30000001192092896,-0.29985874852523803
1.2999999523162842,0.3327309342170105,-0.30000001192092896,0.3103092908859253,0.34273504189767456,-0.30000001192092896,-0.19516130192092895,-0.16868688092092896,-0.30000001192092896,-0.30000001192092896,-0.30000001192092896,0.30000001192092896,-0.30000001192092896,0.30000001192092896,-0.30000001192092896,-0.299841229525238
1.2999999523162842,0.4517979122170105,-0.30000001192092896,0.3103092908859253,0.5136752128976746,-0.30000001192092896,-0.30000001192092896,-0.30000001192092896,-0.30000001192092896,-0.30000001192092896,-0.30000001192092896,0.30000001192092896,-0.30000001192092896,0.30000001192092896,-0.30000001192092896,-0.299897113525238
1.2999999523162842,0.3618039702170105,-0.30000001192092896,0.3103092908859253,0.3512820498976746,-0.30000001192092896,-0.27580646392092895,-0.26969698192092895,-0.30000001192092896,-0.30000001192092896,-0.30000001192092896,0.35013370192092896,-0.30000001192092896,0.30000001192092896,-0.30000001192092896,-0.28732291852523806
1.2999999523162842,1.1179179932170105,-0.30000001192092896,0.3103092908859253,0.3769230758976746,-0.30000001192092896,-0.30000001192092896,-0.30000001192092896,-0.30000001192092896,-0.30000001192092896,-0.30000001192092896,0.30000001192092896,-0.29170125692092896,1.044382434920929,-0.30000001192092896,-0.29952078752523803
1.2999999523162842,0.3015195202170105,-0.30000001192092896,0.3103092908859253,0.33418803289767457,-0.30000001192092896,-0.12258065692092895,-0.28989900192092893,-0.30000001192092896,-0.30000001192092896,-0.30000001192092896,1.0794117769209288,-0.30000001192092896,0.30000001192092896,-0.30000001192092896,-0.24864410652523802
1.2999999523162842,0.48239377421701046,-0.30000001192092896,0.3103092908859253,0.5136752128976746,-0.30000001192092896,-0.30000001192092896,-0.30000001192092896,-0.30000001192092896,-0.30000001192092896,-0.30000001192092896,0.30000001192092896,-0.29170125692092896,0.985206940920929,-0.30000001192092896,-0.29835522052523805
1.2999999523162842,0.5432825682170105,-0.30000001192092896,0.3103092908859253,0.5136752128976746,-0.30000001192092896,-0.30000001192092896,-0.30000001192092896,-0.30000001192092896,-0.30000001192092896,-0.30000001192092896,0.30000001192092896,-0.30000001192092896,0.30000001192092896,-0.30000001192092896,-0.29939992852523806
1.2999999523162842,0.4211766042170105,-0.30000001192092896,0.5371134148859253,0.5393162378976746,-0.30000001192092896,-0.30000001192092896,-0.30000001192092896,-0.30000001192092896,-0.30000001192092896,-0.30000001192092896,0.30000001192092896,-0.24605810292092894,0.572031290920929,-0.30000001192092896,-0.29513882452523804
1.2999999523162842,0.4833025622170105,-0.30000001192092896,0.3103092908859253,0.5222222208976746,-0.30000001192092896,-0.30000001192092896,-0.30000001192092896,-0.30000001192092896,-0.30000001192092896,-0.30000001192092896,0.30000001192092896,-0.30000001192092896,0.30000001192092896,-0.30000001192092896,-0.29990088312523805
1.2999999523162842,0.3054551772170105,-0.30000001192092896,0.3103092908859253,0.3512820498976746,-0.30000001192092896,-0.07419355992092896,-0.28989900192092893,-0.30000001192092896,-0.30000001192092896,-0.30000001192092896,1.104812845920929,-0.30000001192092896,0.30000001192092896,-0.30000001192092896,-0.29983901252523804
1.2999999523162842,0.3624192202170105,-0.30000001192092896,0.3103092908859253,0.5051282038976745,-0.30000001192092896,-0.30000001192092896,-0.30000001192092896,-0.30000001192092896,-0.30000001192092896,-0.30000001192092896,0.30000001192092896,-0.29170125692092896,1.037685921920929,-0.30000001192092896,-0.26712175552523804
1.2999999523162842,0.3630217462170105,-0.30000001192092896,0.3103092908859253,0.34273504189767456,-0.30000001192092896,-0.16290323792092895,-0.28989900192092893,-0.30000001192092896,-0.30000001192092896,-0.30000001192092896,1.038636375920929,-0.30000001192092896,0.30000001192092896,-0.30000001192092896,-0.299849213525238
1.2999999523162842,0.3621005382170105,-0.30000001192092896,0.3103092908859253,0.5222222208976746,-0.30000001192092896,-0.30000001192092896,-0.30000001192092896,-0.30000001192092896,-0.30000001192092896,-0.30000001192092896,0.30000001192092896,-0.30000001192092896,0.30000001192092896,-0.30000001192092896,-0.29947177852523804
1.2999999523162842,0.4533125582170105,-0.30000001192092896,0.3103092908859253,0.5222222208976746,-0.30000001192092896,-0.30000001192092896,-0.30000001192092896,-0.30000001192092896,-0.30000001192092896,-0.30000001192092896,0.30000001192092896,-0.30000001192092896,0.30000001192092896,-0.30000001192092896,-0.29867965452523804
1.2999999523162842,0.3024455742170105,-0.30000001192092896,0.3103092908859253,0.3512820498976746,-0.30000001192092896,-0.24354839892092894,-0.28989900192092893,-0.30000001192092896,-0.30000001192092896,-0.30000001192092896,0.861497337920929,-0.30000001192092896,0.30000001192092896,-0.30000001192092896,-0.29984012152523803
1.2999999523162842,0.3912120462170105,-0.30000001192092896,0.3103092908859253,0.3256410248976746,-0.30000001192092896,-0.09838710892092895,-0.04747475892092895,-0.30000001192092896,-0.30000001192092896,-0.30000001192092896,0.30000001192092896,-0.30000001192092896,0.30000001192092896,-0.30000001192092896,-0.29985542252523806
1.2999999523162842,0.4820878152170105,-0.30000001192092896,0.3103092908859253,0.4794871778976746,-0.30000001192092896,-0.30000001192092896,-0.30000001192092896,-0.30000001192092896,-0.30000001192092896,-0.30000001192092896,0.30000001192092896,-0.30000001192092896,0.30000001192092896,-0.30000001192092896,-0.299899996525238
1.2999999523162842,0.5432725722170105,-0.30000001192092896,0.3103092908859253,0.5136752128976746,-0.30000001192092896,-0.30000001192092896,-0.30000001192092896,-0.30000001192092896,-0.30000001192092896,-0.30000001192092896,0.30000001192092896,-0.295850633920929,1.092871814920929,-0.30000001192092896,-0.29932253452523805
1.2999999523162842,0.3624098292170105,-0.30000001192092896,0.3103092908859253,0.34273504189767456,-0.30000001192092896,-0.25161291492092897,-0.28989900192092893,-0.30000001192092896,-0.30000001192092896,-0.30000001192092896,0.8020053599209289,-0.30000001192092896,0.30000001192092896,-0.30000001192092896,-0.29984965652523804
1.2999999523162842,0.5741813592170105,-0.30000001192092896,0.3103092908859253,0.5222222208976746,-0.30000001192092896,-0.30000001192092896,-0.30000001192092896,-0.30000001192092896,-0.30000001192092896,-0.30000001192092896,0.30000001192092896,-0.30000001192092896,0.30000001192092896,-0.30000001192092896,-0.299471335525238
1.2999999523162842,0.4220956912170105,-0.30000001192092896,0.3103092908859253,0.4282051268976746,-0.30000001192092896,-0.30000001192092896,-0.30000001192092896,-0.30000001192092896,-0.30000001192092896,-0.30000001192092896,0.30000001192092896,-0.30000001192092896,0.30000001192092896,-0.30000001192092896,-0.26814317952523803
1.2999999523162842,0.3912029582170105,-0.30000001192092896,0.3103092908859253,0.33418803289767457,-0.30000001192092896,-0.13064517292092895,-0.28989900192092893,-0.30000001192092896,-0.30000001192092896,-0.30000001192092896,1.072058835920929,-0.30000001192092896,0.30000001192092896,-0.30000001192092896,-0.29985209652523803
1.2999999523162842,0.3018366872170105,-0.30000001192092896,0.6402061988859253,0.4367521358976746,-0.30000001192092896,-0.30000001192092896,-0.30000001192092896,-0.30000001192092896,-0.30000001192092896,-0.30000001192092896,0.30000001192092896,-0.24605810292092894,0.913875549920929,-0.30000001192092896,-0.275048319525238
1.2999999523162842,0.42271669621701047,-0.30000001192092896,0.3103092908859253,0.5222222208976746,-0.30000001192092896,-0.29193549592092893,-0.28989900192092893,-0.30000001192092896,-0.30000001192092896,-0.30000001192092896,0.4610962689209289,-0.30000001192092896,0.30000001192092896,-0.30000001192092896,-0.280234382525238
1.2999999523162842,0.3621308312170105,-0.30000001192092896,0.3103092908859253,0.3512820498976746,-0.30000001192092896,-0.29193549592092893,-0.28989900192092893,-0.30000001192092896,-0.30000001192092896,-0.30000001192092896,0.4610962689209289,0.699999988079071,0.695747523920929,-0.30000001192092896,-0.24275551052523803
1.2999999523162842,0.3027263902170105,-0.30000001192092896,0.3103092908859253,0.3512820498976746,-0.30000001192092896,-0.22741936692092896,-0.20909092092092896,-0.30000001192092896,-0.30000001192092896,-0.30000001192092896,0.368850278920929,0.12738588007907103,0.944194374920929,-0.30000001192092896,-0.254666201525238
1.2999999523162842,0.5129896362170105,-0.30000001192092896,0.3103092908859253,0.5136752128976746,-0.30000001192092896,-0.30000001192092896,-0.30000001192092896,-0.30000001192092896,-0.30000001192092896,-0.30000001192092896,0.30000001192092896,-0.30000001192092896,0.30000001192092896,-0.30000001192092896,-0.299901104925238
1.2999999523162842,0.5426767102170105,-0.30000001192092896,0.3103092908859253,0.5222222208976746,-0.30000001192092896,-0.30000001192092896,-0.30000001192092896,-0.30000001192092896,-0.30000001192092896,-0.30000001192092896,0.30000001192092896,-0.295850633920929,0.9734403289209289,-0.30000001192092896,-0.299717709525238
1.2999999523162842,0.3912120462170105,-0.30000001192092896,0.3103092908859253,0.3683760668976746,-0.30000001192092896,-0.25161291492092897,-0.23939395092092897,-0.30000001192092896,-0.30000001192092896,-0.30000001192092896,0.30000001192092896,-0.30000001192092896,0.30000001192092896,-0.30000001192092896,-0.29986163152523804
1.2999999523162842,0.4530096292170105,-0.30000001192092896,0.3103092908859253,0.5222222208976746,-0.30000001192092896,-0.30000001192092896,-0.30000001192092896,-0.30000001192092896,-0.30000001192092896,-0.30000001192092896,0.30000001192092896,-0.30000001192092896,0.30000001192092896,-0.30000001192092896,-0.29990088312523805
1.2999999523162842,0.4524037702170105,-0.30000001192092896,0.3103092908859253,0.5222222208976746,-0.30000001192092896,-0.30000001192092896,-0.30000001192092896,0.699999988079071,-0.30000001192092896,-0.30000001192092896,0.30000001192092896,-0.30000001192092896,0.30000001192092896,-0.30000001192092896,-0.299896669525238
1.2999999523162842,0.4536154882170105,-0.30000001192092896,0.3103092908859253,0.5393162378976746,-0.30000001192092896,-0.30000001192092896,-0.30000001192092896,-0.30000001192092896,-0.30000001192092896,-0.30000001192092896,0.30000001192092896,-0.295850633920929,1.131897453920929,-0.30000001192092896,-0.29910986752523805
1.2999999523162842,0.45238710921701053,-0.30000001192092896,0.3103092908859253,0.5136752128976746,-0.30000001192092896,-0.30000001192092896,-0.30000001192092896,-0.30000001192092896,-0.30000001192092896,-0.30000001192092896,0.30000001192092896,-0.30000001192092896,0.30000001192092896,-0.30000001192092896,-0.29914889752523804
1.2999999523162842,0.4533125582170105,-0.30000001192092896,0.3103092908859253,0.5136752128976746,-0.30000001192092896,-0.30000001192092896,-0.30000001192092896,-0.30000001192092896,-0.30000001192092896,-0.30000001192092896,0.30000001192092896,-0.295850633920929,1.077346022920929,-0.30000001192092896,-0.299074607525238
1.2999999523162842,0.4526927652170105,-0.30000001192092896,0.3103092908859253,0.38547008389767456,-0.30000001192092896,-0.29193549592092893,-0.28989900192092893,-0.30000001192092896,-0.30000001192092896,-0.30000001192092896,0.4610962689209289,0.699999988079071,1.003730975920929,-0.30000001192092896,-0.24773511552523803
1.2999999523162842,0.3348505302170105,-0.30000001192092896,0.3103092908859253,0.3170940158976746,-0.30000001192092896,-0.15483872192092896,-0.11818182992092896,-0.30000001192092896,-0.30000001192092896,-0.30000001192092896,0.30000001192092896,-0.30000001192092896,0.30000001192092896,-0.30000001192092896,-0.29984278252523805
1.2999999523162842,0.39333255221701047,-0.30000001192092896,0.3103092908859253,0.5051282038976745,-0.30000001192092896,-0.30000001192092896,-0.30000001192092896,-0.30000001192092896,-0.30000001192092896,-0.30000001192092896,0.30000001192092896,-0.295850633920929,0.846887934920929,-0.30000001192092896,-0.29888611252523806
1.2999999523162842,0.3908815502170105,-0.30000001192092896,0.48556702288592535,0.38547008389767456,-0.30000001192092896,-0.30000001192092896,-0.30000001192092896,-0.30000001192092896,-0.30000001192092896,-0.30000001192092896,0.30000001192092896,-0.24605810292092894,1.088932179920929,-0.30000001192092896,-0.29519892052523805
1.2999999523162842,0.42180790821701053,-0.30000001192092896,0.3103092908859253,0.5136752128976746,-0.30000001192092896,-0.30000001192092896,-0.30000001192092896,-0.30000001192092896,-0.30000001192092896,-0.30000001192092896,0.30000001192092896,-0.295850633920929,1.1746556309209288,-0.30000001192092896,-0.299256450525238
1.2999999523162842,0.4227115462170105,-0.30000001192092896,0.3103092908859253,0.34273504189767456,-0.30000001192092896,-0.20322581792092898,-0.28989900192092893,-0.30000001192092896,-0.30000001192092896,-0.30000001192092896,0.981818193920929,-0.30000001192092896,0.30000001192092896,-0.30000001192092896,-0.29985564452523805
1.2999999523162842,0.4212020502170105,-0.30000001192092896,0.3103092908859253,0.5307692298976746,-0.30000001192092896,-0.30000001192092896,-0.30000001192092896,-0.30000001192092896,-0.30000001192092896,-0.30000001192092896,0.30000001192092896,-0.30000001192092896,0.30000001192092896,-0.30000001192092896,-0.299900661325238
1.2999999523162842,0.30090911721701047,-0.30000001192092896,0.3103092908859253,0.3683760668976746,-0.30000001192092896,-0.29193549592092893,-0.28989900192092893,-0.30000001192092896,-0.30000001192092896,-0.30000001192092896,0.460427818920929,-0.30000001192092896,0.30000001192092896,-0.30000001192092896,-0.29983989952523804
1.2999999523162842,0.3030411342170105,-0.30000001192092896,0.3103092908859253,0.33418803289767457,-0.30000001192092896,0.07903224607907106,0.17474746307907102,-0.30000001192092896,-0.30000001192092896,-0.30000001192092896,0.30334225792092895,-0.30000001192092896,0.30000001192092896,-0.30000001192092896,-0.29983945552523805
1.2999999523162842,0.3021338602170105,-0.30000001192092896,0.3103092908859253,0.3512820498976746,-0.30000001192092896,-0.21935485092092893,-0.28989900192092893,-0.30000001192092896,-0.30000001192092896,-0.30000001192092896,0.9417112419209289,-0.10497926492092896,0.920659170920929,-0.30000001192092896,-0.24990680452523803
1.2999999523162842,0.3609033612170105,-0.30000001192092896,0.3103092908859253,0.34273504189767456,-0.30000001192092896,-0.18709678592092896,-0.15858587092092896,-0.30000001192092896,-0.30000001192092896,-0.30000001192092896,0.30000001192092896,-0.30000001192092896,0.30000001192092896,-0.30000001192092896,-0.29984145152523806
1.2999999523162842,0.3045609302170105,-0.30000001192092896,0.3103092908859253,0.34273504189767456,-0.30000001192092896,-0.23548388292092895,-0.21919193092092895,-0.30000001192092896,-0.30000001192092896,-0.30000001192092896,0.30000001192092896,-0.30000001192092896,0.30000001192092896,-0.30000001192092896,-0.29983989952523804
1.2999999523162842,0.3915149762170105,-0.30000001192092896,0.3103092908859253,0.5136752128976746,-0.30000001192092896,-0.30000001192092896,-0.30000001192092896,-0.30000001192092896,-0.30000001192092896,-0.30000001192092896,0.30000001192092896,-0.30000001192092896,0.30000001192092896,-0.30000001192092896,-0.291271785525238
1.2999999523162842,0.36060891421701047,-0.30000001192092896,0.3103092908859253,0.34273504189767456,-0.30000001192092896,-0.21129033492092897,-0.28989900192092893,-0.30000001192092896,-0.30000001192092896,-0.30000001192092896,0.961764717920929,-0.10912864292092894,0.766034467920929,-0.30000001192092896,-0.252253460525238
1.2999999523162842,0.3609154782170105,-0.30000001192092896,0.33092784788592533,0.5136752128976746,-0.30000001192092896,-0.30000001192092896,-0.30000001192092896,-0.30000001192092896,-0.30000001192092896,-0.30000001192092896,0.30000001192092896,-0.24605810292092894,0.7381502899209289,-0.30000001192092896,-0.29513571952523804
1.2999999523162842,0.3303232522170105,-0.30000001192092896,0.3103092908859253,0.3683760668976746,-0.30000001192092896,-0.30000001192092896,-0.30000001192092896,-0.30000001192092896,-0.30000001192092896,-0.30000001192092896,0.30000001192092896,-0.30000001192092896,0.30000001192092896,-0.30000001192092896,-0.29845878252523805
1.2999999523162842,0.5423646922170104,-0.30000001192092896,0.3103092908859253,0.5222222208976746,-0.30000001192092896,-0.30000001192092896,-0.30000001192092896,-0.30000001192092896,-0.30000001192092896,-0.30000001192092896,0.30000001192092896,-0.295850633920929,0.9734403289209289,-0.30000001192092896,-0.29943718452523804
1.2999999523162842,0.4829996322170105,-0.30000001192092896,0.3103092908859253,0.5051282038976745,-0.30000001192092896,-0.30000001192092896,-0.30000001192092896,-0.30000001192092896,-0.30000001192092896,-0.30000001192092896,0.30000001192092896,-0.30000001192092896,0.30000001192092896,-0.30000001192092896,-0.29939615852523804
1.2999999523162842,0.4221041732170105,-0.30000001192092896,0.3103092908859253,0.4282051268976746,-0.30000001192092896,-0.28387097992092897,-0.28989900192092893,-0.30000001192092896,-0.30000001192092896,-0.30000001192092896,0.575401081920929,-0.30000001192092896,0.30000001192092896,-0.30000001192092896,-0.275620902525238
1.2999999523162842,0.3000015408670105,-0.30000001192092896,0.3103092908859253,0.2999999988976746,-0.30000001192092896,-0.26774194692092895,-0.259595971920929,-0.30000001192092896,-0.30000001192092896,-0.30000001192092896,0.30000001192092896,-0.30000001192092896,0.30000001192092896,-0.30000001192092896,-0.29994967012523804
1.2999999523162842,0.3018315372170105,-0.30000001192092896,0.3103092908859253,0.3512820498976746,-0.30000001192092896,0.0064516010790710565,-0.28989900192092893,-0.30000001192092896,-0.30000001192092896,-0.30000001192092896,1.138235305920929,-0.30000001192092896,0.30000001192092896,-0.30000001192092896,-0.29984056452523805
1.2999999523162842,0.8758989692170105,-0.30000001192092896,0.3103092908859253,0.3769230758976746,-0.30000001192092896,-0.30000001192092896,-0.30000001192092896,-0.30000001192092896,-0.30000001192092896,-0.30000001192092896,0.30000001192092896,-0.283402501920929,0.7782413209209289,-0.30000001192092896,-0.29947333152523803
1.2999999523162842,0.4817879152170105,-0.30000001192092896,0.3103092908859253,0.3769230758976746,-0.30000001192092896,-0.30000001192092896,-0.30000001192092896,-0.30000001192092896,-0.30000001192092896,-0.30000001192092896,0.30000001192092896,-0.26680499092092896,0.721907532920929,-0.30000001192092896,-0.29967734952523806
1.2999999523162842,0.3039684002170105,-0.30000001192092896,0.3103092908859253,0.34273504189767456,-0.30000001192092896,-0.23548388292092895,-0.28989900192092893,-0.30000001192092896,-0.30000001192092896,-0.30000001192092896,0.893582899920929,-0.07593362192092895,0.985206940920929,-0.30000001192092896,-0.250286899525238
1.2999999523162842,0.45207266821701053,-0.30000001192092896,0.3103092908859253,0.46239316089767457,-0.30000001192092896,-0.30000001192092896,-0.30000001192092896,-0.30000001192092896,-0.30000001192092896,-0.30000001192092896,0.30000001192092896,-0.30000001192092896,0.30000001192092896,-0.30000001192092896,-0.286703987525238
1.2999999523162842,0.48268761521701053,-0.30000001192092896,0.3103092908859253,0.5222222208976746,-0.30000001192092896,-0.30000001192092896,-0.30000001192092896,-0.30000001192092896,-0.30000001192092896,-0.30000001192092896,0.30000001192092896,-0.283402501920929,0.9734403289209289,-0.30000001192092896,-0.299032030525238
1.2999999523162842,0.3054530572170105,-0.30000001192092896,0.3103092908859253,0.34273504189767456,-0.30000001192092896,-0.11451614092092896,-0.28989900192092893,-0.30000001192092896,-0.30000001192092896,-0.30000001192092896,1.083422471920929,-0.16307055092092895,0.9747591699209289,-0.30000001192092896,-0.25412621852523803
1.2999999523162842,0.4530096292170105,-0.30000001192092896,0.3103092908859253,0.5222222208976746,-0.30000001192092896,-0.30000001192092896,-0.30000001192092896,-0.30000001192092896,-0.30000001192092896,-0.30000001192092896,0.30000001192092896,-0.30000001192092896,0.30000001192092896,-0.30000001192092896,-0.299002092525238
1.2999999523162842,0.3009115402170105,-0.30000001192092896,0.3103092908859253,0.3512820498976746,-0.30000001192092896,-0.25967743092092893,-0.28989900192092893,-0.30000001192092896,-0.30000001192092896,-0.30000001192092896,0.7812834339209289,0.01120330807907105,1.088932179920929,-0.30000001192092896,-0.24660480852523803
1.2999999523162842,0.3015449662170105,-0.30000001192092896,0.3103092908859253,0.3256410248976746,-0.30000001192092896,-0.05806452792092895,-0.28989900192092893,-0.30000001192092896,-0.30000001192092896,-0.30000001192092896,1.122192524920929,-0.20871370492092894,1.0424097209209289,-0.30000001192092896,-0.25442714552523804
1.2999999523162842,0.3315164902170105,-0.30000001192092896,0.3103092908859253,0.3683760668976746,-0.30000001192092896,-0.20322581792092898,-0.17878789092092895,-0.30000001192092896,-0.30000001192092896,-0.30000001192092896,0.30000001192092896,-0.30000001192092896,0.30000001192092896,-0.30000001192092896,-0.29983923452523803
1.2999999523162842,0.4521008412170105,-0.30000001192092896,0.3103092908859253,0.33418803289767457,-0.30000001192092896,-0.27580646392092895,-0.26969698192092895,-0.30000001192092896,-0.30000001192092896,-0.30000001192092896,0.30000001192092896,-0.30000001192092896,0.30000001192092896,-0.30000001192092896,-0.29985387052523804
1.2999999523162842,0.5126867062170105,-0.30000001192092896,0.3103092908859253,0.5222222208976746,-0.30000001192092896,-0.30000001192092896,-0.30000001192092896,-0.30000001192092896,-0.30000001192092896,-0.30000001192092896,0.30000001192092896,-0.29170125692092896,0.751065240920929,-0.30000001192092896,-0.29895397052523803
1.2999999523162842,0.5135806512170105,-0.30000001192092896,0.3103092908859253,0.5222222208976746,-0.30000001192092896,-0.30000001192092896,-0.30000001192092896,-0.30000001192092896,-0.30000001192092896,-0.30000001192092896,0.30000001192092896,-0.30000001192092896,0.30000001192092896,-0.30000001192092896,-0.299900661325238
1.2999999523162842,0.5120808482170105,-0.30000001192092896,0.3103092908859253,0.5136752128976746,-0.30000001192092896,-0.30000001192092896,-0.30000001192092896,-0.30000001192092896,-0.30000001192092896,-0.30000001192092896,0.30000001192092896,-0.30000001192092896,0.30000001192092896,-0.30000001192092896,-0.29939970752523803
1.2999999523162842,0.5123837772170106,-0.30000001192092896,0.3103092908859253,0.5222222208976746,-0.30000001192092896,-0.30000001192092896,-0.30000001192092896,-0.30000001192092896,-0.30000001192092896,-0.30000001192092896,0.30000001192092896,-0.30000001192092896,0.30000001192092896,-0.30000001192092896,-0.29990088312523805
1.2999999523162842,0.3033361872170105,-0.30000001192092896,0.3103092908859253,0.3512820498976746,-0.30000001192092896,-0.25967743092092893,-0.24949496092092896,-0.30000001192092896,-0.30000001192092896,-0.30000001192092896,0.30000001192092896,-0.30000001192092896,0.30000001192092896,-0.30000001192092896,-0.29984034252523806
1.2999999523162842,0.3921193202170105,-0.30000001192092896,0.3103092908859253,0.4025641018976746,-0.30000001192092896,-0.29193549592092893,-0.28989900192092893,-0.30000001192092896,-0.30000001192092896,-0.30000001192092896,0.460427818920929,0.14398339007907107,0.915058009920929,-0.30000001192092896,-0.25050644152523804
1.2999999523162842,0.3048708272170105,-0.30000001192092896,0.3103092908859253,0.34273504189767456,-0.30000001192092896,-0.21129033492092897,-0.18888890092092897,-0.30000001192092896,-0.30000001192092896,-0.30000001192092896,0.30000001192092896,-0.30000001192092896,0.30000001192092896,-0.30000001192092896,-0.29984034252523806
1.2999999523162842,0.3315349692170105,-0.30000001192092896,0.3103092908859253,0.3598290588976746,-0.30000001192092896,-0.22741936692092896,-0.20909092092092896,-0.30000001192092896,-0.30000001192092896,-0.30000001192092896,0.30000001192092896,-0.30000001192092896,0.30000001192092896,-0.30000001192092896,-0.299844556525238
1.2999999523162842,0.3912120462170105,-0.30000001192092896,0.3103092908859253,0.5222222208976746,-0.30000001192092896,-0.30000001192092896,-0.30000001192092896,-0.30000001192092896,-0.30000001192092896,-0.30000001192092896,0.30000001192092896,-0.30000001192092896,0.30000001192092896,-0.30000001192092896,-0.299901104925238
1.2999999523162842,0.42150497921701047,-0.30000001192092896,0.3103092908859253,0.4367521358976746,-0.30000001192092896,-0.27580646392092895,-0.26969698192092895,-0.30000001192092896,-0.30000001192092896,-0.30000001192092896,0.30000001192092896,-0.30000001192092896,0.30000001192092896,-0.30000001192092896,-0.29986340552523805
1.2999999523162842,0.4826967032170105,-0.30000001192092896,0.3103092908859253,0.5222222208976746,-0.30000001192092896,-0.30000001192092896,-0.30000001192092896,-0.30000001192092896,-0.30000001192092896,-0.30000001192092896,0.30000001192092896,-0.30000001192092896,0.30000001192092896,-0.30000001192092896,-0.29924336652523803
1.2999999523162842,0.45149498221701045,-0.30000001192092896,0.3103092908859253,0.5307692298976746,-0.30000001192092896,-0.30000001192092896,-0.30000001192092896,-0.30000001192092896,-0.30000001192092896,-0.30000001192092896,0.30000001192092896,-0.30000001192092896,0.30000001192092896,-0.30000001192092896,-0.29990088312523805
1.2999999523162842,0.5435854982170105,-0.30000001192092896,0.3103092908859253,0.5222222208976746,-0.30000001192092896,-0.30000001192092896,-0.30000001192092896,-0.30000001192092896,-0.30000001192092896,-0.30000001192092896,0.30000001192092896,-0.30000001192092896,0.30000001192092896,-0.30000001192092896,-0.29990088312523805
1.2999999523162842,0.3915007382170105,-0.30000001192092896,0.3103092908859253,0.4025641018976746,-0.30000001192092896,-0.30000001192092896,-0.30000001192092896,-0.30000001192092896,-0.30000001192092896,-0.30000001192092896,0.30000001192092896,-0.30000001192092896,0.30000001192092896,-0.30000001192092896,-0.29987050252523806
1.2999999523162842,0.3909091172170105,-0.30000001192092896,0.3103092908859253,0.3256410248976746,-0.30000001192092896,-0.30000001192092896,-0.30000001192092896,-0.30000001192092896,-0.30000001192092896,-0.30000001192092896,0.30000001192092896,-0.295850633920929,0.7165446179209289,-0.30000001192092896,-0.29885972352523804
1.2999999523162842,0.5423737802170105,-0.30000001192092896,0.3103092908859253,0.5222222208976746,-0.30000001192092896,-0.30000001192092896,-0.30000001192092896,-0.30000001192092896,-0.30000001192092896,-0.30000001192092896,0.30000001192092896,-0.30000001192092896,0.30000001192092896,-0.30000001192092896,-0.29990088312523805
1.2999999523162842,0.3614949822170105,-0.30000001192092896,0.4546391878859253,0.5307692298976746,-0.30000001192092896,-0.30000001192092896,-0.30000001192092896,-0.30000001192092896,-0.30000001192092896,-0.30000001192092896,0.30000001192092896,-0.24605810292092894,1.1978775169209288,-0.30000001192092896,-0.284094768525238
1.2999999523162842,0.3915149762170105,-0.30000001192092896,0.3103092908859253,0.5222222208976746,-0.30000001192092896,-0.30000001192092896,-0.30000001192092896,-0.30000001192092896,-0.30000001192092896,-0.30000001192092896,0.30000001192092896,-0.30000001192092896,0.30000001192092896,-0.30000001192092896,-0.29864417352523803
1.2999999523162842,0.3315343632170105,-0.30000001192092896,0.3103092908859253,0.3512820498976746,-0.30000001192092896,-0.19516130192092895,-0.28989900192092893,-0.30000001192092896,-0.30000001192092896,-0.30000001192092896,0.9951871779209289,-0.13402490792092894,0.927652313920929,-0.30000001192092896,-0.24623092252523804
1.2999999523162842,0.36061618421701047,-0.30000001192092896,0.3103092908859253,0.3769230758976746,-0.30000001192092896,-0.30000001192092896,-0.30000001192092896,-0.30000001192092896,-0.30000001192092896,-0.30000001192092896,0.30000001192092896,-0.295850633920929,0.765188056920929,-0.30000001192092896,-0.29491307352523805
1.2999999523162842,0.5120808482170105,-0.30000001192092896,0.3103092908859253,0.5136752128976746,-0.30000001192092896,-0.30000001192092896,-0.30000001192092896,-0.30000001192092896,-0.30000001192092896,-0.30000001192092896,0.30000001192092896,-0.30000001192092896,0.30000001192092896,-0.30000001192092896,-0.29990088312523805
1.2999999523162842,0.5423637842170105,-0.30000001192092896,0.3103092908859253,0.5136752128976746,-0.30000001192092896,-0.30000001192092896,-0.30000001192092896,-0.30000001192092896,-0.30000001192092896,-0.30000001192092896,0.30000001192092896,-0.30000001192092896,0.30000001192092896,-0.30000001192092896,-0.299042231525238
1.2999999523162842,0.3051519452170105,-0.30000001192092896,0.3103092908859253,0.3256410248976746,-0.30000001192092896,0.12741934307907105,0.2353535230790711,-0.30000001192092896,-0.30000001192092896,-0.30000001192092896,0.30000001192092896,-0.30000001192092896,0.30000001192092896,-0.30000001192092896,-0.29983923452523803
1.2999999523162842,0.3612220432170105,-0.30000001192092896,0.3103092908859253,0.44529914389767455,-0.30000001192092896,-0.30000001192092896,-0.30000001192092896,-0.30000001192092896,-0.30000001192092896,-0.30000001192092896,0.30000001192092896,-0.30000001192092896,0.30000001192092896,-0.30000001192092896,-0.299869836525238
1.2999999523162842,0.4233225552170105,-0.30000001192092896,0.3103092908859253,0.5222222208976746,-0.30000001192092896,-0.30000001192092896,-0.30000001192092896,-0.30000001192092896,-0.30000001192092896,-0.30000001192092896,0.30000001192092896,-0.30000001192092896,0.30000001192092896,-0.30000001192092896,-0.299895782525238
1.2999999523162842,0.4239284142170105,-0.30000001192092896,0.3103092908859253,0.3598290588976746,-0.30000001192092896,-0.25967743092092893,-0.24949496092092896,-0.30000001192092896,-0.30000001192092896,-0.30000001192092896,0.30000001192092896,-0.30000001192092896,0.30000001192092896,-0.30000001192092896,-0.299856087525238
1.2999999523162842,0.4829875152170105,-0.30000001192092896,0.3103092908859253,0.5222222208976746,-0.30000001192092896,-0.29193549592092893,-0.28989900192092893,-0.30000001192092896,-0.30000001192092896,-0.30000001192092896,0.4610962689209289,-0.30000001192092896,0.30000001192092896,-0.30000001192092896,-0.28514368952523805
1.2999999523162842,0.3039608272170105,-0.30000001192092896,0.3103092908859253,0.33418803289767457,-0.30000001192092896,0.08709676207907102,0.18484847307907104,-0.30000001192092896,-0.30000001192092896,-0.30000001192092896,0.30000001192092896,-0.30000001192092896,0.30000001192092896,-0.30000001192092896,-0.29983834652523805
1.2999999523162842,0.4832813562170105,-0.30000001192092896,0.3103092908859253,0.5222222208976746,-0.30000001192092896,-0.30000001192092896,-0.30000001192092896,-0.30000001192092896,-0.30000001192092896,-0.30000001192092896,0.30000001192092896,-0.30000001192092896,0.30000001192092896,-0.30000001192092896,-0.299685333525238
1.2999999523162842,0.3054603272170105,-0.30000001192092896,0.3103092908859253,0.3256410248976746,-0.30000001192092896,-0.24354839892092894,-0.28989900192092893,-0.30000001192092896,-0.30000001192092896,-0.30000001192092896,0.861497337920929,-0.06763486692092896,0.985206940920929,-0.30000001192092896,-0.25166136352523805
1.2999999523162842,0.3306095202170105,-0.30000001192092896,0.5061855798859253,0.5393162378976746,-0.30000001192092896,-0.30000001192092896,-0.30000001192092896,0.699999988079071,-0.30000001192092896,-0.30000001192092896,0.40695188392092896,-0.24605810292092894,0.766397456920929,-0.30000001192092896,-0.24831767752523803
1.2999999523162842,0.3327212402170105,-0.30000001192092896,0.3824742398859253,0.5393162378976746,-0.30000001192092896,-0.30000001192092896,-0.30000001192092896,0.699999988079071,-0.30000001192092896,-0.30000001192092896,0.30000001192092896,-0.24605810292092894,0.572031290920929,-0.30000001192092896,-0.28032729952523805
1.2999999523162842,0.5729602512170104,-0.30000001192092896,0.3103092908859253,0.5136752128976746,-0.30000001192092896,-0.30000001192092896,-0.30000001192092896,-0.30000001192092896,-0.30000001192092896,-0.30000001192092896,0.30000001192092896,-0.30000001192092896,0.30000001192092896,-0.30000001192092896,-0.29990132662523805
1.2999999523162842,0.3611932652170105,-0.30000001192092896,0.3103092908859253,0.4025641018976746,-0.30000001192092896,-0.30000001192092896,-0.30000001192092896,-0.30000001192092896,-0.30000001192092896,-0.30000001192092896,0.30000001192092896,-0.30000001192092896,0.30000001192092896,-0.30000001192092896,-0.299870723525238
1.2999999523162842,0.6638484402170105,-0.30000001192092896,0.3103092908859253,0.3769230758976746,-0.30000001192092896,-0.30000001192092896,-0.30000001192092896,-0.30000001192092896,-0.30000001192092896,-0.30000001192092896,0.30000001192092896,-0.295850633920929,1.018495879920929,-0.30000001192092896,-0.29965206952523804
1.2999999523162842,0.3605961912170105,-0.30000001192092896,0.33092784788592533,0.5393162378976746,-0.30000001192092896,-0.30000001192092896,-0.30000001192092896,-0.30000001192092896,-0.30000001192092896,-0.30000001192092896,0.30000001192092896,-0.24605810292092894,1.119382977920929,-0.30000001192092896,-0.29152525652523803
1.2999999523162842,0.42330074421701047,-0.30000001192092896,0.3103092908859253,0.3683760668976746,-0.30000001192092896,-0.21935485092092893,-0.19898991092092894,-0.30000001192092896,-0.30000001192092896,-0.30000001192092896,0.30000001192092896,-0.30000001192092896,0.30000001192092896,-0.30000001192092896,-0.299856087525238
1.2999999523162842,0.3306128522170105,-0.30000001192092896,0.3103092908859253,0.3256410248976746,-0.30000001192092896,-0.009677430920928931,0.06363635207907103,-0.30000001192092896,-0.30000001192092896,-0.30000001192092896,0.30000001192092896,-0.30000001192092896,0.30000001192092896,-0.30000001192092896,-0.29983967752523805
1.2999999523162842,0.3015155812170105,-0.30000001192092896,0.3103092908859253,0.3598290588976746,-0.30000001192092896,-0.26774194692092895,-0.259595971920929,-0.30000001192092896,-0.30000001192092896,-0.30000001192092896,0.30000001192092896,-0.30000001192092896,0.30000001192092896,-0.30000001192092896,-0.29984012152523803
1.2999999523162842,0.5426767102170105,-0.30000001192092896,0.3103092908859253,0.5222222208976746,-0.30000001192092896,-0.30000001192092896,-0.30000001192092896,-0.30000001192092896,-0.30000001192092896,-0.30000001192092896,0.30000001192092896,-0.29170125692092896,1.020383467920929,-0.30000001192092896,-0.299143575525238
1.2999999523162842,0.4536154882170105,-0.30000001192092896,0.3103092908859253,0.5393162378976746,-0.30000001192092896,-0.30000001192092896,-0.30000001192092896,-0.30000001192092896,-0.30000001192092896,-0.30000001192092896,0.30000001192092896,-0.29170125692092896,0.830881789920929,-0.30000001192092896,-0.299165529525238
1.2999999523162842,0.8153131032170104,-0.30000001192092896,0.3103092908859253,0.3598290588976746,-0.30000001192092896,-0.30000001192092896,-0.30000001192092896,-0.30000001192092896,-0.30000001192092896,-0.30000001192092896,0.30000001192092896,-0.30000001192092896,0.30000001192092896,-0.30000001192092896,-0.29983080752523805
1.2999999523162842,0.4817879152170105,-0.30000001192092896,0.3103092908859253,0.5307692298976746,-0.30000001192092896,-0.30000001192092896,-0.30000001192092896,-0.30000001192092896,-0.30000001192092896,-0.30000001192092896,0.30000001192092896,-0.30000001192092896,0.30000001192092896,-0.30000001192092896,-0.299577779525238
1.2999999523162842,0.3318378982170105,-0.30000001192092896,0.3103092908859253,0.3940170928976746,-0.30000001192092896,-0.27580646392092895,-0.28989900192092893,-0.30000001192092896,-0.30000001192092896,-0.30000001192092896,0.6629679259209289,0.060995839079071024,1.020383467920929,-0.30000001192092896,-0.27006915852523805
1.2999999523162842,0.5120808482170105,-0.30000001192092896,0.3103092908859253,0.5222222208976746,-0.30000001192092896,-0.30000001192092896,-0.30000001192092896,-0.30000001192092896,-0.30000001192092896,-0.30000001192092896,0.30000001192092896,-0.30000001192092896,0.30000001192092896,-0.30000001192092896,-0.29990088312523805
1.2999999523162842,0.3621135642170105,-0.30000001192092896,0.3103092908859253,0.3170940158976746,-0.30000001192092896,-0.09838710892092895,-0.04747475892092895,-0.30000001192092896,-0.30000001192092896,-0.30000001192092896,0.30000001192092896,-0.30000001192092896,0.30000001192092896,-0.30000001192092896,-0.29984677352523803
1.2999999523162842,0.48239377421701046,-0.30000001192092896,0.3103092908859253,0.5136752128976746,-0.30000001192092896,-0.30000001192092896,-0.30000001192092896,-0.30000001192092896,-0.30000001192092896,-0.30000001192092896,0.30000001192092896,-0.30000001192092896,0.30000001192092896,-0.30000001192092896,-0.29860869152523806
1.2999999523162842,0.48239225921701046,-0.30000001192092896,0.3103092908859253,0.5222222208976746,-0.30000001192092896,-0.30000001192092896,-0.30000001192092896,-0.30000001192092896,-0.30000001192092896,-0.30000001192092896,0.30000001192092896,-0.30000001192092896,0.30000001192092896,-0.30000001192092896,-0.299901104925238
1.2999999523162842,0.42150497921701047,-0.30000001192092896,0.3103092908859253,0.3683760668976746,-0.30000001192092896,-0.30000001192092896,-0.30000001192092896,-0.30000001192092896,-0.30000001192092896,-0.30000001192092896,0.30000001192092896,-0.30000001192092896,0.30000001192092896,-0.30000001192092896,-0.29990487482523803
1.2999999523162842,0.42180790821701053,-0.30000001192092896,0.3103092908859253,0.5307692298976746,-0.30000001192092896,-0.30000001192092896,-0.30000001192092896,-0.30000001192092896,-0.30000001192092896,-0.30000001192092896,0.30000001192092896,-0.30000001192092896,0.30000001192092896,-0.30000001192092896,-0.29990132662523805
1.2999999523162842,0.5132925652170105,-0.30000001192092896,0.3103092908859253,0.5222222208976746,-0.30000001192092896,-0.30000001192092896,-0.30000001192092896,-0.30000001192092896,-0.30000001192092896,-0.30000001192092896,0.30000001192092896,-0.30000001192092896,0.30000001192092896,-0.30000001192092896,-0.299900661325238
1.2999999523162842,0.3030308342170105,-0.30000001192092896,0.3103092908859253,0.3512820498976746,-0.30000001192092896,-0.14677420592092896,-0.10808081992092897,-0.30000001192092896,-0.30000001192092896,-0.30000001192092896,0.30000001192092896,-0.30000001192092896,0.30000001192092896,-0.30000001192092896,-0.29984034252523806
1.2999999523162842,0.5432825682170105,-0.30000001192092896,0.3103092908859253,0.5136752128976746,-0.30000001192092896,-0.30000001192092896,-0.30000001192092896,-0.30000001192092896,-0.30000001192092896,-0.30000001192092896,0.30000001192092896,-0.29170125692092896,0.7509791739209289,-0.30000001192092896,-0.299383962525238
1.2999999523162842,0.3021214402170105,-0.30000001192092896,0.3103092908859253,0.3512820498976746,-0.30000001192092896,-0.20322581792092898,-0.28989900192092893,-0.30000001192092896,-0.30000001192092896,-0.30000001192092896,0.981818193920929,-0.13402490792092894,0.721907532920929,-0.30000001192092896,-0.24475977152523803
1.2999999523162842,0.3051779972170105,-0.30000001192092896,0.3103092908859253,0.34273504189767456,-0.30000001192092896,-0.25161291492092897,-0.28989900192092893,-0.30000001192092896,-0.30000001192092896,-0.30000001192092896,0.825401081920929,-0.026141090920928978,1.077346022920929,-0.30000001192092896,-0.25393816652523804
1.2999999523162842,0.3924046792170105,-0.30000001192092896,0.3103092908859253,0.3170940158976746,-0.30000001192092896,-0.13870968892092894,-0.09797980992092895,-0.30000001192092896,-0.30000001192092896,-0.30000001192092896,0.30000001192092896,-0.30000001192092896,0.30000001192092896,-0.30000001192092896,-0.299855200525238
1.2999999523162842,0.5429796392170105,-0.30000001192092896,0.3103092908859253,0.5222222208976746,-0.30000001192092896,-0.30000001192092896,-0.30000001192092896,-0.30000001192092896,-0.30000001192092896,-0.30000001192092896,0.30000001192092896,-0.295850633920929,0.7769382279209289,-0.30000001192092896,-0.29939970752523803
1.2999999523162842,0.3614995262170105,-0.30000001192092896,0.3618556828859253,0.5393162378976746,-0.30000001192092896,-0.30000001192092896,-0.30000001192092896,-0.30000001192092896,-0.30000001192092896,-0.30000001192092896,0.30000001192092896,-0.24605810292092894,0.572031290920929,-0.30000001192092896,-0.28583580052523805
1.2999999523162842,0.3309072992170105,-0.30000001192092896,0.5164948578859253,0.5393162378976746,-0.30000001192092896,-0.30000001192092896,-0.30000001192092896,-0.30000001192092896,-0.30000001192092896,-0.30000001192092896,0.30000001192092896,-0.24605810292092894,0.927516626920929,-0.30000001192092896,-0.25859732852523803
1.2999999523162842,0.3633425482170105,-0.30000001192092896,0.3103092908859253,0.33418803289767457,-0.30000001192092896,-0.25967743092092893,-0.24949496092092896,-0.30000001192092896,-0.30000001192092896,-0.30000001192092896,0.30000001192092896,-0.30000001192092896,0.30000001192092896,-0.30000001192092896,-0.29985364852523805
1.2999999523162842,0.3930296222170105,-0.30000001192092896,0.3103092908859253,0.3683760668976746,-0.30000001192092896,-0.24354839892092894,-0.28989900192092893,-0.30000001192092896,-0.30000001192092896,-0.30000001192092896,0.8608288889209289,-0.30000001192092896,0.30000001192092896,-0.30000001192092896,-0.299855865525238
1.2999999523162842,0.3624337602170105,-0.30000001192092896,0.3103092908859253,0.34273504189767456,-0.30000001192092896,-0.29193549592092893,-0.28989900192092893,-0.30000001192092896,-0.30000001192092896,-0.30000001192092896,0.4610962689209289,-0.30000001192092896,0.30000001192092896,-0.30000001192092896,-0.29794807052523803
1.2999999523162842,0.3021480982170105,-0.30000001192092896,0.3103092908859253,0.33418803289767457,-0.30000001192092896,-0.19516130192092895,-0.28989900192092893,-0.30000001192092896,-0.30000001192092896,-0.30000001192092896,0.9951871779209289,-0.12987553092092896,0.962630361920929,-0.30000001192092896,-0.24515361552523804
1.2999999523162842,1.0576529302170106,-0.30000001192092896,0.3103092908859253,0.3769230758976746,-0.30000001192092896,-0.30000001192092896,-0.30000001192092896,-0.30000001192092896,-0.30000001192092896,-0.30000001192092896,0.30000001192092896,-0.30000001192092896,0.30000001192092896,-0.30000001192092896,-0.299904431225238
1.2999999523162842,0.6029596462170105,-0.30000001192092896,0.3103092908859253,0.4880341868976746,-0.30000001192092896,-0.30000001192092896,-0.30000001192092896,-0.30000001192092896,-0.30000001192092896,-0.30000001192092896,0.30000001192092896,-0.30000001192092896,0.30000001192092896,-0.30000001192092896,-0.29990043962523805
1.2999999523162842,0.3330338632170105,-0.30000001192092896,0.48556702288592535,0.5393162378976746,-0.30000001192092896,-0.30000001192092896,-0.30000001192092896,0.699999988079071,-0.30000001192092896,-0.30000001192092896,0.30000001192092896,-0.24605810292092894,1.007567409920929,-0.30000001192092896,-0.22195559852523805
1.2999999523162842,0.4224049822170105,-0.30000001192092896,0.3103092908859253,0.3683760668976746,-0.30000001192092896,-0.23548388292092895,-0.28989900192092893,-0.30000001192092896,-0.30000001192092896,-0.30000001192092896,0.8929144509209289,-0.08423237692092894,0.891385137920929,-0.30000001192092896,-0.252308013525238
1.2999999523162842,0.42271669621701047,-0.30000001192092896,0.3103092908859253,0.5051282038976745,-0.30000001192092896,-0.30000001192092896,-0.30000001192092896,-0.30000001192092896,-0.30000001192092896,-0.30000001192092896,0.30000001192092896,-0.295850633920929,0.8485767959209289,-0.30000001192092896,-0.298949313525238
1.2999999523162842,0.48175822821701053,-0.30000001192092896,0.3103092908859253,0.5222222208976746,-0.30000001192092896,-0.30000001192092896,-0.30000001192092896,-0.30000001192092896,-0.30000001192092896,-0.30000001192092896,0.30000001192092896,-0.29170125692092896,0.831649561920929,-0.30000001192092896,-0.29910720652523803
1.2999999523162842,0.4521008412170105,-0.30000001192092896,0.3103092908859253,0.4880341868976746,-0.30000001192092896,-0.30000001192092896,-0.30000001192092896,-0.30000001192092896,-0.30000001192092896,-0.30000001192092896,0.30000001192092896,-0.30000001192092896,0.30000001192092896,-0.30000001192092896,-0.29977558952523803
1.2999999523162842,0.4530096292170105,-0.30000001192092896,0.3103092908859253,0.5222222208976746,-0.30000001192092896,-0.30000001192092896,-0.30000001192092896,-0.30000001192092896,-0.30000001192092896,-0.30000001192092896,0.30000001192092896,-0.30000001192092896,0.30000001192092896,-0.30000001192092896,-0.299901104925238
1.2999999523162842,0.3908979092170105,-0.30000001192092896,0.3927835178859253,0.5393162378976746,-0.30000001192092896,-0.30000001192092896,-0.30000001192092896,-0.30000001192092896,-0.30000001192092896,-0.30000001192092896,0.30000001192092896,-0.24605810292092894,0.913875549920929,-0.30000001192092896,-0.29486029452523804
1.2999999523162842,0.39363548121701053,-0.30000001192092896,0.3103092908859253,0.3769230758976746,-0.30000001192092896,-0.26774194692092895,-0.28989900192092893,-0.30000001192092896,-0.30000001192092896,-0.30000001192092896,0.727139048920929,-0.30000001192092896,0.30000001192092896,-0.30000001192092896,-0.29985542252523806
1.2999999523162842,0.4521008412170105,-0.30000001192092896,0.3103092908859253,0.5307692298976746,-0.30000001192092896,-0.30000001192092896,-0.30000001192092896,-0.30000001192092896,-0.30000001192092896,-0.30000001192092896,0.30000001192092896,-0.30000001192092896,0.30000001192092896,-0.30000001192092896,-0.299896669525238
1.2999999523162842,0.3918179052170105,-0.30000001192092896,0.3103092908859253,0.5393162378976746,-0.30000001192092896,-0.30000001192092896,-0.30000001192092896,-0.30000001192092896,-0.30000001192092896,-0.30000001192092896,0.30000001192092896,-0.295850633920929,1.104964719920929,-0.30000001192092896,-0.298742634525238
1.2999999523162842,0.3618279022170105,-0.30000001192092896,0.3103092908859253,0.5222222208976746,-0.30000001192092896,-0.30000001192092896,-0.30000001192092896,-0.30000001192092896,-0.30000001192092896,-0.30000001192092896,0.30000001192092896,-0.30000001192092896,0.30000001192092896,-0.30000001192092896,-0.274122696525238
1.2999999523162842,0.4524037702170105,-0.30000001192092896,0.3103092908859253,0.5136752128976746,-0.30000001192092896,-0.30000001192092896,-0.30000001192092896,-0.30000001192092896,-0.30000001192092896,-0.30000001192092896,0.30000001192092896,-0.30000001192092896,0.30000001192092896,-0.30000001192092896,-0.29918260452523804
1.2999999523162842,0.4212020502170105,-0.30000001192092896,0.3103092908859253,0.3940170928976746,-0.30000001192092896,-0.28387097992092897,-0.27979799192092897,-0.30000001192092896,-0.30000001192092896,-0.30000001192092896,0.30000001192092896,-0.30000001192092896,0.30000001192092896,-0.30000001192092896,-0.29986251852523804
1.2999999523162842,0.3615034642170105,-0.30000001192092896,0.3103092908859253,0.34273504189767456,-0.30000001192092896,-0.25967743092092893,-0.24949496092092896,-0.30000001192092896,-0.30000001192092896,-0.30000001192092896,0.30000001192092896,-0.30000001192092896,0.30000001192092896,-0.30000001192092896,-0.29985475752523805
1.2999999523162842,0.4823862002170105,-0.30000001192092896,0.3103092908859253,0.5222222208976746,-0.30000001192092896,-0.30000001192092896,-0.30000001192092896,-0.30000001192092896,-0.30000001192092896,-0.30000001192092896,0.30000001192092896,-0.30000001192092896,0.30000001192092896,-0.30000001192092896,-0.291272229525238
1.2999999523162842,0.36061618421701047,-0.30000001192092896,0.3103092908859253,0.34273504189767456,-0.30000001192092896,-0.30000001192092896,-0.30000001192092896,-0.30000001192092896,-0.30000001192092896,-0.30000001192092896,0.30000001192092896,-0.30000001192092896,0.30000001192092896,-0.30000001192092896,-0.29961902752523806
1.2999999523162842,0.33091517521701047,-0.30000001192092896,0.4649484668859253,0.4538461528976746,-0.30000001192092896,-0.28387097992092897,-0.28989900192092893,-0.30000001192092896,-0.30000001192092896,-0.30000001192092896,0.572727284920929,0.542323639079071,1.300000011920929,-0.30000001192092896,-0.20530657652523804
1.2999999523162842,0.4536154882170105,-0.30000001192092896,0.3103092908859253,0.5307692298976746,-0.30000001192092896,-0.30000001192092896,-0.30000001192092896,-0.30000001192092896,-0.30000001192092896,-0.30000001192092896,0.30000001192092896,-0.30000001192092896,0.30000001192092896,-0.30000001192092896,-0.299288383525238
1.2999999523162842,0.4517979122170105,-0.30000001192092896,0.3103092908859253,0.5051282038976745,-0.30000001192092896,-0.30000001192092896,-0.30000001192092896,-0.30000001192092896,-0.30000001192092896,-0.30000001192092896,0.30000001192092896,-0.30000001192092896,0.30000001192092896,-0.30000001192092896,-0.299896891525238
1.2999999523162842,0.36061618421701047,-0.30000001192092896,0.3103092908859253,0.3256410248976746,-0.30000001192092896,-0.18709678592092896,-0.15858587092092896,-0.30000001192092896,-0.30000001192092896,-0.30000001192092896,0.30000001192092896,-0.30000001192092896,0.30000001192092896,-0.30000001192092896,-0.29985231752523805
1.2999999523162842,0.3021496132170105,-0.30000001192092896,0.3103092908859253,0.3512820498976746,-0.30000001192092896,0.10322579407907106,-0.28989900192092893,-0.30000001192092896,-0.30000001192092896,-0.30000001192092896,1.168983968920929,-0.30000001192092896,0.30000001192092896,-0.30000001192092896,-0.29983923452523803
1.2999999523162842,0.4214968002170105,-0.30000001192092896,0.4546391878859253,0.5393162378976746,-0.30000001192092896,-0.30000001192092896,-0.30000001192092896,-0.30000001192092896,-0.30000001192092896,-0.30000001192092896,0.30000001192092896,-0.24605810292092894,0.973676295920929,-0.30000001192092896,-0.29512352252523805
1.2999999523162842,1.1482109252170105,-0.30000001192092896,0.3103092908859253,0.3769230758976746,-0.30000001192092896,-0.30000001192092896,-0.30000001192092896,-0.30000001192092896,-0.30000001192092896,-0.30000001192092896,0.30000001192092896,-0.295850633920929,1.044382434920929,-0.30000001192092896,-0.29972569352523803
1.2999999523162842,0.7850201712170105,-0.30000001192092896,0.3103092908859253,0.3769230758976746,-0.30000001192092896,-0.30000001192092896,-0.30000001192092896,-0.30000001192092896,-0.30000001192092896,-0.30000001192092896,0.30000001192092896,-0.30000001192092896,0.30000001192092896,-0.30000001192092896,-0.29990465302523805
1.2999999523162842,0.4212020502170105,-0.30000001192092896,0.3103092908859253,0.5307692298976746,-0.30000001192092896,-0.30000001192092896,-0.30000001192092896,-0.30000001192092896,-0.30000001192092896,-0.30000001192092896,0.30000001192092896,-0.283402501920929,1.054287704920929,-0.30000001192092896,-0.298097758525238
1.2999999523162842,0.5435854982170105,-0.30000001192092896,0.3103092908859253,0.5136752128976746,-0.30000001192092896,-0.30000001192092896,-0.30000001192092896,-0.30000001192092896,-0.30000001192092896,-0.30000001192092896,0.30000001192092896,-0.30000001192092896,0.30000001192092896,-0.30000001192092896,-0.299901104925238
1.2999999523162842,0.4826967032170105,-0.30000001192092896,0.3103092908859253,0.5136752128976746,-0.30000001192092896,-0.30000001192092896,-0.30000001192092896,-0.30000001192092896,-0.30000001192092896,-0.30000001192092896,0.30000001192092896,-0.30000001192092896,0.30000001192092896,-0.30000001192092896,-0.29990088312523805
1.2999999523162842,0.3036445692170105,-0.30000001192092896,0.3103092908859253,0.3512820498976746,-0.30000001192092896,-0.24354839892092894,-0.28989900192092893,-0.30000001192092896,-0.30000001192092896,-0.30000001192092896,0.861497337920929,-0.03443984592092897,1.173585533920929,-0.30000001192092896,-0.252218422525238
1.2999999523162842,0.5435854982170105,-0.30000001192092896,0.3103092908859253,0.5222222208976746,-0.30000001192092896,-0.30000001192092896,-0.30000001192092896,-0.30000001192092896,-0.30000001192092896,-0.30000001192092896,0.30000001192092896,-0.2875518789209289,0.8920587219209289,-0.30000001192092896,-0.29851067452523805
1.2999999523162842,0.5735755012170105,-0.30000001192092896,0.3103092908859253,0.5136752128976746,-0.30000001192092896,-0.30000001192092896,-0.30000001192092896,-0.30000001192092896,-0.30000001192092896,-0.30000001192092896,0.30000001192092896,-0.30000001192092896,0.30000001192092896,-0.30000001192092896,-0.29961414852523804
1.2999999523162842,0.3927266932170105,-0.30000001192092896,0.3103092908859253,0.5136752128976746,-0.30000001192092896,-0.30000001192092896,-0.30000001192092896,-0.30000001192092896,-0.30000001192092896,-0.30000001192092896,0.30000001192092896,-0.295850633920929,1.026060097920929,-0.30000001192092896,-0.298599599525238
1.2999999523162842,0.4233225552170105,-0.30000001192092896,0.3103092908859253,0.3940170928976746,-0.30000001192092896,-0.25161291492092897,-0.23939395092092897,-0.30000001192092896,-0.30000001192092896,-0.30000001192092896,0.30000001192092896,-0.30000001192092896,0.30000001192092896,-0.30000001192092896,-0.29985564452523805
1.2999999523162842,0.30427133021701047,-0.30000001192092896,0.3103092908859253,0.3598290588976746,-0.30000001192092896,-0.21129033492092897,-0.28989900192092893,-0.30000001192092896,-0.30000001192092896,-0.30000001192092896,0.961764717920929,-0.12987553092092896,1.127981340920929,-0.30000001192092896,-0.24853477952523803
1.2999999523162842,0.5126867062170105,-0.30000001192092896,0.3103092908859253,0.5051282038976745,-0.30000001192092896,-0.30000001192092896,-0.30000001192092896,-0.30000001192092896,-0.30000001192092896,-0.30000001192092896,0.30000001192092896,-0.30000001192092896,0.30000001192092896,-0.30000001192092896,-0.29922052552523803
1.2999999523162842,0.3327218462170105,-0.30000001192092896,0.3103092908859253,0.34273504189767456,-0.30000001192092896,-0.17903226992092897,-0.14848485992092897,-0.30000001192092896,-0.30000001192092896,-0.30000001192092896,0.34812835392092895,-0.0012448249209289775,0.713624865920929,-0.30000001192092896,-0.256970280525238
1.2999999523162842,0.4529999352170105,-0.30000001192092896,0.3103092908859253,0.5393162378976746,-0.30000001192092896,-0.30000001192092896,-0.30000001192092896,-0.30000001192092896,-0.30000001192092896,-0.30000001192092896,0.30000001192092896,-0.29170125692092896,0.7382474989209289,-0.30000001192092896,-0.299002092525238
1.2999999523162842,0.4524037702170105,-0.30000001192092896,0.3103092908859253,0.5136752128976746,-0.30000001192092896,-0.30000001192092896,-0.30000001192092896,-0.30000001192092896,-0.30000001192092896,-0.30000001192092896,0.30000001192092896,-0.30000001192092896,0.30000001192092896,-0.30000001192092896,-0.29990088312523805
1.2999999523162842,0.3621308312170105,-0.30000001192092896,0.3103092908859253,0.33418803289767457,-0.30000001192092896,-0.24354839892092894,-0.22929294092092894,-0.30000001192092896,-0.30000001192092896,-0.30000001192092896,0.30000001192092896,-0.30000001192092896,0.30000001192092896,-0.30000001192092896,-0.299854978525238
0.2999999523162842,0.3009366832170105,0.007373068079071066,0.3000000128859253,0.3256410248976746,0.699999988079071,-0.30000001192092896,-0.30000001192092896,0.699999988079071,0.12424241207907105,-0.18381743892092894,0.30000001192092896,-0.30000001192092896,0.30000001192092896,-0.23333334492092894,-0.29879297352523804
1.2999999523162842,0.3303193142170105,-0.30000001192092896,0.3103092908859253,0.34273504189767456,-0.30000001192092896,-0.21129033492092897,-0.28989900192092893,-0.30000001192092896,-0.30000001192092896,-0.30000001192092896,0.961764717920929,-0.10912864292092894,0.8156024129209289,-0.30000001192092896,-0.251244456525238
1.2999999523162842,0.3054527542170105,-0.30000001192092896,0.3103092908859253,0.3170940158976746,-0.30000001192092896,-0.13064517292092895,-0.28989900192092893,-0.30000001192092896,-0.30000001192092896,-0.30000001192092896,1.072058835920929,-0.30000001192092896,0.30000001192092896,-0.30000001192092896,-0.29983879052523804
1.2999999523162842,0.4524037702170105,-0.30000001192092896,0.3103092908859253,0.5051282038976745,-0.30000001192092896,-0.30000001192092896,-0.30000001192092896,-0.30000001192092896,-0.30000001192092896,-0.30000001192092896,0.30000001192092896,-0.30000001192092896,0.30000001192092896,-0.30000001192092896,-0.29990088312523805
1.2999999523162842,0.4826967032170105,-0.30000001192092896,0.3103092908859253,0.5051282038976745,-0.30000001192092896,-0.30000001192092896,-0.30000001192092896,-0.30000001192092896,-0.30000001192092896,-0.30000001192092896,0.30000001192092896,-0.30000001192092896,0.30000001192092896,-0.30000001192092896,-0.29990088312523805
1.2999999523162842,0.3621308312170105,-0.30000001192092896,0.3103092908859253,0.4111111098976746,-0.30000001192092896,-0.29193549592092893,-0.28989900192092893,-0.30000001192092896,-0.30000001192092896,-0.30000001192092896,0.43903744492092894,0.563070527079071,0.751065240920929,-0.30000001192092896,-0.24137550252523804
1.2999999523162842,0.5120608542170105,-0.30000001192092896,0.3103092908859253,0.3769230758976746,-0.30000001192092896,-0.30000001192092896,-0.30000001192092896,-0.30000001192092896,-0.30000001192092896,-0.30000001192092896,0.30000001192092896,-0.30000001192092896,0.30000001192092896,-0.30000001192092896,-0.29990465302523805
1.2999999523162842,0.4833025622170105,-0.30000001192092896,0.3103092908859253,0.5222222208976746,-0.30000001192092896,-0.30000001192092896,-0.30000001192092896,-0.30000001192092896,-0.30000001192092896,-0.30000001192092896,0.30000001192092896,-0.295850633920929,0.856131456920929,-0.30000001192092896,-0.299345154525238
1.2999999523162842,0.3911987172170105,-0.30000001192092896,0.3103092908859253,0.3256410248976746,-0.30000001192092896,-0.24354839892092894,-0.22929294092092894,-0.30000001192092896,-0.30000001192092896,-0.30000001192092896,0.30000001192092896,-0.30000001192092896,0.30000001192092896,-0.30000001192092896,-0.299861188525238
1.2999999523162842,0.42180790821701053,-0.30000001192092896,0.3103092908859253,0.5222222208976746,-0.30000001192092896,-0.30000001192092896,-0.30000001192092896,-0.30000001192092896,-0.30000001192092896,-0.30000001192092896,0.30000001192092896,-0.26680499092092896,0.9734403289209289,-0.30000001192092896,-0.298411769525238
1.2999999523162842,0.3612102292170105,-0.30000001192092896,0.49587630188592535,0.5393162378976746,-0.30000001192092896,-0.30000001192092896,-0.30000001192092896,0.699999988079071,-0.30000001192092896,-0.30000001192092896,0.30000001192092896,-0.24605810292092894,0.965039404920929,-0.30000001192092896,-0.25853767552523804
1.2999999523162842,0.3911862972170105,-0.30000001192092896,0.3103092908859253,0.3683760668976746,-0.30000001192092896,-0.27580646392092895,-0.28989900192092893,-0.30000001192092896,-0.30000001192092896,-0.30000001192092896,0.6629679259209289,-0.30000001192092896,0.30000001192092896,-0.30000001192092896,-0.263131862525238
1.2999999523162842,0.3003174962170105,-0.30000001192092896,0.3103092908859253,0.2999999988976746,-0.30000001192092896,-0.21129033492092897,-0.18888890092092897,-0.30000001192092896,-0.30000001192092896,-0.30000001192092896,0.30000001192092896,-0.30000001192092896,0.30000001192092896,-0.30000001192092896,-0.27538539352523805
1.2999999523162842,0.4817624692170105,-0.30000001192092896,0.4134020748859253,0.44529914389767455,-0.30000001192092896,-0.30000001192092896,-0.30000001192092896,-0.30000001192092896,-0.30000001192092896,-0.30000001192092896,0.30000001192092896,-0.24605810292092894,0.572031290920929,-0.30000001192092896,-0.29514769452523804
1.2999999523162842,0.3618279022170105,-0.30000001192092896,0.3103092908859253,0.4794871778976746,-0.30000001192092896,-0.30000001192092896,-0.30000001192092896,-0.30000001192092896,-0.30000001192092896,-0.30000001192092896,0.30000001192092896,-0.30000001192092896,0.30000001192092896,-0.30000001192092896,-0.299793773525238
1.2999999523162842,0.5135954942170105,-0.30000001192092896,0.3103092908859253,0.5136752128976746,-0.30000001192092896,-0.30000001192092896,-0.30000001192092896,-0.30000001192092896,-0.30000001192092896,-0.30000001192092896,0.30000001192092896,-0.30000001192092896,0.30000001192092896,-0.30000001192092896,-0.299901104925238
1.2999999523162842,0.4230196262170105,-0.30000001192092896,0.3103092908859253,0.3256410248976746,-0.30000001192092896,-0.21935485092092893,-0.19898991092092894,-0.30000001192092896,-0.30000001192092896,-0.30000001192092896,0.30000001192092896,-0.30000001192092896,0.30000001192092896,-0.30000001192092896,-0.299853204525238
1.2999999523162842,0.4521008412170105,-0.30000001192092896,0.3103092908859253,0.5222222208976746,-0.30000001192092896,-0.30000001192092896,-0.30000001192092896,-0.30000001192092896,-0.30000001192092896,-0.30000001192092896,0.30000001192092896,-0.30000001192092896,0.30000001192092896,-0.30000001192092896,-0.29922074752523803
1.2999999523162842,0.4520747892170105,-0.30000001192092896,0.3103092908859253,0.5136752128976746,-0.30000001192092896,-0.30000001192092896,-0.30000001192092896,-0.30000001192092896,-0.30000001192092896,-0.30000001192092896,0.30000001192092896,-0.2875518789209289,0.6983733689209289,-0.30000001192092896,-0.29935269452523805
1.2999999523162842,0.3009263842170105,-0.30000001192092896,0.3103092908859253,0.3683760668976746,-0.30000001192092896,-0.18709678592092896,-0.15858587092092896,-0.30000001192092896,-0.30000001192092896,-0.30000001192092896,0.30000001192092896,-0.30000001192092896,0.30000001192092896,-0.30000001192092896,-0.29983989952523804
1.2999999523162842,0.5435854982170105,-0.30000001192092896,0.3103092908859253,0.5222222208976746,-0.30000001192092896,-0.30000001192092896,-0.30000001192092896,-0.30000001192092896,-0.30000001192092896,-0.30000001192092896,0.30000001192092896,-0.30000001192092896,0.30000001192092896,-0.30000001192092896,-0.299900661325238
1.2999999523162842,0.3018221462170105,-0.30000001192092896,0.33092784788592533,0.5307692298976746,-0.30000001192092896,-0.30000001192092896,-0.30000001192092896,0.699999988079071,-0.30000001192092896,-0.30000001192092896,0.30000001192092896,-0.24605810292092894,0.9253503849209289,-0.30000001192092896,-0.22164003452523803
1.2999999523162842,0.3609191142170105,-0.30000001192092896,0.3103092908859253,0.3512820498976746,-0.30000001192092896,-0.25967743092092893,-0.28989900192092893,-0.30000001192092896,-0.30000001192092896,-0.30000001192092896,0.7812834339209289,-0.01784233592092893,1.112000005920929,-0.30000001192092896,-0.258667404525238
1.2999999523162842,0.3312214372170105,-0.30000001192092896,0.3103092908859253,0.3085470078976746,-0.30000001192092896,0.377419343079071,-0.28989900192092893,-0.30000001192092896,-0.30000001192092896,-0.30000001192092896,1.198395733920929,-0.30000001192092896,0.30000001192092896,-0.30000001192092896,-0.25029976152523803
1.2999999523162842,0.5732725722170104,-0.30000001192092896,0.3103092908859253,0.5136752128976746,-0.30000001192092896,-0.30000001192092896,-0.30000001192092896,-0.30000001192092896,-0.30000001192092896,-0.30000001192092896,0.30000001192092896,-0.30000001192092896,0.30000001192092896,-0.30000001192092896,-0.29990088312523805
1.2999999523162842,0.4230114462170105,-0.30000001192092896,0.3103092908859253,0.5136752128976746,-0.30000001192092896,-0.30000001192092896,-0.30000001192092896,-0.30000001192092896,-0.30000001192092896,-0.30000001192092896,0.30000001192092896,-0.30000001192092896,0.30000001192092896,-0.30000001192092896,-0.299870945525238
1.2999999523162842,0.3015231552170105,-0.30000001192092896,0.3103092908859253,0.3256410248976746,-0.30000001192092896,0.08709676207907102,0.18484847307907104,-0.30000001192092896,-0.30000001192092896,-0.30000001192092896,0.30000001192092896,-0.30000001192092896,0.30000001192092896,-0.30000001192092896,-0.29984078652523805
1.2999999523162842,0.3054785032170105,-0.30000001192092896,0.3103092908859253,0.33418803289767457,-0.30000001192092896,-0.09032259292092895,-0.03737374892092893,-0.30000001192092896,-0.30000001192092896,-0.30000001192092896,0.30000001192092896,-0.30000001192092896,0.30000001192092896,-0.30000001192092896,-0.29983989952523804
1.2999999523162842,0.8453031072170105,-0.30000001192092896,0.3103092908859253,0.3769230758976746,-0.30000001192092896,-0.30000001192092896,-0.30000001192092896,-0.30000001192092896,-0.30000001192092896,-0.30000001192092896,0.30000001192092896,-0.30000001192092896,0.30000001192092896,-0.30000001192092896,-0.299833246525238
1.2999999523162842,0.3315134612170105,-0.30000001192092896,0.3103092908859253,0.33418803289767457,-0.30000001192092896,-0.17096775392092894,-0.13838384992092895,-0.30000001192092896,-0.30000001192092896,-0.30000001192092896,0.30000001192092896,-0.30000001192092896,0.30000001192092896,-0.30000001192092896,-0.299843447525238
1.2999999523162842,0.5432825682170105,-0.30000001192092896,0.3103092908859253,0.5051282038976745,-0.30000001192092896,-0.30000001192092896,-0.30000001192092896,-0.30000001192092896,-0.30000001192092896,-0.30000001192092896,0.30000001192092896,-0.30000001192092896,0.30000001192092896,-0.30000001192092896,-0.29939970752523803
1.2999999523162842,0.5120808482170105,-0.30000001192092896,0.3103092908859253,0.5136752128976746,-0.30000001192092896,-0.30000001192092896,-0.30000001192092896,-0.30000001192092896,-0.30000001192092896,-0.30000001192092896,0.30000001192092896,-0.30000001192092896,0.30000001192092896,-0.30000001192092896,-0.299578666525238
0.2999999523162842,0.3039384102170105,-0.09722177292092896,0.3000000128859253,0.3256410248976746,0.699999988079071,-0.30000001192092896,-0.30000001192092896,0.699999988079071,-0.08787879992092895,-0.23360997092092894,0.30000001192092896,-0.30000001192092896,0.30000001192092896,-0.16666667892092896,-0.29928217452523803
1.2999999523162842,0.3909091172170105,-0.30000001192092896,0.3103092908859253,0.3512820498976746,-0.30000001192092896,-0.27580646392092895,-0.26969698192092895,-0.30000001192092896,-0.30000001192092896,-0.30000001192092896,0.30000001192092896,-0.30000001192092896,0.30000001192092896,-0.30000001192092896,-0.299854978525238
1.2999999523162842,0.3615249722170105,-0.30000001192092896,0.3103092908859253,0.33418803289767457,-0.30000001192092896,-0.29193549592092893,-0.28989900192092893,-0.30000001192092896,-0.30000001192092896,-0.30000001192092896,0.4610962689209289,-0.30000001192092896,0.30000001192092896,-0.30000001192092896,-0.29986074452523803
1.2999999523162842,0.4833025622170105,-0.30000001192092896,0.3103092908859253,0.5222222208976746,-0.30000001192092896,-0.30000001192092896,-0.30000001192092896,-0.30000001192092896,-0.30000001192092896,-0.30000001192092896,0.30000001192092896,-0.2875518789209289,0.830881789920929,-0.30000001192092896,-0.299214759525238
1.2999999523162842,0.3912120462170105,-0.30000001192092896,0.3103092908859253,0.5222222208976746,-0.30000001192092896,-0.30000001192092896,-0.30000001192092896,-0.30000001192092896,-0.30000001192092896,-0.30000001192092896,0.30000001192092896,-0.30000001192092896,0.30000001192092896,-0.30000001192092896,-0.299507038525238
1.2999999523162842,0.3618121492170105,-0.30000001192092896,0.3103092908859253,0.3598290588976746,-0.30000001192092896,-0.20322581792092898,-0.28989900192092893,-0.30000001192092896,-0.30000001192092896,-0.30000001192092896,0.981818193920929,-0.30000001192092896,0.30000001192092896,-0.30000001192092896,-0.299848326525238
1.2999999523162842,0.45270518521701053,-0.30000001192092896,0.3103092908859253,0.5136752128976746,-0.30000001192092896,-0.30000001192092896,-0.30000001192092896,-0.30000001192092896,-0.30000001192092896,-0.30000001192092896,0.30000001192092896,-0.29170125692092896,0.915058009920929,-0.30000001192092896,-0.298491381525238
1.2999999523162842,0.5729696422170105,-0.30000001192092896,0.3103092908859253,0.3769230758976746,-0.30000001192092896,-0.30000001192092896,-0.30000001192092896,-0.30000001192092896,-0.30000001192092896,-0.30000001192092896,0.30000001192092896,-0.30000001192092896,0.30000001192092896,-0.30000001192092896,-0.29968976852523804
1.2999999523162842,0.4826967032170105,-0.30000001192092896,0.3103092908859253,0.5222222208976746,-0.30000001192092896,-0.30000001192092896,-0.30000001192092896,-0.30000001192092896,-0.30000001192092896,-0.30000001192092896,0.30000001192092896,-0.30000001192092896,0.30000001192092896,-0.30000001192092896,-0.29885927952523805
1.2999999523162842,0.3639378042170105,-0.30000001192092896,0.3103092908859253,0.3512820498976746,-0.30000001192092896,-0.17903226992092897,-0.28989900192092893,-0.30000001192092896,-0.30000001192092896,-0.30000001192092896,1.021925145920929,-0.12157677492092894,1.014219106920929,-0.30000001192092896,-0.24754772852523804
1.2999999523162842,0.39363548121701053,-0.30000001192092896,0.3103092908859253,0.33418803289767457,-0.30000001192092896,-0.22741936692092896,-0.20909092092092896,-0.30000001192092896,-0.30000001192092896,-0.30000001192092896,0.30000001192092896,-0.30000001192092896,0.30000001192092896,-0.30000001192092896,-0.29985542252523806
1.2999999523162842,0.3012356752170105,-0.30000001192092896,0.3103092908859253,0.3512820498976746,-0.30000001192092896,-0.12258065692092895,-0.28989900192092893,-0.30000001192092896,-0.30000001192092896,-0.30000001192092896,1.0794117769209288,-0.17966806192092896,0.6844697329209289,-0.30000001192092896,-0.25183744052523804
1.2999999523162842,0.3048659802170105,-0.30000001192092896,0.3103092908859253,0.33418803289767457,-0.30000001192092896,0.07903224607907106,0.17474746307907102,-0.30000001192092896,-0.30000001192092896,-0.30000001192092896,0.30000001192092896,-0.30000001192092896,0.30000001192092896,-0.30000001192092896,-0.29983901252523804
1.2999999523162842,0.5129896362170105,-0.30000001192092896,0.3103092908859253,0.5222222208976746,-0.30000001192092896,-0.30000001192092896,-0.30000001192092896,-0.30000001192092896,-0.30000001192092896,-0.30000001192092896,0.30000001192092896,-0.30000001192092896,0.30000001192092896,-0.30000001192092896,-0.299901104925238
1.2999999523162842,0.3921208342170105,-0.30000001192092896,0.3103092908859253,0.5136752128976746,-0.30000001192092896,-0.30000001192092896,-0.30000001192092896,-0.30000001192092896,-0.30000001192092896,-0.30000001192092896,0.30000001192092896,-0.295850633920929,0.856131456920929,-0.30000001192092896,-0.299708839525238
1.2999999523162842,0.3318160872170105,-0.30000001192092896,0.3103092908859253,0.3256410248976746,-0.30000001192092896,-0.19516130192092895,-0.28989900192092893,-0.30000001192092896,-0.30000001192092896,-0.30000001192092896,0.9951871779209289,-0.15892117392092894,0.927516626920929,-0.30000001192092896,-0.25086901752523805
1.2999999523162842,0.3636154882170105,-0.30000001192092896,0.3103092908859253,0.33418803289767457,-0.30000001192092896,-0.17096775392092894,-0.13838384992092895,-0.30000001192092896,-0.30000001192092896,-0.30000001192092896,0.30000001192092896,-0.30000001192092896,0.30000001192092896,-0.30000001192092896,-0.299848104525238
1.2999999523162842,0.4212020502170105,-0.30000001192092896,0.3103092908859253,0.5222222208976746,-0.30000001192092896,-0.29193549592092893,-0.28989900192092893,-0.30000001192092896,-0.30000001192092896,-0.30000001192092896,0.30000001192092896,-0.30000001192092896,0.30000001192092896,-0.30000001192092896,-0.29681155452523805
1.2999999523162842,0.3921099292170105,-0.30000001192092896,0.3103092908859253,0.3683760668976746,-0.30000001192092896,-0.25967743092092893,-0.24949496092092896,-0.30000001192092896,-0.30000001192092896,-0.30000001192092896,0.39625669592092894,0.29751036107907103,0.9188818659209289,-0.30000001192092896,-0.20517307752523803
1.2999999523162842,0.3909091172170105,-0.30000001192092896,0.3103092908859253,0.3256410248976746,-0.30000001192092896,-0.25161291492092897,-0.28989900192092893,-0.30000001192092896,-0.30000001192092896,-0.30000001192092896,0.825401081920929,-0.30000001192092896,0.30000001192092896,-0.30000001192092896,-0.29986163152523804
1.2999999523162842,0.6638269322170105,-0.30000001192092896,0.3103092908859253,0.3769230758976746,-0.30000001192092896,-0.30000001192092896,-0.30000001192092896,-0.30000001192092896,-0.30000001192092896,-0.30000001192092896,0.30000001192092896,-0.30000001192092896,0.30000001192092896,-0.30000001192092896,-0.29968999052523804
1.2999999523162842,0.45149498221701045,-0.30000001192092896,0.3103092908859253,0.5222222208976746,-0.30000001192092896,-0.30000001192092896,-0.30000001192092896,-0.30000001192092896,-0.30000001192092896,-0.30000001192092896,0.30000001192092896,-0.30000001192092896,0.30000001192092896,-0.30000001192092896,-0.299896226525238
1.2999999523162842,0.3306261812170105,-0.30000001192092896,0.3103092908859253,0.38547008389767456,-0.30000001192092896,-0.25967743092092893,-0.28989900192092893,-0.30000001192092896,-0.30000001192092896,-0.30000001192092896,0.6643048249209289,-0.30000001192092896,0.30000001192092896,-0.30000001192092896,-0.256703947525238
1.2999999523162842,0.5123583312170105,-0.30000001192092896,0.5680412498859253,0.5393162378976746,-0.30000001192092896,-0.30000001192092896,-0.30000001192092896,-0.30000001192092896,-0.30000001192092896,-0.30000001192092896,0.30000001192092896,-0.24605810292092894,0.572031290920929,-0.30000001192092896,-0.295129288525238
1.2999999523162842,0.4239284142170105,-0.30000001192092896,0.3103092908859253,0.5136752128976746,-0.30000001192092896,-0.30000001192092896,-0.30000001192092896,-0.30000001192092896,-0.30000001192092896,-0.30000001192092896,0.30000001192092896,-0.30000001192092896,0.30000001192092896,-0.30000001192092896,-0.29903846152523805
1.2999999523162842,0.3927266932170105,-0.30000001192092896,0.3103092908859253,0.4367521358976746,-0.30000001192092896,-0.25161291492092897,-0.28989900192092893,-0.30000001192092896,-0.30000001192092896,-0.30000001192092896,0.814037444920929,-0.30000001192092896,0.30000001192092896,-0.30000001192092896,-0.288854165525238
1.2999999523162842,0.4236254842170105,-0.30000001192092896,0.3103092908859253,0.5051282038976745,-0.30000001192092896,-0.30000001192092896,-0.30000001192092896,-0.30000001192092896,-0.30000001192092896,-0.30000001192092896,0.30000001192092896,-0.30000001192092896,0.30000001192092896,-0.30000001192092896,-0.29127777352523804
1.2999999523162842,0.3012293132170105,-0.30000001192092896,0.3103092908859253,0.3512820498976746,-0.30000001192092896,-0.05806452792092895,0.0030302910790710458,-0.30000001192092896,-0.30000001192092896,-0.30000001192092896,0.30000001192092896,-0.30000001192092896,0.30000001192092896,-0.30000001192092896,-0.29983989952523804
1.2999999523162842,0.3012220432170105,-0.30000001192092896,0.3103092908859253,0.3512820498976746,-0.30000001192092896,-0.18709678592092896,-0.28989900192092893,-0.30000001192092896,-0.30000001192092896,-0.30000001192092896,1.011229958920929,-0.15477179592092896,1.1393229639209288,-0.30000001192092896,-0.24857491752523803
1.2999999523162842,0.5126867062170105,-0.30000001192092896,0.3103092908859253,0.5222222208976746,-0.30000001192092896,-0.30000001192092896,-0.30000001192092896,-0.30000001192092896,-0.30000001192092896,-0.30000001192092896,0.30000001192092896,-0.30000001192092896,0.30000001192092896,-0.30000001192092896,-0.299900661325238
1.2999999523162842,0.4212020502170105,-0.30000001192092896,0.3103092908859253,0.4282051268976746,-0.30000001192092896,-0.30000001192092896,-0.30000001192092896,-0.30000001192092896,-0.30000001192092896,-0.30000001192092896,0.30000001192092896,-0.30000001192092896,0.30000001192092896,-0.30000001192092896,-0.26032594252523805
1.2999999523162842,0.5726667132170105,-0.30000001192092896,0.3103092908859253,0.5222222208976746,-0.30000001192092896,-0.30000001192092896,-0.30000001192092896,-0.30000001192092896,-0.30000001192092896,-0.30000001192092896,0.30000001192092896,-0.30000001192092896,0.30000001192092896,-0.30000001192092896,-0.299328522525238
1.2999999523162842,0.42150497921701047,-0.30000001192092896,0.3103092908859253,0.5222222208976746,-0.30000001192092896,-0.30000001192092896,-0.30000001192092896,-0.30000001192092896,-0.30000001192092896,-0.30000001192092896,0.30000001192092896,-0.30000001192092896,0.30000001192092896,-0.30000001192092896,-0.299542963525238
1.2999999523162842,0.4829996322170105,-0.30000001192092896,0.3103092908859253,0.5136752128976746,-0.30000001192092896,-0.30000001192092896,-0.30000001192092896,-0.30000001192092896,-0.30000001192092896,-0.30000001192092896,0.30000001192092896,-0.29170125692092896,0.855148912920929,-0.30000001192092896,-0.29901096352523804
1.2999999523162842,0.36119871721701047,-0.30000001192092896,0.3824742398859253,0.5393162378976746,-0.30000001192092896,-0.30000001192092896,-0.30000001192092896,-0.30000001192092896,-0.30000001192092896,-0.30000001192092896,0.30000001192092896,-0.24605810292092894,0.909611701920929,-0.30000001192092896,-0.24333629852523803
1.2999999523162842,0.6035655042170105,-0.30000001192092896,0.3103092908859253,0.5136752128976746,-0.30000001192092896,-0.30000001192092896,-0.30000001192092896,-0.30000001192092896,-0.30000001192092896,-0.30000001192092896,0.30000001192092896,-0.30000001192092896,0.30000001192092896,-0.30000001192092896,-0.299308342525238
1.2999999523162842,0.5726667132170105,-0.30000001192092896,0.3103092908859253,0.3769230758976746,-0.30000001192092896,-0.30000001192092896,-0.30000001192092896,-0.30000001192092896,-0.30000001192092896,-0.30000001192092896,0.30000001192092896,-0.30000001192092896,0.30000001192092896,-0.30000001192092896,-0.29990465302523805
1.2999999523162842,0.3012229522170105,-0.30000001192092896,0.3103092908859253,0.33418803289767457,-0.30000001192092896,-0.13870968892092894,-0.09797980992092895,-0.30000001192092896,-0.30000001192092896,-0.30000001192092896,0.30000001192092896,-0.30000001192092896,0.30000001192092896,-0.30000001192092896,-0.29983923452523803
1.2999999523162842,0.3927266932170105,-0.30000001192092896,0.3103092908859253,0.3683760668976746,-0.30000001192092896,-0.26774194692092895,-0.28989900192092893,-0.30000001192092896,-0.30000001192092896,-0.30000001192092896,0.7278074989209289,-0.30000001192092896,0.30000001192092896,-0.30000001192092896,-0.299855865525238
1.2999999523162842,0.3611920532170105,-0.30000001192092896,0.3103092908859253,0.4111111098976746,-0.30000001192092896,-0.29193549592092893,-0.28989900192092893,-0.30000001192092896,-0.30000001192092896,-0.30000001192092896,0.4610962689209289,-0.30000001192092896,0.30000001192092896,-0.30000001192092896,-0.26047829152523805
1.2999999523162842,0.3018275992170105,-0.30000001192092896,0.3103092908859253,0.38547008389767456,-0.30000001192092896,-0.20322581792092898,-0.17878789092092895,-0.30000001192092896,-0.30000001192092896,-0.30000001192092896,0.30000001192092896,-0.30000001192092896,0.30000001192092896,-0.30000001192092896,-0.281792019525238
1.2999999523162842,0.4211911442170105,-0.30000001192092896,0.3103092908859253,0.3598290588976746,-0.30000001192092896,-0.21935485092092893,-0.19898991092092894,-0.30000001192092896,-0.30000001192092896,-0.30000001192092896,0.30000001192092896,-0.30000001192092896,0.30000001192092896,-0.30000001192092896,-0.29986185352523803
1.2999999523162842,0.3021465832170105,-0.30000001192092896,0.3103092908859253,0.3598290588976746,-0.30000001192092896,-0.21935485092092893,-0.19898991092092894,-0.30000001192092896,-0.30000001192092896,-0.30000001192092896,0.30000001192092896,-0.30000001192092896,0.30000001192092896,-0.30000001192092896,-0.29983923452523803
1.2999999523162842,0.4527067002170105,-0.30000001192092896,0.3103092908859253,0.5136752128976746,-0.30000001192092896,-0.30000001192092896,-0.30000001192092896,-0.30000001192092896,-0.30000001192092896,-0.30000001192092896,0.30000001192092896,-0.30000001192092896,0.30000001192092896,-0.30000001192092896,-0.29950282552523805
1.2999999523162842,0.5423737802170105,-0.30000001192092896,0.3103092908859253,0.5051282038976745,-0.30000001192092896,-0.30000001192092896,-0.30000001192092896,-0.30000001192092896,-0.30000001192092896,-0.30000001192092896,0.30000001192092896,-0.29170125692092896,1.054287704920929,-0.30000001192092896,-0.299394163525238
1.2999999523162842,0.4530096292170105,-0.30000001192092896,0.3103092908859253,0.5222222208976746,-0.30000001192092896,-0.30000001192092896,-0.30000001192092896,-0.30000001192092896,-0.30000001192092896,-0.30000001192092896,0.30000001192092896,-0.30000001192092896,0.30000001192092896,-0.30000001192092896,-0.29990154842523803
1.2999999523162842,0.4212020502170105,-0.30000001192092896,0.3103092908859253,0.41965811889767457,-0.30000001192092896,-0.30000001192092896,-0.30000001192092896,-0.30000001192092896,-0.30000001192092896,-0.30000001192092896,0.30000001192092896,-0.295850633920929,0.7939963459209289,-0.30000001192092896,-0.299870945525238
1.2999999523162842,0.4236212432170105,-0.30000001192092896,0.3103092908859253,0.5222222208976746,-0.30000001192092896,-0.30000001192092896,-0.30000001192092896,-0.30000001192092896,-0.30000001192092896,-0.30000001192092896,0.30000001192092896,-0.295850633920929,0.846887934920929,-0.30000001192092896,-0.29973722452523804
1.2999999523162842,0.33062557521701047,-0.30000001192092896,0.3103092908859253,0.2999999988976746,-0.30000001192092896,-0.30000001192092896,-0.30000001192092896,-0.30000001192092896,-0.30000001192092896,-0.30000001192092896,0.30000001192092896,-0.30000001192092896,0.30000001192092896,-0.30000001192092896,-0.299866953525238
0.2999999523162842,0.3021311342170105,0.08853200407907102,0.3000000128859253,0.3085470078976746,0.699999988079071,-0.30000001192092896,-0.30000001192092896,0.699999988079071,-0.07777778992092896,-0.24605810292092894,0.30000001192092896,-0.30000001192092896,0.30000001192092896,-0.23333334492092894,-0.299329631525238
1.2999999523162842,0.5129896362170105,-0.30000001192092896,0.3103092908859253,0.5222222208976746,-0.30000001192092896,-0.30000001192092896,-0.30000001192092896,-0.30000001192092896,-0.30000001192092896,-0.30000001192092896,0.30000001192092896,-0.30000001192092896,0.30000001192092896,-0.30000001192092896,-0.29954252052523805
1.2999999523162842,0.3630396192170105,-0.30000001192092896,0.3103092908859253,0.3512820498976746,-0.30000001192092896,-0.27580646392092895,-0.26969698192092895,-0.30000001192092896,-0.30000001192092896,-0.30000001192092896,0.30000001192092896,-0.30000001192092896,0.30000001192092896,-0.30000001192092896,-0.299856087525238
1.2999999523162842,0.3615155812170105,-0.30000001192092896,0.3103092908859253,0.46239316089767457,-0.30000001192092896,-0.30000001192092896,-0.30000001192092896,0.699999988079071,-0.30000001192092896,-0.30000001192092896,0.30000001192092896,-0.30000001192092896,0.30000001192092896,-0.30000001192092896,-0.27605488552523805
1.2999999523162842,0.4530096292170105,-0.30000001192092896,0.3103092908859253,0.5222222208976746,-0.30000001192092896,-0.30000001192092896,-0.30000001192092896,-0.30000001192092896,-0.30000001192092896,-0.30000001192092896,0.30000001192092896,-0.30000001192092896,0.30000001192092896,-0.30000001192092896,-0.29918504452523803
1.2999999523162842,0.5423737802170105,-0.30000001192092896,0.3103092908859253,0.5222222208976746,-0.30000001192092896,-0.30000001192092896,-0.30000001192092896,-0.30000001192092896,-0.30000001192092896,-0.30000001192092896,0.30000001192092896,-0.30000001192092896,0.30000001192092896,-0.30000001192092896,-0.29990132662523805
1.2999999523162842,0.3312244662170105,-0.30000001192092896,0.5061855798859253,0.3683760668976746,-0.30000001192092896,-0.24354839892092894,-0.28989900192092893,-0.30000001192092896,-0.30000001192092896,-0.30000001192092896,0.7278074989209289,0.363900403079071,0.9714153699209289,-0.30000001192092896,-0.25390978052523805
1.2999999523162842,0.3033373982170105,-0.30000001192092896,0.3103092908859253,0.3085470078976746,-0.30000001192092896,-0.13064517292092895,-0.28989900192092893,-0.30000001192092896,-0.30000001192092896,-0.30000001192092896,1.072058835920929,-0.17136930692092894,0.7769382279209289,-0.30000001192092896,-0.25758388852523806
1.2999999523162842,0.3021374952170105,-0.30000001192092896,0.3103092908859253,0.33418803289767457,-0.30000001192092896,-0.13064517292092895,-0.28989900192092893,-0.30000001192092896,-0.30000001192092896,-0.30000001192092896,1.072058835920929,-0.30000001192092896,0.30000001192092896,-0.30000001192092896,-0.29984034252523806
1.2999999523162842,0.3057826442170105,-0.30000001192092896,0.3103092908859253,0.3256410248976746,-0.30000001192092896,0.19999998807907104,0.3262626140790711,-0.30000001192092896,-0.30000001192092896,-0.30000001192092896,0.30000001192092896,-0.30000001192092896,0.30000001192092896,-0.30000001192092896,-0.29983945552523805
1.2999999523162842,0.4523892302170105,-0.30000001192092896,0.3103092908859253,0.5222222208976746,-0.30000001192092896,-0.30000001192092896,-0.30000001192092896,-0.30000001192092896,-0.30000001192092896,-0.30000001192092896,0.30000001192092896,-0.30000001192092896,0.30000001192092896,-0.30000001192092896,-0.29882291152523804
1.2999999523162842,0.5120808482170105,-0.30000001192092896,0.3103092908859253,0.5136752128976746,-0.30000001192092896,-0.30000001192092896,-0.30000001192092896,-0.30000001192092896,-0.30000001192092896,-0.30000001192092896,0.30000001192092896,-0.30000001192092896,0.30000001192092896,-0.30000001192092896,-0.299735007525238
1.2999999523162842,0.3318366872170105,-0.30000001192092896,0.3103092908859253,0.3598290588976746,-0.30000001192092896,-0.28387097992092897,-0.28989900192092893,-0.30000001192092896,-0.30000001192092896,-0.30000001192092896,0.575401081920929,0.14813276807907105,0.9026445069209289,-0.30000001192092896,-0.24481565452523804
1.2999999523162842,0.4224086172170105,-0.30000001192092896,0.3103092908859253,0.4282051268976746,-0.30000001192092896,-0.30000001192092896,-0.30000001192092896,-0.30000001192092896,-0.30000001192092896,-0.30000001192092896,0.30000001192092896,-0.30000001192092896,0.30000001192092896,-0.30000001192092896,-0.299870945525238
1.2999999523162842,0.3624337602170105,-0.30000001192092896,0.3103092908859253,0.5051282038976745,-0.30000001192092896,-0.30000001192092896,-0.30000001192092896,-0.30000001192092896,-0.30000001192092896,-0.30000001192092896,0.30000001192092896,-0.295850633920929,1.0270663139209288,-0.30000001192092896,-0.29940148152523804
1.2999999523162842,0.5432825682170105,-0.30000001192092896,0.3103092908859253,0.5222222208976746,-0.30000001192092896,-0.30000001192092896,-0.30000001192092896,-0.30000001192092896,-0.30000001192092896,-0.30000001192092896,0.30000001192092896,-0.30000001192092896,0.30000001192092896,-0.30000001192092896,-0.299900661325238
1.2999999523162842,0.39090790521701047,-0.30000001192092896,0.4134020748859253,0.5393162378976746,-0.30000001192092896,-0.30000001192092896,-0.30000001192092896,-0.30000001192092896,-0.30000001192092896,-0.30000001192092896,0.30000001192092896,-0.24605810292092894,0.808402569920929,-0.30000001192092896,-0.295479002525238
1.2999999523162842,0.4832846892170105,-0.30000001192092896,0.3103092908859253,0.5222222208976746,-0.30000001192092896,-0.30000001192092896,-0.30000001192092896,-0.30000001192092896,-0.30000001192092896,-0.30000001192092896,0.30000001192092896,-0.30000001192092896,0.30000001192092896,-0.30000001192092896,-0.29971216552523805
1.2999999523162842,0.3318251752170105,-0.30000001192092896,0.3103092908859253,0.34273504189767456,-0.30000001192092896,-0.17903226992092897,-0.14848485992092897,-0.30000001192092896,-0.30000001192092896,-0.30000001192092896,0.34812835392092895,-0.0012448249209289775,1.020383467920929,-0.30000001192092896,-0.25314959052523806
1.2999999523162842,0.4523868062170105,-0.30000001192092896,0.3103092908859253,0.5222222208976746,-0.30000001192092896,-0.30000001192092896,-0.30000001192092896,-0.30000001192092896,-0.30000001192092896,-0.30000001192092896,0.30000001192092896,-0.30000001192092896,0.30000001192092896,-0.30000001192092896,-0.29897015952523803
1.2999999523162842,0.30454548121701047,-0.30000001192092896,0.3103092908859253,0.33418803289767457,-0.30000001192092896,0.03870966507907103,0.12424241207907105,-0.30000001192092896,-0.30000001192092896,-0.30000001192092896,0.30000001192092896,-0.30000001192092896,0.30000001192092896,-0.30000001192092896,-0.29983879052523804
1.2999999523162842,0.5123837772170106,-0.30000001192092896,0.3103092908859253,0.5222222208976746,-0.30000001192092896,-0.30000001192092896,-0.30000001192092896,-0.30000001192092896,-0.30000001192092896,-0.30000001192092896,0.30000001192092896,-0.295850633920929,0.713624865920929,-0.30000001192092896,-0.299507038525238
1.2999999523162842,0.4829996322170105,-0.30000001192092896,0.3103092908859253,0.5136752128976746,-0.30000001192092896,-0.30000001192092896,-0.30000001192092896,-0.30000001192092896,-0.30000001192092896,-0.30000001192092896,0.30000001192092896,-0.295850633920929,0.8893623089209289,-0.30000001192092896,-0.29941212552523805
1.2999999523162842,0.3927166962170105,-0.30000001192092896,0.3103092908859253,0.3598290588976746,-0.30000001192092896,-0.29193549592092893,-0.28989900192092893,-0.30000001192092896,-0.30000001192092896,-0.30000001192092896,0.4610962689209289,-0.30000001192092896,0.30000001192092896,-0.30000001192092896,-0.27152522952523805
1.2999999523162842,1.1179395012170104,-0.30000001192092896,0.3103092908859253,0.3769230758976746,-0.30000001192092896,-0.30000001192092896,-0.30000001192092896,-0.30000001192092896,-0.30000001192092896,-0.30000001192092896,0.30000001192092896,-0.30000001192092896,0.30000001192092896,-0.30000001192092896,-0.29975629652523805
1.2999999523162842,0.9061919012170105,-0.30000001192092896,0.3103092908859253,0.3769230758976746,-0.30000001192092896,-0.30000001192092896,-0.30000001192092896,-0.30000001192092896,-0.30000001192092896,-0.30000001192092896,0.30000001192092896,-0.30000001192092896,0.30000001192092896,-0.30000001192092896,-0.299833024525238
1.2999999523162842,0.5729696422170105,-0.30000001192092896,0.3103092908859253,0.5222222208976746,-0.30000001192092896,-0.30000001192092896,-0.30000001192092896,-0.30000001192092896,-0.30000001192092896,-0.30000001192092896,0.30000001192092896,-0.295850633920929,0.940819772920929,-0.30000001192092896,-0.29946512652523805
1.2999999523162842,0.4214789272170105,-0.30000001192092896,0.3103092908859253,0.4282051268976746,-0.30000001192092896,-0.28387097992092897,-0.28989900192092893,-0.30000001192092896,-0.30000001192092896,-0.30000001192092896,0.574064182920929,0.13983401307907106,0.6983733689209289,-0.30000001192092896,-0.26316734452523804
1.2999999523162842,0.45177246521701053,-0.30000001192092896,0.4752577448859253,0.5393162378976746,-0.30000001192092896,-0.30000001192092896,-0.30000001192092896,-0.30000001192092896,-0.30000001192092896,-0.30000001192092896,0.30000001192092896,-0.24605810292092894,0.572031290920929,-0.30000001192092896,-0.29516743152523806
1.2999999523162842,0.3024237642170105,-0.30000001192092896,0.3103092908859253,0.34273504189767456,-0.30000001192092896,-0.11451614092092896,-0.28989900192092893,-0.30000001192092896,-0.30000001192092896,-0.30000001192092896,1.084090920920929,-0.30000001192092896,0.30000001192092896,-0.30000001192092896,-0.29984078652523805
1.2999999523162842,0.4221075052170105,-0.30000001192092896,0.3103092908859253,0.3598290588976746,-0.30000001192092896,-0.25161291492092897,-0.23939395092092897,-0.30000001192092896,-0.30000001192092896,-0.30000001192092896,0.30000001192092896,-0.30000001192092896,0.30000001192092896,-0.30000001192092896,-0.29978512452523803
1.2999999523162842,0.3923940762170105,-0.30000001192092896,0.3103092908859253,0.5222222208976746,-0.30000001192092896,-0.30000001192092896,-0.30000001192092896,-0.30000001192092896,-0.30000001192092896,-0.30000001192092896,0.30000001192092896,-0.30000001192092896,0.30000001192092896,-0.30000001192092896,-0.299569131525238
1.2999999523162842,0.4817879152170105,-0.30000001192092896,0.3103092908859253,0.5222222208976746,-0.30000001192092896,-0.30000001192092896,-0.30000001192092896,-0.30000001192092896,-0.30000001192092896,-0.30000001192092896,0.30000001192092896,-0.30000001192092896,0.30000001192092896,-0.30000001192092896,-0.299900661325238
1.2999999523162842,0.3009157812170105,-0.30000001192092896,0.3103092908859253,0.3256410248976746,-0.30000001192092896,-0.18709678592092896,-0.28989900192092893,-0.30000001192092896,-0.30000001192092896,-0.30000001192092896,1.011229958920929,-0.19211619492092896,0.8631749139209289,-0.30000001192092896,-0.255373170525238
1.2999999523162842,0.4521008412170105,-0.30000001192092896,0.3103092908859253,0.5136752128976746,-0.30000001192092896,-0.30000001192092896,-0.30000001192092896,-0.30000001192092896,-0.30000001192092896,-0.30000001192092896,0.30000001192092896,-0.30000001192092896,0.30000001192092896,-0.30000001192092896,-0.299900661325238
1.2999999523162842,0.4517979122170105,-0.30000001192092896,0.3103092908859253,0.5222222208976746,-0.30000001192092896,-0.30000001192092896,-0.30000001192092896,-0.30000001192092896,-0.30000001192092896,-0.30000001192092896,0.30000001192092896,-0.30000001192092896,0.30000001192092896,-0.30000001192092896,-0.288570314525238
1.2999999523162842,0.3921208342170105,-0.30000001192092896,0.3103092908859253,0.5051282038976745,-0.30000001192092896,-0.30000001192092896,-0.30000001192092896,-0.30000001192092896,-0.30000001192092896,-0.30000001192092896,0.30000001192092896,-0.29170125692092896,1.014219106920929,-0.30000001192092896,-0.29963588052523804
1.2999999523162842,0.42241194921701053,-0.30000001192092896,0.3103092908859253,0.5222222208976746,-0.30000001192092896,-0.30000001192092896,-0.30000001192092896,-0.30000001192092896,-0.30000001192092896,-0.30000001192092896,0.30000001192092896,-0.295850633920929,0.7584912959209289,-0.30000001192092896,-0.29939948552523804
1.2999999523162842,0.6332525782170104,-0.30000001192092896,0.3103092908859253,0.3769230758976746,-0.30000001192092896,-0.30000001192092896,-0.30000001192092896,-0.30000001192092896,-0.30000001192092896,-0.30000001192092896,0.30000001192092896,-0.283402501920929,0.721907532920929,-0.30000001192092896,-0.299677127525238
1.2999999523162842,0.5126867062170105,-0.30000001192092896,0.3103092908859253,0.5222222208976746,-0.30000001192092896,-0.30000001192092896,-0.30000001192092896,-0.30000001192092896,-0.30000001192092896,-0.30000001192092896,0.30000001192092896,-0.30000001192092896,0.30000001192092896,-0.30000001192092896,-0.299901104925238
1.2999999523162842,0.3918021532170105,-0.30000001192092896,0.3103092908859253,0.33418803289767457,-0.30000001192092896,-0.13064517292092895,-0.08787879992092895,-0.30000001192092896,-0.30000001192092896,-0.30000001192092896,0.30000001192092896,-0.30000001192092896,0.30000001192092896,-0.30000001192092896,-0.273897389525238
1.2999999523162842,0.3615249722170105,-0.30000001192092896,0.3103092908859253,0.46239316089767457,-0.30000001192092896,-0.30000001192092896,-0.30000001192092896,-0.30000001192092896,-0.30000001192092896,-0.30000001192092896,0.30000001192092896,-0.30000001192092896,0.30000001192092896,-0.30000001192092896,-0.299253345525238
1.2999999523162842,0.5738784302170106,-0.30000001192092896,0.3103092908859253,0.5222222208976746,-0.30000001192092896,-0.30000001192092896,-0.30000001192092896,-0.30000001192092896,-0.30000001192092896,-0.30000001192092896,0.30000001192092896,-0.30000001192092896,0.30000001192092896,-0.30000001192092896,-0.29990043962523805
1.2999999523162842,0.4233083172170105,-0.30000001192092896,0.3103092908859253,0.5307692298976746,-0.30000001192092896,-0.30000001192092896,-0.30000001192092896,-0.30000001192092896,-0.30000001192092896,-0.30000001192092896,0.30000001192092896,-0.30000001192092896,0.30000001192092896,-0.30000001192092896,-0.28872621052523806
1.2999999523162842,0.4232922622170105,-0.30000001192092896,0.3103092908859253,0.3940170928976746,-0.30000001192092896,-0.30000001192092896,-0.30000001192092896,-0.30000001192092896,-0.30000001192092896,-0.30000001192092896,0.30000001192092896,-0.30000001192092896,0.30000001192092896,-0.30000001192092896,-0.299870723525238
1.2999999523162842,0.4211766042170105,-0.30000001192092896,0.3103092908859253,0.3683760668976746,-0.30000001192092896,-0.27580646392092895,-0.28989900192092893,-0.30000001192092896,-0.30000001192092896,-0.30000001192092896,0.6629679259209289,-0.30000001192092896,0.30000001192092896,-0.30000001192092896,-0.29986229652523805
1.2999999523162842,0.3312284042170105,-0.30000001192092896,0.3103092908859253,0.3512820498976746,-0.30000001192092896,-0.21935485092092893,-0.28989900192092893,-0.30000001192092896,-0.30000001192092896,-0.30000001192092896,0.9417112419209289,-0.09253113192092896,0.7381502899209289,-0.30000001192092896,-0.25370908852523805
1.2999999523162842,0.3333464862170105,-0.30000001192092896,0.3103092908859253,0.3512820498976746,-0.30000001192092896,-0.23548388292092895,-0.21919193092092895,-0.30000001192092896,-0.30000001192092896,-0.30000001192092896,0.30000001192092896,-0.30000001192092896,0.30000001192092896,-0.30000001192092896,-0.29984189552523804
1.2999999523162842,1.1182342512170105,-0.30000001192092896,0.3103092908859253,0.3769230758976746,-0.30000001192092896,-0.30000001192092896,-0.30000001192092896,-0.30000001192092896,-0.30000001192092896,-0.30000001192092896,0.30000001192092896,-0.30000001192092896,0.30000001192092896,-0.30000001192092896,-0.29990465302523805
1.2999999523162842,0.3309254752170105,-0.30000001192092896,0.3103092908859253,0.33418803289767457,-0.30000001192092896,-0.20322581792092898,-0.28989900192092893,-0.30000001192092896,-0.30000001192092896,-0.30000001192092896,0.981818193920929,-0.30000001192092896,0.30000001192092896,-0.30000001192092896,-0.29984012152523803
1.2999999523162842,0.5126867062170105,-0.30000001192092896,0.3103092908859253,0.5222222208976746,-0.30000001192092896,-0.30000001192092896,-0.30000001192092896,-0.30000001192092896,-0.30000001192092896,-0.30000001192092896,0.30000001192092896,-0.30000001192092896,0.30000001192092896,-0.30000001192092896,-0.29990088312523805
1.2999999523162842,0.4829996322170105,-0.30000001192092896,0.3103092908859253,0.5136752128976746,-0.30000001192092896,-0.30000001192092896,-0.30000001192092896,-0.30000001192092896,-0.30000001192092896,-0.30000001192092896,0.30000001192092896,-0.30000001192092896,0.30000001192092896,-0.30000001192092896,-0.299900661325238
1.2999999523162842,0.5123837772170106,-0.30000001192092896,0.3103092908859253,0.3769230758976746,-0.30000001192092896,-0.30000001192092896,-0.30000001192092896,-0.30000001192092896,-0.30000001192092896,-0.30000001192092896,0.30000001192092896,-0.30000001192092896,0.30000001192092896,-0.30000001192092896,-0.29976139652523803
1.2999999523162842,0.4826967032170105,-0.30000001192092896,0.3103092908859253,0.5136752128976746,-0.30000001192092896,-0.30000001192092896,-0.30000001192092896,-0.30000001192092896,-0.30000001192092896,-0.30000001192092896,0.30000001192092896,-0.30000001192092896,0.30000001192092896,-0.30000001192092896,-0.299901104925238
1.2999999523162842,0.3036512332170105,-0.30000001192092896,0.3103092908859253,0.3512820498976746,-0.30000001192092896,-0.25161291492092897,-0.28989900192092893,-0.30000001192092896,-0.30000001192092896,-0.30000001192092896,0.825401081920929,-0.30000001192092896,0.30000001192092896,-0.30000001192092896,-0.29984034252523806
1.2999999523162842,0.5429796392170105,-0.30000001192092896,0.3103092908859253,0.5136752128976746,-0.30000001192092896,-0.30000001192092896,-0.30000001192092896,-0.30000001192092896,-0.30000001192092896,-0.30000001192092896,0.30000001192092896,-0.30000001192092896,0.30000001192092896,-0.30000001192092896,-0.299900661325238
1.2999999523162842,0.3042504272170105,-0.30000001192092896,0.3103092908859253,0.34273504189767456,-0.30000001192092896,-0.20322581792092898,-0.28989900192092893,-0.30000001192092896,-0.30000001192092896,-0.30000001192092896,0.981818193920929,-0.30000001192092896,0.30000001192092896,-0.30000001192092896,-0.29983834652523805
1.2999999523162842,0.3309291102170105,-0.30000001192092896,0.3103092908859253,0.3512820498976746,-0.30000001192092896,-0.22741936692092896,-0.28989900192092893,-0.30000001192092896,-0.30000001192092896,-0.30000001192092896,0.919652417920929,-0.08423237692092894,0.7769382279209289,-0.30000001192092896,-0.258565838525238
1.2999999523162842,0.3321408282170105,-0.30000001192092896,0.3103092908859253,0.3683760668976746,-0.30000001192092896,-0.25967743092092893,-0.28989900192092893,-0.30000001192092896,-0.30000001192092896,-0.30000001192092896,0.7812834339209289,0.002904552079071032,0.720415468920929,-0.30000001192092896,-0.252824269525238
1.2999999523162842,0.3624089202170105,-0.30000001192092896,0.3103092908859253,0.34273504189767456,-0.30000001192092896,-0.19516130192092895,-0.16868688092092896,-0.30000001192092896,-0.30000001192092896,-0.30000001192092896,0.30000001192092896,-0.30000001192092896,0.30000001192092896,-0.30000001192092896,-0.299846995525238
1.2999999523162842,0.3608936682170105,-0.30000001192092896,0.3412371258859253,0.5393162378976746,-0.30000001192092896,-0.30000001192092896,-0.30000001192092896,-0.30000001192092896,-0.30000001192092896,-0.30000001192092896,0.30000001192092896,-0.24605810292092894,0.9164036419209289,-0.30000001192092896,-0.29491196452523805
1.2999999523162842,0.4517979122170105,-0.30000001192092896,0.3103092908859253,0.5051282038976745,-0.30000001192092896,-0.30000001192092896,-0.30000001192092896,-0.30000001192092896,-0.30000001192092896,-0.30000001192092896,0.30000001192092896,-0.295850633920929,0.7939963459209289,-0.30000001192092896,-0.297496347525238
1.2999999523162842,0.3605877092170105,-0.30000001192092896,0.3103092908859253,0.3512820498976746,-0.30000001192092896,-0.29193549592092893,-0.28989900192092893,-0.30000001192092896,-0.30000001192092896,-0.30000001192092896,0.4610962689209289,0.699999988079071,1.124763670920929,-0.30000001192092896,-0.24094218452523802
0.2999999523162842,0.3027266932170105,-0.13989308892092894,0.3000000128859253,0.3940170928976746,0.699999988079071,-0.30000001192092896,-0.30000001192092896,0.699999988079071,-0.15858587092092896,-0.0012448249209289775,0.30000001192092896,-0.30000001192092896,0.30000001192092896,0.16666665507907102,-0.29723888452523806
1.2999999523162842,0.3024319432170105,-0.30000001192092896,0.3103092908859253,0.3598290588976746,-0.30000001192092896,-0.13064517292092895,-0.28989900192092893,-0.30000001192092896,-0.30000001192092896,-0.30000001192092896,1.072058835920929,-0.17551868392092895,0.927516626920929,-0.30000001192092896,-0.253790917525238
1.2999999523162842,0.3612220432170105,-0.30000001192092896,0.3103092908859253,0.44529914389767455,-0.30000001192092896,-0.29193549592092893,-0.28989900192092893,-0.30000001192092896,-0.30000001192092896,-0.30000001192092896,0.4610962689209289,0.210373432079071,0.9026445069209289,-0.30000001192092896,-0.265405560525238
1.2999999523162842,0.3018275992170105,-0.30000001192092896,0.3103092908859253,0.34273504189767456,-0.30000001192092896,-0.18709678592092896,-0.15858587092092896,-0.30000001192092896,-0.30000001192092896,-0.30000001192092896,0.30000001192092896,-0.30000001192092896,0.30000001192092896,-0.30000001192092896,-0.29969176452523805
1.2999999523162842,0.3921108382170105,-0.30000001192092896,0.3103092908859253,0.5136752128976746,-0.30000001192092896,-0.30000001192092896,-0.30000001192092896,-0.30000001192092896,-0.30000001192092896,-0.30000001192092896,0.30000001192092896,-0.2875518789209289,1.092871814920929,-0.30000001192092896,-0.299145349525238
1.2999999523162842,0.3015304252170105,-0.30000001192092896,0.3103092908859253,0.3683760668976746,-0.30000001192092896,-0.19516130192092895,-0.16868688092092896,-0.30000001192092896,-0.30000001192092896,-0.30000001192092896,0.30000001192092896,-0.30000001192092896,0.30000001192092896,-0.30000001192092896,-0.29984145152523806
1.2999999523162842,0.4529808512170105,-0.30000001192092896,0.3103092908859253,0.5222222208976746,-0.30000001192092896,-0.30000001192092896,-0.30000001192092896,-0.30000001192092896,-0.30000001192092896,-0.30000001192092896,0.30000001192092896,-0.30000001192092896,0.30000001192092896,-0.30000001192092896,-0.299900217825238
1.2999999523162842,0.4517979122170105,-0.30000001192092896,0.3103092908859253,0.5222222208976746,-0.30000001192092896,-0.30000001192092896,-0.30000001192092896,-0.30000001192092896,-0.30000001192092896,-0.30000001192092896,0.30000001192092896,-0.29170125692092896,1.1382667819209291,-0.30000001192092896,-0.29909988852523806
1.2999999523162842,0.39242376421701053,-0.30000001192092896,0.3103092908859253,0.34273504189767456,-0.30000001192092896,-0.13064517292092895,-0.08787879992092895,-0.30000001192092896,-0.30000001192092896,-0.30000001192092896,0.30000001192092896,-0.30000001192092896,0.30000001192092896,-0.30000001192092896,-0.29985276152523804
1.2999999523162842,0.3003153752170105,-0.30000001192092896,0.3103092908859253,0.34273504189767456,-0.30000001192092896,-0.17903226992092897,-0.14848485992092897,-0.30000001192092896,-0.30000001192092896,-0.30000001192092896,0.30000001192092896,-0.30000001192092896,0.30000001192092896,-0.30000001192092896,-0.29984012152523803
1.2999999523162842,0.3036654712170105,-0.30000001192092896,0.3103092908859253,0.3512820498976746,-0.30000001192092896,-0.22741936692092896,-0.28989900192092893,-0.30000001192092896,-0.30000001192092896,-0.30000001192092896,0.892246000920929,-0.10497926492092896,0.7089505379209289,-0.30000001192092896,-0.254885965525238
1.2999999523162842,0.3003250692170105,-0.30000001192092896,0.3103092908859253,0.3512820498976746,-0.30000001192092896,-0.21129033492092897,-0.18888890092092897,-0.30000001192092896,-0.30000001192092896,-0.30000001192092896,0.30000001192092896,-0.30000001192092896,0.30000001192092896,-0.30000001192092896,-0.29984034252523806
1.2999999523162842,0.5123837772170106,-0.30000001192092896,0.3103092908859253,0.5222222208976746,-0.30000001192092896,-0.30000001192092896,-0.30000001192092896,-0.30000001192092896,-0.30000001192092896,-0.30000001192092896,0.30000001192092896,-0.30000001192092896,0.30000001192092896,-0.30000001192092896,-0.299507038525238
1.2999999523162842,0.39242376421701053,-0.30000001192092896,0.3103092908859253,0.5222222208976746,-0.30000001192092896,-0.30000001192092896,-0.30000001192092896,-0.30000001192092896,-0.30000001192092896,-0.30000001192092896,0.30000001192092896,-0.30000001192092896,0.30000001192092896,-0.30000001192092896,-0.299364003525238
1.2999999523162842,0.3009103292170105,-0.30000001192092896,0.3103092908859253,0.33418803289767457,-0.30000001192092896,-0.22741936692092896,-0.28989900192092893,-0.30000001192092896,-0.30000001192092896,-0.30000001192092896,0.919652417920929,-0.08423237692092894,0.981370357920929,-0.30000001192092896,-0.25130721352523805
1.2999999523162842,0.4524037702170105,-0.30000001192092896,0.3103092908859253,0.5307692298976746,-0.30000001192092896,-0.30000001192092896,-0.30000001192092896,-0.30000001192092896,-0.30000001192092896,-0.30000001192092896,0.30000001192092896,-0.295850633920929,1.046923599920929,-0.30000001192092896,-0.299345154525238
1.2999999523162842,0.3054797152170105,-0.30000001192092896,0.3103092908859253,0.3170940158976746,-0.30000001192092896,0.05483869807907105,-0.28989900192092893,-0.30000001192092896,-0.30000001192092896,-0.30000001192092896,1.1529411879209288,-0.30000001192092896,0.30000001192092896,-0.30000001192092896,-0.29983967752523805
1.2999999523162842,0.4517979122170105,-0.30000001192092896,0.3103092908859253,0.5222222208976746,-0.30000001192092896,-0.30000001192092896,-0.30000001192092896,-0.30000001192092896,-0.30000001192092896,-0.30000001192092896,0.30000001192092896,-0.30000001192092896,0.30000001192092896,-0.30000001192092896,-0.299900661325238
1.2999999523162842,0.5426767102170105,-0.30000001192092896,0.3103092908859253,0.5222222208976746,-0.30000001192092896,-0.30000001192092896,-0.30000001192092896,-0.30000001192092896,-0.30000001192092896,-0.30000001192092896,0.30000001192092896,-0.30000001192092896,0.30000001192092896,-0.30000001192092896,-0.29990088312523805
1.2999999523162842,0.39242376421701053,-0.30000001192092896,0.3103092908859253,0.5307692298976746,-0.30000001192092896,-0.30000001192092896,-0.30000001192092896,-0.30000001192092896,-0.30000001192092896,-0.30000001192092896,0.30000001192092896,-0.30000001192092896,0.30000001192092896,-0.30000001192092896,-0.299900661325238
1.2999999523162842,0.48239377421701046,-0.30000001192092896,0.3103092908859253,0.5136752128976746,-0.30000001192092896,-0.30000001192092896,-0.30000001192092896,-0.30000001192092896,-0.30000001192092896,-0.30000001192092896,0.30000001192092896,-0.30000001192092896,0.30000001192092896,-0.30000001192092896,-0.29936356052523805
1.2999999523162842,0.3612220432170105,-0.30000001192092896,0.3103092908859253,0.44529914389767455,-0.30000001192092896,-0.30000001192092896,-0.30000001192092896,-0.30000001192092896,-0.30000001192092896,-0.30000001192092896,0.30000001192092896,-0.295850633920929,0.9188818659209289,-0.30000001192092896,-0.29881071452523805
1.2999999523162842,0.45298842421701047,-0.30000001192092896,0.3103092908859253,0.5307692298976746,-0.30000001192092896,-0.30000001192092896,-0.30000001192092896,-0.30000001192092896,-0.30000001192092896,-0.30000001192092896,0.30000001192092896,-0.2875518789209289,0.726050401920929,-0.30000001192092896,-0.299001870525238
1.2999999523162842,0.30366486521701047,-0.30000001192092896,0.3103092908859253,0.34273504189767456,-0.30000001192092896,-0.17096775392092894,-0.28989900192092893,-0.30000001192092896,-0.30000001192092896,-0.30000001192092896,1.0272727389209289,-0.30000001192092896,0.30000001192092896,-0.30000001192092896,-0.29983945552523805
1.2999999523162842,0.5426767102170105,-0.30000001192092896,0.3103092908859253,0.5222222208976746,-0.30000001192092896,-0.30000001192092896,-0.30000001192092896,-0.30000001192092896,-0.30000001192092896,-0.30000001192092896,0.30000001192092896,-0.30000001192092896,0.30000001192092896,-0.30000001192092896,-0.29918526552523805
1.2999999523162842,0.9664748372170104,-0.30000001192092896,0.3103092908859253,0.3769230758976746,-0.30000001192092896,-0.30000001192092896,-0.30000001192092896,-0.30000001192092896,-0.30000001192092896,-0.30000001192092896,0.30000001192092896,-0.29170125692092896,0.721907532920929,-0.30000001192092896,-0.29946690052523806
1.2999999523162842,0.4521008412170105,-0.30000001192092896,0.3103092908859253,0.5222222208976746,-0.30000001192092896,-0.30000001192092896,-0.30000001192092896,-0.30000001192092896,-0.30000001192092896,-0.30000001192092896,0.30000001192092896,-0.30000001192092896,0.30000001192092896,-0.30000001192092896,-0.299074829525238
1.2999999523162842,0.3021214402170105,-0.30000001192092896,0.3103092908859253,0.38547008389767456,-0.30000001192092896,-0.20322581792092898,-0.28989900192092893,-0.30000001192092896,-0.30000001192092896,-0.30000001192092896,0.981818193920929,-0.30000001192092896,0.30000001192092896,-0.30000001192092896,-0.29983790352523804
1.2999999523162842,0.3003190112170105,-0.30000001192092896,0.3103092908859253,0.3256410248976746,-0.30000001192092896,-0.14677420592092896,-0.28989900192092893,-0.30000001192092896,-0.30000001192092896,-0.30000001192092896,1.062032097920929,-0.30000001192092896,0.30000001192092896,-0.30000001192092896,-0.29983790352523804
1.2999999523162842,0.3609051792170105,-0.30000001192092896,0.3412371258859253,0.5051282038976745,-0.30000001192092896,-0.28387097992092897,-0.28989900192092893,-0.30000001192092896,-0.30000001192092896,-0.30000001192092896,0.5707219369209289,0.5506223950790711,1.300000011920929,-0.30000001192092896,-0.22849439252523804
1.2999999523162842,0.42150497921701047,-0.30000001192092896,0.3103092908859253,0.5051282038976745,-0.30000001192092896,-0.30000001192092896,-0.30000001192092896,-0.30000001192092896,-0.30000001192092896,-0.30000001192092896,0.30000001192092896,-0.283402501920929,0.992381329920929,-0.30000001192092896,-0.29838515852523806
1.2999999523162842,0.5126867062170105,-0.30000001192092896,0.3103092908859253,0.5222222208976746,-0.30000001192092896,-0.30000001192092896,-0.30000001192092896,-0.30000001192092896,-0.30000001192092896,-0.30000001192092896,0.30000001192092896,-0.295850633920929,0.713624865920929,-0.30000001192092896,-0.29903580052523804
1.2999999523162842,0.4517833712170105,-0.30000001192092896,0.3103092908859253,0.5222222208976746,-0.30000001192092896,-0.30000001192092896,-0.30000001192092896,-0.30000001192092896,-0.30000001192092896,-0.30000001192092896,0.30000001192092896,-0.295850633920929,1.037685921920929,-0.30000001192092896,-0.299073720525238
1.2999999523162842,0.3306022502170105,-0.30000001192092896,0.3103092908859253,0.33418803289767457,-0.30000001192092896,-0.017741946920928953,-0.28989900192092893,-0.30000001192092896,-0.30000001192092896,-0.30000001192092896,1.142246000920929,-0.30000001192092896,0.30000001192092896,-0.30000001192092896,-0.29983834652523805
1.2999999523162842,0.42150497921701047,-0.30000001192092896,0.3103092908859253,0.5136752128976746,-0.30000001192092896,-0.30000001192092896,-0.30000001192092896,0.699999988079071,-0.30000001192092896,-0.30000001192092896,0.30000001192092896,-0.30000001192092896,0.30000001192092896,-0.30000001192092896,-0.279235356525238
1.2999999523162842,0.3614992232170105,-0.30000001192092896,0.3103092908859253,0.33418803289767457,-0.30000001192092896,-0.09032259292092895,-0.28989900192092893,-0.30000001192092896,-0.30000001192092896,-0.30000001192092896,1.099465252920929,-0.30000001192092896,0.30000001192092896,-0.30000001192092896,-0.29984278252523805
1.2999999523162842,0.5735755012170105,-0.30000001192092896,0.3103092908859253,0.5136752128976746,-0.30000001192092896,-0.30000001192092896,-0.30000001192092896,-0.30000001192092896,-0.30000001192092896,-0.30000001192092896,0.30000001192092896,-0.30000001192092896,0.30000001192092896,-0.30000001192092896,-0.29961104352523804
1.2999999523162842,0.3039684002170105,-0.30000001192092896,0.3103092908859253,0.34273504189767456,-0.30000001192092896,-0.18709678592092896,-0.28989900192092893,-0.30000001192092896,-0.30000001192092896,-0.30000001192092896,1.011229958920929,-0.11742739792092896,0.6740299839209289,-0.30000001192092896,-0.250632178525238
1.2999999523162842,0.42271669621701047,-0.30000001192092896,0.3103092908859253,0.5222222208976746,-0.30000001192092896,-0.30000001192092896,-0.30000001192092896,-0.30000001192092896,-0.30000001192092896,-0.30000001192092896,0.30000001192092896,-0.30000001192092896,0.30000001192092896,-0.30000001192092896,-0.29926332552523804
1.2999999523162842,0.3609191142170105,-0.30000001192092896,0.3103092908859253,0.33418803289767457,-0.30000001192092896,-0.25967743092092893,-0.24949496092092896,-0.30000001192092896,-0.30000001192092896,-0.30000001192092896,0.30000001192092896,-0.30000001192092896,0.30000001192092896,-0.30000001192092896,-0.299721701525238
1.2999999523162842,0.39363548121701053,-0.30000001192092896,0.3103092908859253,0.5136752128976746,-0.30000001192092896,-0.30000001192092896,-0.30000001192092896,-0.30000001192092896,-0.30000001192092896,-0.30000001192092896,0.30000001192092896,-0.30000001192092896,0.30000001192092896,-0.30000001192092896,-0.299002757525238
1.2999999523162842,0.3918179052170105,-0.30000001192092896,0.3103092908859253,0.38547008389767456,-0.30000001192092896,-0.28387097992092897,-0.28989900192092893,-0.30000001192092896,-0.30000001192092896,-0.30000001192092896,0.575401081920929,0.12738588007907103,1.028334791920929,-0.30000001192092896,-0.256999553525238
1.2999999523162842,0.3039468922170105,-0.30000001192092896,0.3103092908859253,0.3512820498976746,-0.30000001192092896,-0.15483872192092896,-0.28989900192092893,-0.30000001192092896,-0.30000001192092896,-0.30000001192092896,1.0459893169209291,-0.30000001192092896,0.30000001192092896,-0.30000001192092896,-0.29984056452523805
1.2999999523162842,0.4817879152170105,-0.30000001192092896,0.3103092908859253,0.5222222208976746,-0.30000001192092896,-0.30000001192092896,-0.30000001192092896,-0.30000001192092896,-0.30000001192092896,-0.30000001192092896,0.30000001192092896,-0.30000001192092896,0.30000001192092896,-0.30000001192092896,-0.29990088312523805
1.2999999523162842,0.5123837772170106,-0.30000001192092896,0.3103092908859253,0.5222222208976746,-0.30000001192092896,-0.30000001192092896,-0.30000001192092896,-0.30000001192092896,-0.30000001192092896,-0.30000001192092896,0.30000001192092896,-0.30000001192092896,0.30000001192092896,-0.30000001192092896,-0.29948464052523804
1.2999999523162842,0.4236254842170105,-0.30000001192092896,0.3103092908859253,0.5051282038976745,-0.30000001192092896,-0.30000001192092896,-0.30000001192092896,-0.30000001192092896,-0.30000001192092896,-0.30000001192092896,0.30000001192092896,-0.30000001192092896,0.30000001192092896,-0.30000001192092896,-0.291268902525238
1.2999999523162842,0.42150497921701047,-0.30000001192092896,0.3103092908859253,0.5051282038976745,-0.30000001192092896,-0.30000001192092896,-0.30000001192092896,-0.30000001192092896,-0.30000001192092896,-0.30000001192092896,0.30000001192092896,-0.30000001192092896,0.30000001192092896,-0.30000001192092896,-0.29990088312523805
1.2999999523162842,0.45269185621701047,-0.30000001192092896,0.3103092908859253,0.5136752128976746,-0.30000001192092896,-0.30000001192092896,-0.30000001192092896,-0.30000001192092896,-0.30000001192092896,-0.30000001192092896,0.30000001192092896,-0.30000001192092896,0.30000001192092896,-0.30000001192092896,-0.29126757252523805
1.2999999523162842,0.45179670021701046,-0.30000001192092896,0.5164948578859253,0.5393162378976746,-0.30000001192092896,-0.30000001192092896,-0.30000001192092896,-0.30000001192092896,-0.30000001192092896,-0.30000001192092896,0.30000001192092896,-0.24605810292092894,0.808402569920929,-0.30000001192092896,-0.29546303652523803
1.2999999523162842,0.4533125582170105,-0.30000001192092896,0.3103092908859253,0.33418803289767457,-0.30000001192092896,-0.25967743092092893,-0.24949496092092896,-0.30000001192092896,-0.30000001192092896,-0.30000001192092896,0.30000001192092896,-0.30000001192092896,0.30000001192092896,-0.30000001192092896,-0.299855865525238
1.2999999523162842,0.3924231582170105,-0.30000001192092896,0.3103092908859253,0.4880341868976746,-0.30000001192092896,-0.30000001192092896,-0.30000001192092896,-0.30000001192092896,-0.30000001192092896,-0.30000001192092896,0.30000001192092896,-0.30000001192092896,0.30000001192092896,-0.30000001192092896,-0.299870723525238
1.2999999523162842,0.3309291102170105,-0.30000001192092896,0.3103092908859253,0.3512820498976746,-0.30000001192092896,-0.21935485092092893,-0.28989900192092893,-0.30000001192092896,-0.30000001192092896,-0.30000001192092896,0.9417112419209289,-0.09668050992092894,1.0829122709209291,-0.30000001192092896,-0.25705255352523804
1.2999999523162842,0.42271669621701047,-0.30000001192092896,0.3103092908859253,0.5222222208976746,-0.30000001192092896,-0.30000001192092896,-0.30000001192092896,-0.30000001192092896,-0.30000001192092896,-0.30000001192092896,0.30000001192092896,-0.30000001192092896,0.30000001192092896,-0.30000001192092896,-0.29990043962523805
1.2999999523162842,0.3303071962170105,-0.30000001192092896,0.3103092908859253,0.33418803289767457,-0.30000001192092896,-0.17903226992092897,-0.28989900192092893,-0.30000001192092896,-0.30000001192092896,-0.30000001192092896,0.984491990920929,-0.30000001192092896,0.30000001192092896,-0.30000001192092896,-0.29983923452523803
1.2999999523162842,0.7244343052170106,-0.30000001192092896,0.3103092908859253,0.3769230758976746,-0.30000001192092896,-0.30000001192092896,-0.30000001192092896,-0.30000001192092896,-0.30000001192092896,-0.30000001192092896,0.30000001192092896,-0.30000001192092896,0.30000001192092896,-0.30000001192092896,-0.29979310852523805
1.2999999523162842,0.4233225552170105,-0.30000001192092896,0.3103092908859253,0.5051282038976745,-0.30000001192092896,-0.30000001192092896,-0.30000001192092896,-0.30000001192092896,-0.30000001192092896,-0.30000001192092896,0.30000001192092896,-0.295850633920929,0.897441642920929,-0.30000001192092896,-0.29892181552523805
1.2999999523162842,0.4832925652170105,-0.30000001192092896,0.3103092908859253,0.5222222208976746,-0.30000001192092896,-0.30000001192092896,-0.30000001192092896,-0.30000001192092896,-0.30000001192092896,-0.30000001192092896,0.30000001192092896,-0.295850633920929,1.092871814920929,-0.30000001192092896,-0.29960926952523803
1.2999999523162842,0.30092699021701047,-0.30000001192092896,0.3103092908859253,0.3598290588976746,-0.30000001192092896,-0.09838710892092895,-0.04747475892092895,-0.30000001192092896,-0.30000001192092896,-0.30000001192092896,0.30000001192092896,-0.30000001192092896,0.30000001192092896,-0.30000001192092896,-0.29983879052523804
1.2999999523162842,0.4833007442170105,-0.30000001192092896,0.3103092908859253,0.5222222208976746,-0.30000001192092896,-0.30000001192092896,-0.30000001192092896,-0.30000001192092896,-0.30000001192092896,-0.30000001192092896,0.30000001192092896,-0.295850633920929,0.7584912959209289,-0.30000001192092896,-0.299000096525238
0.2999999523162842,0.3012414302170105,-0.16295400992092895,0.3000000128859253,0.3256410248976746,0.699999988079071,-0.30000001192092896,-0.30000001192092896,0.699999988079071,0.023232311079071033,-0.18796681692092895,0.30000001192092896,-0.30000001192092896,0.30000001192092896,-0.23333334492092894,-0.298901413525238
1.2999999523162842,0.3621308312170105,-0.30000001192092896,0.3103092908859253,0.4111111098976746,-0.30000001192092896,-0.29193549592092893,-0.28989900192092893,-0.30000001192092896,-0.30000001192092896,-0.30000001192092896,0.44304813992092895,0.5879667930790711,0.917708219920929,-0.30000001192092896,-0.24512744752523802
1.2999999523162842,0.4826967032170105,-0.30000001192092896,0.3103092908859253,0.5222222208976746,-0.30000001192092896,-0.30000001192092896,-0.30000001192092896,-0.30000001192092896,-0.30000001192092896,-0.30000001192092896,0.30000001192092896,-0.30000001192092896,0.30000001192092896,-0.30000001192092896,-0.299631223525238
1.2999999523162842,0.3015298192170105,-0.30000001192092896,0.3103092908859253,0.2999999988976746,-0.30000001192092896,-0.30000001192092896,-0.30000001192092896,-0.30000001192092896,-0.30000001192092896,-0.30000001192092896,0.30000001192092896,-0.295850633920929,0.9899074149209289,-0.30000001192092896,-0.299870723525238
1.2999999523162842,0.3000060848070105,-0.30000001192092896,0.3103092908859253,0.2999999988976746,-0.30000001192092896,-0.12258065692092895,-0.28989900192092893,-0.30000001192092896,-0.30000001192092896,-0.30000001192092896,1.0794117769209288,-0.30000001192092896,0.30000001192092896,-0.30000001192092896,-0.29994967012523804
1.2999999523162842,0.3000269869170105,-0.30000001192092896,0.3103092908859253,0.2999999988976746,-0.30000001192092896,0.06290321407907107,-0.28989900192092893,-0.30000001192092896,-0.30000001192092896,-0.30000001192092896,1.138235305920929,-0.23775934792092895,0.979299344920929,-0.30000001192092896,-0.24974713752523803
1.2999999523162842,0.39239831721701046,-0.30000001192092896,0.3103092908859253,0.3256410248976746,-0.30000001192092896,-0.20322581792092898,-0.17878789092092895,-0.30000001192092896,-0.30000001192092896,-0.30000001192092896,0.30000001192092896,-0.30000001192092896,0.30000001192092896,-0.30000001192092896,-0.29986163152523804
1.2999999523162842,0.3611993232170105,-0.30000001192092896,0.3103092908859253,0.3598290588976746,-0.30000001192092896,-0.27580646392092895,-0.26969698192092895,-0.30000001192092896,-0.30000001192092896,-0.30000001192092896,0.41764707092092895,0.430290444079071,0.985206940920929,-0.30000001192092896,-0.24438189352523804
1.2999999523162842,0.3057732532170105,-0.30000001192092896,0.3103092908859253,0.3598290588976746,-0.30000001192092896,-0.017741946920928953,0.05353534207907107,-0.30000001192092896,-0.30000001192092896,-0.30000001192092896,0.30000001192092896,-0.30000001192092896,0.30000001192092896,-0.30000001192092896,-0.29983945552523805
1.2999999523162842,0.3909091172170105,-0.30000001192092896,0.3103092908859253,0.5307692298976746,-0.30000001192092896,-0.30000001192092896,-0.30000001192092896,-0.30000001192092896,-0.30000001192092896,-0.30000001192092896,0.30000001192092896,-0.29170125692092896,0.856131456920929,-0.30000001192092896,-0.29863485952523805
1.2999999523162842,0.4833025622170105,-0.30000001192092896,0.3103092908859253,0.5222222208976746,-0.30000001192092896,-0.30000001192092896,-0.30000001192092896,-0.30000001192092896,-0.30000001192092896,-0.30000001192092896,0.30000001192092896,-0.29170125692092896,0.7769382279209289,-0.30000001192092896,-0.299025820525238
1.2999999523162842,0.30426527121701047,-0.30000001192092896,0.3103092908859253,0.34273504189767456,-0.30000001192092896,-0.28387097992092897,-0.28989900192092893,-0.30000001192092896,-0.30000001192092896,-0.30000001192092896,0.575401081920929,0.07759334907907106,1.1746556309209288,-0.30000001192092896,-0.25090871252523805
1.2999999523162842,0.4833025622170105,-0.30000001192092896,0.3103092908859253,0.5222222208976746,-0.30000001192092896,-0.30000001192092896,-0.30000001192092896,-0.30000001192092896,-0.30000001192092896,-0.30000001192092896,0.30000001192092896,-0.30000001192092896,0.30000001192092896,-0.30000001192092896,-0.29973722452523804
1.2999999523162842,0.3318378982170105,-0.30000001192092896,0.3103092908859253,0.3598290588976746,-0.30000001192092896,-0.25967743092092893,-0.28989900192092893,-0.30000001192092896,-0.30000001192092896,-0.30000001192092896,0.7812834339209289,-0.30000001192092896,0.30000001192092896,-0.30000001192092896,-0.28144274852523804
1.2999999523162842,0.39241619021701046,-0.30000001192092896,0.3103092908859253,0.4880341868976746,-0.30000001192092896,-0.30000001192092896,-0.30000001192092896,-0.30000001192092896,-0.30000001192092896,-0.30000001192092896,0.30000001192092896,-0.30000001192092896,0.30000001192092896,-0.30000001192092896,-0.278997852525238
1.2999999523162842,0.4833025622170105,-0.30000001192092896,0.3103092908859253,0.5051282038976745,-0.30000001192092896,-0.30000001192092896,-0.30000001192092896,-0.30000001192092896,-0.30000001192092896,-0.30000001192092896,0.30000001192092896,-0.30000001192092896,0.30000001192092896,-0.30000001192092896,-0.29950681652523803
1.2999999523162842,0.3327339632170105,-0.30000001192092896,0.3103092908859253,0.3769230758976746,-0.30000001192092896,-0.21935485092092893,-0.19898991092092894,-0.30000001192092896,-0.30000001192092896,-0.30000001192092896,0.30000001192092896,-0.30000001192092896,0.30000001192092896,-0.30000001192092896,-0.289422091525238
1.2999999523162842,0.3045666862170105,-0.30000001192092896,0.3103092908859253,0.34273504189767456,-0.30000001192092896,-0.21129033492092897,-0.18888890092092897,-0.30000001192092896,-0.30000001192092896,-0.30000001192092896,0.30000001192092896,-0.30000001192092896,0.30000001192092896,-0.30000001192092896,-0.29984034252523806
1.2999999523162842,0.4220929652170105,-0.30000001192092896,0.3103092908859253,0.5222222208976746,-0.30000001192092896,-0.30000001192092896,-0.30000001192092896,-0.30000001192092896,-0.30000001192092896,-0.30000001192092896,0.30000001192092896,-0.2875518789209289,0.830881789920929,-0.30000001192092896,-0.29896395052523805
1.2999999523162842,0.3333464862170105,-0.30000001192092896,0.3103092908859253,0.34273504189767456,-0.30000001192092896,-0.27580646392092895,-0.26969698192092895,-0.30000001192092896,-0.30000001192092896,-0.30000001192092896,0.42098931692092895,0.45103733207907104,1.1746556309209288,-0.30000001192092896,-0.20371478852523803
1.2999999523162842,0.3630396192170105,-0.30000001192092896,0.3103092908859253,0.33418803289767457,-0.30000001192092896,-0.27580646392092895,-0.26969698192092895,-0.30000001192092896,-0.30000001192092896,-0.30000001192092896,0.30000001192092896,-0.30000001192092896,0.30000001192092896,-0.30000001192092896,-0.29985475752523805
1.2999999523162842,0.48239377421701046,-0.30000001192092896,0.3103092908859253,0.5136752128976746,-0.30000001192092896,-0.30000001192092896,-0.30000001192092896,-0.30000001192092896,-0.30000001192092896,-0.30000001192092896,0.30000001192092896,-0.30000001192092896,0.30000001192092896,-0.30000001192092896,-0.299369104525238
1.2999999523162842,0.36061254921701047,-0.30000001192092896,0.4340206318859253,0.5393162378976746,-0.30000001192092896,-0.30000001192092896,-0.30000001192092896,-0.30000001192092896,-0.30000001192092896,-0.30000001192092896,0.30000001192092896,-0.24605810292092894,0.7381502899209289,-0.30000001192092896,-0.291789150525238
1.2999999523162842,0.4529841832170105,-0.30000001192092896,0.3103092908859253,0.5136752128976746,-0.30000001192092896,-0.30000001192092896,-0.30000001192092896,-0.30000001192092896,-0.30000001192092896,-0.30000001192092896,0.30000001192092896,-0.30000001192092896,0.30000001192092896,-0.30000001192092896,-0.291271785525238
1.2999999523162842,0.5132925652170105,-0.30000001192092896,0.3103092908859253,0.5222222208976746,-0.30000001192092896,-0.30000001192092896,-0.30000001192092896,-0.30000001192092896,-0.30000001192092896,-0.30000001192092896,0.30000001192092896,-0.30000001192092896,0.30000001192092896,-0.30000001192092896,-0.29957911052523806
1.2999999523162842,0.3045712302170105,-0.30000001192092896,0.3103092908859253,0.33418803289767457,-0.30000001192092896,0.06290321407907107,0.15454544307907103,-0.30000001192092896,-0.30000001192092896,-0.30000001192092896,0.31871658992092894,-0.18381743892092894,1.0151738689209289,-0.30000001192092896,-0.26567233752523806
1.2999999523162842,0.3918179052170105,-0.30000001192092896,0.3103092908859253,0.5222222208976746,-0.30000001192092896,-0.30000001192092896,-0.30000001192092896,-0.30000001192092896,-0.30000001192092896,-0.30000001192092896,0.30000001192092896,-0.27925312392092894,0.927652313920929,-0.30000001192092896,-0.298928025525238
1.2999999523162842,0.45178397721701047,-0.30000001192092896,0.4752577448859253,0.5393162378976746,-0.30000001192092896,-0.30000001192092896,-0.30000001192092896,-0.30000001192092896,-0.30000001192092896,-0.30000001192092896,0.30000001192092896,-0.24605810292092894,1.300000011920929,-0.30000001192092896,-0.293645718525238
1.2999999523162842,0.3321202282170105,-0.30000001192092896,0.4649484668859253,0.4025641018976746,-0.30000001192092896,-0.26774194692092895,-0.28989900192092893,-0.30000001192092896,-0.30000001192092896,-0.30000001192092896,0.724465252920929,0.363900403079071,1.010245103920929,-0.30000001192092896,-0.20849103952523804
1.2999999523162842,0.3915149762170105,-0.30000001192092896,0.3103092908859253,0.5222222208976746,-0.30000001192092896,-0.30000001192092896,-0.30000001192092896,-0.30000001192092896,-0.30000001192092896,-0.30000001192092896,0.30000001192092896,-0.30000001192092896,0.30000001192092896,-0.30000001192092896,-0.29965051652523805
1.2999999523162842,0.5738784302170106,-0.30000001192092896,0.3103092908859253,0.5136752128976746,-0.30000001192092896,-0.30000001192092896,-0.30000001192092896,-0.30000001192092896,-0.30000001192092896,-0.30000001192092896,0.30000001192092896,-0.30000001192092896,0.30000001192092896,-0.30000001192092896,-0.29990088312523805
1.2999999523162842,0.3039590092170105,-0.30000001192092896,0.33092784788592533,0.5051282038976745,-0.30000001192092896,-0.30000001192092896,-0.30000001192092896,-0.30000001192092896,-0.30000001192092896,-0.30000001192092896,0.30000001192092896,-0.24605810292092894,0.765188056920929,-0.30000001192092896,-0.27595731152523806
1.2999999523162842,0.4820908442170105,-0.30000001192092896,0.3103092908859253,0.5222222208976746,-0.30000001192092896,-0.30000001192092896,-0.30000001192092896,-0.30000001192092896,-0.30000001192092896,-0.30000001192092896,0.30000001192092896,-0.295850633920929,0.9164036419209289,-0.30000001192092896,-0.299328078525238
1.2999999523162842,0.3036397222170105,-0.30000001192092896,0.3103092908859253,0.3170940158976746,-0.30000001192092896,-0.10645162492092897,-0.28989900192092893,-0.30000001192092896,-0.30000001192092896,-0.30000001192092896,1.086096268920929,-0.30000001192092896,0.30000001192092896,-0.30000001192092896,-0.29983989952523804
1.2999999523162842,0.3051673942170105,-0.30000001192092896,0.3103092908859253,0.34273504189767456,-0.30000001192092896,-0.20322581792092898,-0.17878789092092895,-0.30000001192092896,-0.30000001192092896,-0.30000001192092896,0.30000001192092896,-0.30000001192092896,0.30000001192092896,-0.30000001192092896,-0.29984012152523803
1.2999999523162842,0.4517979122170105,-0.30000001192092896,0.3103092908859253,0.5222222208976746,-0.30000001192092896,-0.30000001192092896,-0.30000001192092896,-0.30000001192092896,-0.30000001192092896,-0.30000001192092896,0.30000001192092896,-0.30000001192092896,0.30000001192092896,-0.30000001192092896,-0.299896669525238
1.2999999523162842,0.48296994521701053,-0.30000001192092896,0.3103092908859253,0.5136752128976746,-0.30000001192092896,-0.30000001192092896,-0.30000001192092896,-0.30000001192092896,-0.30000001192092896,-0.30000001192092896,0.30000001192092896,-0.30000001192092896,0.30000001192092896,-0.30000001192092896,-0.29939970752523803
1.2999999523162842,0.3609191142170105,-0.30000001192092896,0.3103092908859253,0.3769230758976746,-0.30000001192092896,-0.30000001192092896,-0.30000001192092896,-0.30000001192092896,-0.30000001192092896,-0.30000001192092896,0.30000001192092896,-0.30000001192092896,0.30000001192092896,-0.30000001192092896,-0.29967579752523804
1.2999999523162842,0.3621293162170105,-0.30000001192092896,0.5061855798859253,0.5393162378976746,-0.30000001192092896,-0.30000001192092896,-0.30000001192092896,-0.30000001192092896,-0.30000001192092896,-0.30000001192092896,0.30000001192092896,-0.24605810292092894,0.7939963459209289,-0.30000001192092896,-0.28566571052523804
1.2999999523162842,0.5429705512170104,-0.30000001192092896,0.3103092908859253,0.5307692298976746,-0.30000001192092896,-0.30000001192092896,-0.30000001192092896,-0.30000001192092896,-0.30000001192092896,-0.30000001192092896,0.30000001192092896,-0.27925312392092894,0.9734403289209289,-0.30000001192092896,-0.298888551525238
1.2999999523162842,0.3312202252170105,-0.30000001192092896,0.4340206318859253,0.5393162378976746,-0.30000001192092896,-0.30000001192092896,-0.30000001192092896,0.699999988079071,-0.30000001192092896,-0.30000001192092896,0.6188502789209289,-0.24605810292092894,0.965039404920929,-0.30000001192092896,-0.26463539052523805
1.2999999523162842,0.3309291102170105,-0.30000001192092896,0.3103092908859253,0.3769230758976746,-0.30000001192092896,-0.26774194692092895,-0.28989900192092893,-0.30000001192092896,-0.30000001192092896,-0.30000001192092896,0.5085561619209289,-0.17966806192092896,1.094716369920929,-0.30000001192092896,-0.28699914952523803
1.2999999523162842,0.4520981152170105,-0.30000001192092896,0.3103092908859253,0.5222222208976746,-0.30000001192092896,-0.30000001192092896,-0.30000001192092896,-0.30000001192092896,-0.30000001192092896,-0.30000001192092896,0.30000001192092896,-0.30000001192092896,0.30000001192092896,-0.30000001192092896,-0.299332292525238
1.2999999523162842,0.3309163872170105,-0.30000001192092896,0.3103092908859253,0.33418803289767457,-0.30000001192092896,-0.16290323792092895,-0.28989900192092893,-0.30000001192092896,-0.30000001192092896,-0.30000001192092896,1.038636375920929,-0.30000001192092896,0.30000001192092896,-0.30000001192092896,-0.29984034252523806
1.2999999523162842,0.3611965972170105,-0.30000001192092896,0.3103092908859253,0.4111111098976746,-0.30000001192092896,-0.27580646392092895,-0.28989900192092893,-0.30000001192092896,-0.30000001192092896,-0.30000001192092896,0.6629679259209289,-0.30000001192092896,0.30000001192092896,-0.30000001192092896,-0.26520575552523806
1.2999999523162842,0.5729696422170105,-0.30000001192092896,0.3103092908859253,0.5222222208976746,-0.30000001192092896,-0.30000001192092896,-0.30000001192092896,-0.30000001192092896,-0.30000001192092896,-0.30000001192092896,0.30000001192092896,-0.30000001192092896,0.30000001192092896,-0.30000001192092896,-0.29990154842523803
1.2999999523162842,0.3327215432170105,-0.30000001192092896,0.3103092908859253,0.3683760668976746,-0.30000001192092896,-0.27580646392092895,-0.26969698192092895,-0.30000001192092896,-0.30000001192092896,-0.30000001192092896,0.30000001192092896,-0.30000001192092896,0.30000001192092896,-0.30000001192092896,-0.299842116525238
1.2999999523162842,0.3921208342170105,-0.30000001192092896,0.3103092908859253,0.4880341868976746,-0.30000001192092896,-0.30000001192092896,-0.30000001192092896,-0.30000001192092896,-0.30000001192092896,-0.30000001192092896,0.30000001192092896,-0.30000001192092896,0.30000001192092896,-0.30000001192092896,-0.29989955252523803
1.2999999523162842,1.0573306132170104,-0.30000001192092896,0.3103092908859253,0.3769230758976746,-0.30000001192092896,-0.30000001192092896,-0.30000001192092896,-0.30000001192092896,-0.30000001192092896,-0.30000001192092896,0.30000001192092896,-0.295850633920929,0.860955634920929,-0.30000001192092896,-0.29975940052523803
1.2999999523162842,0.4239132672170105,-0.30000001192092896,0.3103092908859253,0.5222222208976746,-0.30000001192092896,-0.30000001192092896,-0.30000001192092896,-0.30000001192092896,-0.30000001192092896,-0.30000001192092896,0.30000001192092896,-0.29170125692092896,0.992381329920929,-0.30000001192092896,-0.29903846152523805
1.2999999523162842,0.4530078112170105,-0.30000001192092896,0.3103092908859253,0.5222222208976746,-0.30000001192092896,-0.30000001192092896,-0.30000001192092896,0.699999988079071,-0.30000001192092896,-0.30000001192092896,0.30000001192092896,-0.30000001192092896,0.30000001192092896,-0.30000001192092896,-0.29990576182523804
1.2999999523162842,0.4224137672170105,-0.30000001192092896,0.3103092908859253,0.5051282038976745,-0.30000001192092896,-0.30000001192092896,-0.30000001192092896,-0.30000001192092896,-0.30000001192092896,-0.30000001192092896,0.30000001192092896,-0.30000001192092896,0.30000001192092896,-0.30000001192092896,-0.29127755152523804
1.2999999523162842,0.39363548121701053,-0.30000001192092896,0.3103092908859253,0.34273504189767456,-0.30000001192092896,-0.21935485092092893,-0.19898991092092894,-0.30000001192092896,-0.30000001192092896,-0.30000001192092896,0.30000001192092896,-0.30000001192092896,0.30000001192092896,-0.30000001192092896,-0.29985542252523806
1.2999999523162842,0.5435854982170105,-0.30000001192092896,0.3103092908859253,0.5222222208976746,-0.30000001192092896,-0.30000001192092896,-0.30000001192092896,-0.30000001192092896,-0.30000001192092896,-0.30000001192092896,0.30000001192092896,-0.30000001192092896,0.30000001192092896,-0.30000001192092896,-0.299256450525238
1.2999999523162842,0.4539184172170105,-0.30000001192092896,0.3103092908859253,0.5307692298976746,-0.30000001192092896,-0.30000001192092896,-0.30000001192092896,-0.30000001192092896,-0.30000001192092896,-0.30000001192092896,0.30000001192092896,-0.29170125692092896,1.077346022920929,-0.30000001192092896,-0.29857321052523805
1.2999999523162842,0.3345548712170105,-0.30000001192092896,0.3103092908859253,0.33418803289767457,-0.30000001192092896,-0.13870968892092894,-0.28989900192092893,-0.30000001192092896,-0.30000001192092896,-0.30000001192092896,1.062032097920929,-0.17966806192092896,0.765188056920929,-0.30000001192092896,-0.25695675352523806
1.2999999523162842,0.3615143702170105,-0.30000001192092896,0.3103092908859253,0.3256410248976746,-0.30000001192092896,-0.17903226992092897,-0.14848485992092897,-0.30000001192092896,-0.30000001192092896,-0.30000001192092896,0.34812835392092895,-0.0012448249209289775,1.014219106920929,-0.30000001192092896,-0.26254774852523804
1.2999999523162842,0.36061618421701047,-0.30000001192092896,0.3103092908859253,0.3598290588976746,-0.30000001192092896,-0.28387097992092897,-0.28989900192092893,-0.30000001192092896,-0.30000001192092896,-0.30000001192092896,0.575401081920929,0.15228214607907103,0.7089505379209289,-0.30000001192092896,-0.254799035525238
1.2999999523162842,0.48239377421701046,-0.30000001192092896,0.3103092908859253,0.5222222208976746,-0.30000001192092896,-0.30000001192092896,-0.30000001192092896,-0.30000001192092896,-0.30000001192092896,-0.30000001192092896,0.30000001192092896,-0.30000001192092896,0.30000001192092896,-0.30000001192092896,-0.29945891652523804
1.2999999523162842,0.42150497921701047,-0.30000001192092896,0.3103092908859253,0.3940170928976746,-0.30000001192092896,-0.25967743092092893,-0.24949496092092896,-0.30000001192092896,-0.30000001192092896,-0.30000001192092896,0.30000001192092896,-0.30000001192092896,0.30000001192092896,-0.30000001192092896,-0.299856087525238
1.2999999523162842,0.3018306282170105,-0.30000001192092896,0.3103092908859253,0.3170940158976746,-0.30000001192092896,-0.11451614092092896,-0.28989900192092893,-0.30000001192092896,-0.30000001192092896,-0.30000001192092896,1.084090920920929,-0.30000001192092896,0.30000001192092896,-0.30000001192092896,-0.29984078652523805
1.2999999523162842,0.3348390192170105,-0.30000001192092896,0.3103092908859253,0.3256410248976746,-0.30000001192092896,0.2161290200790711,0.346464634079071,-0.30000001192092896,-0.30000001192092896,-0.30000001192092896,0.3133689959209289,-0.30000001192092896,0.30000001192092896,-0.30000001192092896,-0.29984078652523805
1.2999999523162842,0.36120932021701047,-0.30000001192092896,0.3103092908859253,0.4025641018976746,-0.30000001192092896,-0.29193549592092893,-0.28989900192092893,-0.30000001192092896,-0.30000001192092896,-0.30000001192092896,0.4610962689209289,0.23526969807907105,0.897441642920929,-0.30000001192092896,-0.23857423952523804
1.2999999523162842,0.3327397192170105,-0.30000001192092896,0.3103092908859253,0.3598290588976746,-0.30000001192092896,-0.21129033492092897,-0.28989900192092893,-0.30000001192092896,-0.30000001192092896,-0.30000001192092896,0.9062834339209289,-0.30000001192092896,0.30000001192092896,-0.30000001192092896,-0.29984256052523806
1.2999999523162842,0.3012156812170105,-0.30000001192092896,0.3103092908859253,0.34273504189767456,-0.30000001192092896,-0.26774194692092895,-0.28989900192092893,-0.30000001192092896,-0.30000001192092896,-0.30000001192092896,0.7278074989209289,-0.30000001192092896,0.30000001192092896,-0.30000001192092896,-0.29984056452523805
1.2999999523162842,0.42271669621701047,-0.30000001192092896,0.3103092908859253,0.4965811958976746,-0.30000001192092896,-0.30000001192092896,-0.30000001192092896,-0.30000001192092896,-0.30000001192092896,-0.30000001192092896,0.30000001192092896,-0.30000001192092896,0.30000001192092896,-0.30000001192092896,-0.29896683252523804
1.2999999523162842,0.3918179052170105,-0.30000001192092896,0.3103092908859253,0.4965811958976746,-0.30000001192092896,-0.30000001192092896,-0.30000001192092896,-0.30000001192092896,-0.30000001192092896,-0.30000001192092896,0.30000001192092896,-0.2875518789209289,0.856131456920929,-0.30000001192092896,-0.298999209525238
1.2999999523162842,0.45147923021701053,-0.30000001192092896,0.3103092908859253,0.38547008389767456,-0.30000001192092896,-0.28387097992092897,-0.27979799192092897,-0.30000001192092896,-0.30000001192092896,-0.30000001192092896,0.30000001192092896,-0.30000001192092896,0.30000001192092896,-0.30000001192092896,-0.29985209652523803
1.2999999523162842,0.4239208402170105,-0.30000001192092896,0.3103092908859253,0.5307692298976746,-0.30000001192092896,-0.30000001192092896,-0.30000001192092896,-0.30000001192092896,-0.30000001192092896,-0.30000001192092896,0.30000001192092896,-0.30000001192092896,0.30000001192092896,-0.30000001192092896,-0.29903823952523806
1.2999999523162842,0.5123837772170106,-0.30000001192092896,0.3103092908859253,0.3769230758976746,-0.30000001192092896,-0.30000001192092896,-0.30000001192092896,-0.30000001192092896,-0.30000001192092896,-0.30000001192092896,0.30000001192092896,-0.30000001192092896,0.30000001192092896,-0.30000001192092896,-0.299761618525238
1.2999999523162842,0.3642340692170105,-0.30000001192092896,0.3103092908859253,0.3512820498976746,-0.30000001192092896,-0.24354839892092894,-0.28989900192092893,-0.30000001192092896,-0.30000001192092896,-0.30000001192092896,0.861497337920929,-0.30000001192092896,0.30000001192092896,-0.30000001192092896,-0.29985054352523804
1.2999999523162842,0.33392841421701047,-0.30000001192092896,0.3103092908859253,0.33418803289767457,-0.30000001192092896,-0.17903226992092897,-0.14848485992092897,-0.30000001192092896,-0.30000001192092896,-0.30000001192092896,0.30000001192092896,-0.30000001192092896,0.30000001192092896,-0.30000001192092896,-0.29984766052523804
1.2999999523162842,0.8758989692170105,-0.30000001192092896,0.3103092908859253,0.3769230758976746,-0.30000001192092896,-0.30000001192092896,-0.30000001192092896,-0.30000001192092896,-0.30000001192092896,-0.30000001192092896,0.30000001192092896,-0.30000001192092896,0.30000001192092896,-0.30000001192092896,-0.299904431225238
1.2999999523162842,0.45149498221701045,-0.30000001192092896,0.3103092908859253,0.5307692298976746,-0.30000001192092896,-0.30000001192092896,-0.30000001192092896,-0.30000001192092896,-0.30000001192092896,-0.30000001192092896,0.30000001192092896,-0.29170125692092896,0.721884852920929,-0.30000001192092896,-0.298881899525238
0.2999999523162842,0.3018300222170105,-0.15983791492092894,0.3000000128859253,0.3940170928976746,0.699999988079071,-0.30000001192092896,-0.30000001192092896,0.699999988079071,-0.08787879992092895,-0.16721992892092896,0.30000001192092896,-0.30000001192092896,0.30000001192092896,0.033333321079071054,-0.298684089525238
1.2999999523162842,0.3309291102170105,-0.30000001192092896,0.3103092908859253,0.3769230758976746,-0.30000001192092896,-0.30000001192092896,-0.30000001192092896,-0.30000001192092896,-0.30000001192092896,-0.30000001192092896,0.30000001192092896,-0.30000001192092896,0.30000001192092896,-0.30000001192092896,-0.278882537525238
1.2999999523162842,0.4536154882170105,-0.30000001192092896,0.3103092908859253,0.5307692298976746,-0.30000001192092896,-0.30000001192092896,-0.30000001192092896,-0.30000001192092896,-0.30000001192092896,-0.30000001192092896,0.30000001192092896,-0.295850633920929,0.6983733689209289,-0.30000001192092896,-0.299243145525238
1.2999999523162842,0.3000203225170105,-0.30000001192092896,0.3103092908859253,0.2999999988976746,-0.30000001192092896,-0.27580646392092895,-0.26969698192092895,-0.30000001192092896,-0.30000001192092896,-0.30000001192092896,0.30000001192092896,-0.30000001192092896,0.30000001192092896,-0.30000001192092896,-0.29994878312523804
1.2999999523162842,0.5120590372170105,-0.30000001192092896,0.3103092908859253,0.3940170928976746,-0.30000001192092896,-0.26774194692092895,-0.259595971920929,-0.30000001192092896,-0.30000001192092896,-0.30000001192092896,0.30000001192092896,-0.30000001192092896,0.30000001192092896,-0.30000001192092896,-0.29976117452523804
1.2999999523162842,0.3042540632170105,-0.30000001192092896,0.3103092908859253,0.33418803289767457,-0.30000001192092896,-0.17903226992092897,-0.14848485992092897,-0.30000001192092896,-0.30000001192092896,-0.30000001192092896,0.30000001192092896,-0.30000001192092896,0.30000001192092896,-0.30000001192092896,-0.29983923452523803
1.2999999523162842,0.3609191142170105,-0.30000001192092896,0.3103092908859253,0.3512820498976746,-0.30000001192092896,-0.27580646392092895,-0.26969698192092895,-0.30000001192092896,-0.30000001192092896,-0.30000001192092896,0.42098931692092895,0.45103733207907104,1.0698410809209289,-0.30000001192092896,-0.22369374752523802
1.2999999523162842,0.4820708512170105,-0.30000001192092896,0.7742268168859253,0.5393162378976746,-0.30000001192092896,-0.30000001192092896,-0.30000001192092896,-0.30000001192092896,-0.30000001192092896,-0.30000001192092896,0.30000001192092896,-0.24605810292092894,1.119382977920929,-0.30000001192092896,-0.29443362952523805
1.2999999523162842,0.5435676252170105,-0.30000001192092896,0.3103092908859253,0.5222222208976746,-0.30000001192092896,-0.30000001192092896,-0.30000001192092896,-0.30000001192092896,-0.30000001192092896,-0.30000001192092896,0.30000001192092896,-0.30000001192092896,0.30000001192092896,-0.30000001192092896,-0.299113637525238
1.2999999523162842,0.4214865002170105,-0.30000001192092896,0.3103092908859253,0.3683760668976746,-0.30000001192092896,-0.25161291492092897,-0.23939395092092897,-0.30000001192092896,-0.30000001192092896,-0.30000001192092896,0.30000001192092896,-0.30000001192092896,0.30000001192092896,-0.30000001192092896,-0.29986251852523804
1.2999999523162842,0.3000003291460105,-0.30000001192092896,0.3103092908859253,0.2999999988976746,-0.30000001192092896,-0.10645162492092897,-0.28989900192092893,-0.30000001192092896,-0.30000001192092896,-0.30000001192092896,1.086096268920929,-0.30000001192092896,0.30000001192092896,-0.30000001192092896,-0.299950335425238
1.2999999523162842,0.45149498221701045,-0.30000001192092896,0.3103092908859253,0.38547008389767456,-0.30000001192092896,-0.26774194692092895,-0.259595971920929,-0.30000001192092896,-0.30000001192092896,-0.30000001192092896,0.30000001192092896,-0.30000001192092896,0.30000001192092896,-0.30000001192092896,-0.299853204525238
1.2999999523162842,1.1788270842170105,-0.30000001192092896,0.3103092908859253,0.3769230758976746,-0.30000001192092896,-0.30000001192092896,-0.30000001192092896,-0.30000001192092896,-0.30000001192092896,-0.30000001192092896,0.30000001192092896,-0.29170125692092896,0.9026445069209289,-0.30000001192092896,-0.299544737525238
1.2999999523162842,0.3030456772170105,-0.30000001192092896,0.48556702288592535,0.5136752128976746,-0.30000001192092896,0.2645161170790711,-0.28989900192092893,-0.30000001192092896,-0.30000001192092896,-0.30000001192092896,1.168315519920929,-0.22116183792092897,1.300000011920929,-0.30000001192092896,-0.24805799652523802
1.2999999523162842,0.42150497921701047,-0.30000001192092896,0.3103092908859253,0.5222222208976746,-0.30000001192092896,-0.30000001192092896,-0.30000001192092896,-0.30000001192092896,-0.30000001192092896,-0.30000001192092896,0.30000001192092896,-0.30000001192092896,0.30000001192092896,-0.30000001192092896,-0.299899996525238
1.2999999523162842,0.3608915472170105,-0.30000001192092896,0.5061855798859253,0.4709401698976746,-0.30000001192092896,-0.30000001192092896,-0.30000001192092896,-0.30000001192092896,-0.30000001192092896,-0.30000001192092896,0.30000001192092896,-0.24605810292092894,1.088932179920929,-0.30000001192092896,-0.295146142525238
1.2999999523162842,0.3018300222170105,-0.30000001192092896,0.3103092908859253,0.34273504189767456,-0.30000001192092896,-0.001612914920928965,-0.28989900192092893,-0.30000001192092896,-0.30000001192092896,-0.30000001192092896,1.1409091029209288,-0.22531121492092895,0.830881789920929,-0.30000001192092896,-0.254698135525238
1.2999999523162842,0.3045448752170105,-0.30000001192092896,0.3103092908859253,0.3170940158976746,-0.30000001192092896,-0.14677420592092896,-0.10808081992092897,-0.30000001192092896,-0.30000001192092896,-0.30000001192092896,0.30000001192092896,-0.30000001192092896,0.30000001192092896,-0.30000001192092896,-0.26414419352523805
1.2999999523162842,0.4521008412170105,-0.30000001192092896,0.3103092908859253,0.5222222208976746,-0.30000001192092896,-0.30000001192092896,-0.30000001192092896,-0.30000001192092896,-0.30000001192092896,-0.30000001192092896,0.30000001192092896,-0.30000001192092896,0.30000001192092896,-0.30000001192092896,-0.29989644752523803
1.2999999523162842,0.3039484072170105,-0.30000001192092896,0.3103092908859253,0.3512820498976746,-0.30000001192092896,-0.21129033492092897,-0.28989900192092893,-0.30000001192092896,-0.30000001192092896,-0.30000001192092896,0.961764717920929,-0.30000001192092896,0.30000001192092896,-0.30000001192092896,-0.29984078652523805
1.2999999523162842,0.3918179052170105,-0.30000001192092896,0.3103092908859253,0.5136752128976746,-0.30000001192092896,-0.30000001192092896,-0.30000001192092896,-0.30000001192092896,-0.30000001192092896,-0.30000001192092896,0.30000001192092896,-0.29170125692092896,0.897441642920929,-0.30000001192092896,-0.29947111352523803
1.2999999523162842,0.3309197192170105,-0.30000001192092896,0.3103092908859253,0.33418803289767457,-0.30000001192092896,-0.13064517292092895,-0.28989900192092893,-0.30000001192092896,-0.30000001192092896,-0.30000001192092896,1.072058835920929,-0.30000001192092896,0.30000001192092896,-0.30000001192092896,-0.25054147952523803
1.2999999523162842,0.3000291074170105,-0.30000001192092896,0.3721649608859253,0.2999999988976746,-0.30000001192092896,0.4258064400790711,-0.28989900192092893,-0.30000001192092896,-0.30000001192092896,-0.30000001192092896,1.2024064289209289,-0.23775934792092895,0.9026445069209289,-0.30000001192092896,-0.24991234852523803
1.2999999523162842,0.45149498221701045,-0.30000001192092896,0.3103092908859253,0.5136752128976746,-0.30000001192092896,-0.30000001192092896,-0.30000001192092896,-0.30000001192092896,-0.30000001192092896,-0.30000001192092896,0.30000001192092896,-0.295850633920929,0.897441642920929,-0.30000001192092896,-0.29980109152523804
1.2999999523162842,0.4530096292170105,-0.30000001192092896,0.3103092908859253,0.5222222208976746,-0.30000001192092896,-0.30000001192092896,-0.30000001192092896,-0.30000001192092896,-0.30000001192092896,-0.30000001192092896,0.30000001192092896,-0.30000001192092896,0.30000001192092896,-0.30000001192092896,-0.29990043962523805
1.2999999523162842,0.33244375721701047,-0.30000001192092896,0.3103092908859253,0.34273504189767456,-0.30000001192092896,-0.27580646392092895,-0.26969698192092895,-0.30000001192092896,-0.30000001192092896,-0.30000001192092896,0.35481284592092893,-0.30000001192092896,0.30000001192092896,-0.30000001192092896,-0.29985453552523805
1.2999999523162842,0.3618197222170105,-0.30000001192092896,0.48556702288592535,0.5393162378976746,-0.30000001192092896,-0.30000001192092896,-0.30000001192092896,-0.30000001192092896,-0.30000001192092896,-0.30000001192092896,0.30000001192092896,-0.24605810292092894,0.973676295920929,-0.30000001192092896,-0.27763735952523805
1.2999999523162842,0.5432825682170105,-0.30000001192092896,0.3103092908859253,0.5222222208976746,-0.30000001192092896,-0.30000001192092896,-0.30000001192092896,-0.30000001192092896,-0.30000001192092896,-0.30000001192092896,0.30000001192092896,-0.30000001192092896,0.30000001192092896,-0.30000001192092896,-0.299900661325238
1.2999999523162842,0.3336491132170105,-0.30000001192092896,0.3103092908859253,0.3256410248976746,-0.30000001192092896,-0.12258065692092895,-0.07777778992092896,-0.30000001192092896,-0.30000001192092896,-0.30000001192092896,0.30000001192092896,-0.30000001192092896,0.30000001192092896,-0.30000001192092896,-0.29048919752523805
1.2999999523162842,0.30546153921701047,-0.30000001192092896,0.3103092908859253,0.33418803289767457,-0.30000001192092896,-0.06612904392092894,-0.28989900192092893,-0.30000001192092896,-0.30000001192092896,-0.30000001192092896,1.114171134920929,-0.30000001192092896,0.30000001192092896,-0.30000001192092896,-0.29984100852523804
1.2999999523162842,0.3003299162170105,-0.30000001192092896,0.5164948578859253,0.2999999988976746,-0.30000001192092896,-0.30000001192092896,-0.30000001192092896,0.699999988079071,-0.30000001192092896,-0.30000001192092896,0.660962578920929,-0.24605810292092894,0.979299344920929,-0.30000001192092896,-0.267638233525238
1.2999999523162842,0.3918179052170105,-0.30000001192092896,0.3103092908859253,0.5051282038976745,-0.30000001192092896,-0.30000001192092896,-0.30000001192092896,-0.30000001192092896,-0.30000001192092896,-0.30000001192092896,0.30000001192092896,-0.30000001192092896,0.30000001192092896,-0.30000001192092896,-0.29127156352523803
1.2999999523162842,0.5423631782170105,-0.30000001192092896,0.3103092908859253,0.5222222208976746,-0.30000001192092896,-0.30000001192092896,-0.30000001192092896,-0.30000001192092896,-0.30000001192092896,-0.30000001192092896,0.30000001192092896,-0.30000001192092896,0.30000001192092896,-0.30000001192092896,-0.299901104925238
1.2999999523162842,0.3918179052170105,-0.30000001192092896,0.3103092908859253,0.33418803289767457,-0.30000001192092896,-0.26774194692092895,-0.259595971920929,-0.30000001192092896,-0.30000001192092896,-0.30000001192092896,0.30000001192092896,-0.30000001192092896,0.30000001192092896,-0.30000001192092896,-0.29985475752523805
1.2999999523162842,0.5120808482170105,-0.30000001192092896,0.3103092908859253,0.5222222208976746,-0.30000001192092896,-0.30000001192092896,-0.30000001192092896,-0.30000001192092896,-0.30000001192092896,-0.30000001192092896,0.30000001192092896,-0.30000001192092896,0.30000001192092896,-0.30000001192092896,-0.299900661325238
1.2999999523162842,0.3012408252170105,-0.30000001192092896,0.3103092908859253,0.3256410248976746,-0.30000001192092896,0.07096773007907103,-0.28989900192092893,-0.30000001192092896,-0.30000001192092896,-0.30000001192092896,1.160962578920929,-0.30000001192092896,0.30000001192092896,-0.30000001192092896,-0.29983923452523803
1.2999999523162842,0.4524037702170105,-0.30000001192092896,0.3103092908859253,0.5136752128976746,-0.30000001192092896,-0.30000001192092896,-0.30000001192092896,-0.30000001192092896,-0.30000001192092896,-0.30000001192092896,0.30000001192092896,-0.30000001192092896,0.30000001192092896,-0.30000001192092896,-0.29950681652523803
1.2999999523162842,0.4521008412170105,-0.30000001192092896,0.3103092908859253,0.5307692298976746,-0.30000001192092896,-0.30000001192092896,-0.30000001192092896,-0.30000001192092896,-0.30000001192092896,-0.30000001192092896,0.30000001192092896,-0.30000001192092896,0.30000001192092896,-0.30000001192092896,-0.29126868152523805
1.2999999523162842,0.3927266932170105,-0.30000001192092896,0.3103092908859253,0.4367521358976746,-0.30000001192092896,-0.29193549592092893,-0.28989900192092893,-0.30000001192092896,-0.30000001192092896,-0.30000001192092896,0.4610962689209289,-0.30000001192092896,0.30000001192092896,-0.30000001192092896,-0.29988358552523803
1.2999999523162842,0.3309163872170105,-0.30000001192092896,0.3103092908859253,0.3512820498976746,-0.30000001192092896,-0.18709678592092896,-0.28989900192092893,-0.30000001192092896,-0.30000001192092896,-0.30000001192092896,1.011229958920929,-0.16721992892092896,0.9322603329209289,-0.30000001192092896,-0.25201307352523805
1.2999999523162842,0.3606004322170105,-0.30000001192092896,0.3103092908859253,0.33418803289767457,-0.30000001192092896,-0.19516130192092895,-0.16868688092092896,-0.30000001192092896,-0.30000001192092896,-0.30000001192092896,0.30000001192092896,-0.30000001192092896,0.30000001192092896,-0.30000001192092896,-0.299843003525238
1.2999999523162842,0.5423737802170105,-0.30000001192092896,0.3103092908859253,0.5136752128976746,-0.30000001192092896,-0.30000001192092896,-0.30000001192092896,-0.30000001192092896,-0.30000001192092896,-0.30000001192092896,0.30000001192092896,-0.30000001192092896,0.30000001192092896,-0.30000001192092896,-0.29964962952523805
1.2999999523162842,0.5126867062170105,-0.30000001192092896,0.3103092908859253,0.5136752128976746,-0.30000001192092896,-0.30000001192092896,-0.30000001192092896,-0.30000001192092896,-0.30000001192092896,-0.30000001192092896,0.30000001192092896,-0.30000001192092896,0.30000001192092896,-0.30000001192092896,-0.299900661325238
1.2999999523162842,0.3608915472170105,-0.30000001192092896,0.4134020748859253,0.5393162378976746,-0.30000001192092896,-0.30000001192092896,-0.30000001192092896,-0.30000001192092896,-0.30000001192092896,-0.30000001192092896,0.30000001192092896,-0.24605810292092894,1.088932179920929,-0.30000001192092896,-0.29513926752523806
1.2999999523162842,0.3918179052170105,-0.30000001192092896,0.3103092908859253,0.34273504189767456,-0.30000001192092896,-0.27580646392092895,-0.26969698192092895,-0.30000001192092896,-0.30000001192092896,-0.30000001192092896,0.30000001192092896,-0.30000001192092896,0.30000001192092896,-0.30000001192092896,-0.28205923952523804
1.2999999523162842,0.3609154782170105,-0.30000001192092896,0.4030927968859253,0.5393162378976746,-0.30000001192092896,-0.30000001192092896,-0.30000001192092896,-0.30000001192092896,-0.30000001192092896,-0.30000001192092896,0.30000001192092896,-0.24605810292092894,0.7381502899209289,-0.30000001192092896,-0.26278569652523803
1.2999999523162842,0.3303220402170105,-0.30000001192092896,0.33092784788592533,0.5393162378976746,-0.30000001192092896,-0.30000001192092896,-0.30000001192092896,0.699999988079071,-0.30000001192092896,-0.30000001192092896,0.30000001192092896,-0.24605810292092894,0.808402569920929,-0.30000001192092896,-0.25841637352523805
1.2999999523162842,0.4820875122170105,-0.30000001192092896,0.3103092908859253,0.38547008389767456,-0.30000001192092896,-0.28387097992092897,-0.27979799192092897,-0.30000001192092896,-0.30000001192092896,-0.30000001192092896,0.30000001192092896,-0.30000001192092896,0.30000001192092896,-0.30000001192092896,-0.29986251852523804
1.2999999523162842,0.3015416332170105,-0.30000001192092896,0.3103092908859253,0.3598290588976746,-0.30000001192092896,-0.10645162492092897,-0.05757576992092894,-0.30000001192092896,-0.30000001192092896,-0.30000001192092896,0.30000001192092896,-0.30000001192092896,0.30000001192092896,-0.30000001192092896,-0.29984078652523805
1.2999999523162842,0.3015155812170105,-0.30000001192092896,0.3103092908859253,0.3170940158976746,-0.30000001192092896,-0.08225807692092896,-0.027272738920928963,-0.30000001192092896,-0.30000001192092896,-0.30000001192092896,0.30000001192092896,-0.30000001192092896,0.30000001192092896,-0.30000001192092896,-0.299835464525238
1.2999999523162842,0.4826967032170105,-0.30000001192092896,0.3103092908859253,0.5222222208976746,-0.30000001192092896,-0.30000001192092896,-0.30000001192092896,-0.30000001192092896,-0.30000001192092896,-0.30000001192092896,0.30000001192092896,-0.30000001192092896,0.30000001192092896,-0.30000001192092896,-0.29961481352523806
1.2999999523162842,0.3330241692170105,-0.30000001192092896,0.3103092908859253,0.4111111098976746,-0.30000001192092896,-0.24354839892092894,-0.28989900192092893,-0.30000001192092896,-0.30000001192092896,-0.30000001192092896,0.8066845039209289,-0.15062241892092895,0.9164036419209289,-0.30000001192092896,-0.251942997525238
1.2999999523162842,0.3930296222170105,-0.30000001192092896,0.3103092908859253,0.3598290588976746,-0.30000001192092896,-0.26774194692092895,-0.259595971920929,-0.30000001192092896,-0.30000001192092896,-0.30000001192092896,0.30000001192092896,-0.30000001192092896,0.30000001192092896,-0.30000001192092896,-0.299856087525238
1.2999999523162842,0.3927245722170105,-0.30000001192092896,0.3103092908859253,0.3769230758976746,-0.30000001192092896,-0.21129033492092897,-0.28989900192092893,-0.30000001192092896,-0.30000001192092896,-0.30000001192092896,0.953743327920929,-0.11742739792092896,1.077346022920929,-0.30000001192092896,-0.25432779752523804
1.2999999523162842,0.3621308312170105,-0.30000001192092896,0.3103092908859253,0.3683760668976746,-0.30000001192092896,-0.25967743092092893,-0.28989900192092893,-0.30000001192092896,-0.30000001192092896,-0.30000001192092896,0.7812834339209289,-0.030290467920928932,1.0151738689209289,-0.30000001192092896,-0.25410293352523805
1.2999999523162842,0.3612220432170105,-0.30000001192092896,0.3103092908859253,0.3170940158976746,-0.30000001192092896,-0.20322581792092898,-0.17878789092092895,-0.30000001192092896,-0.30000001192092896,-0.30000001192092896,0.30000001192092896,-0.30000001192092896,0.30000001192092896,-0.30000001192092896,-0.29986140952523804
1.2999999523162842,0.4829996322170105,-0.30000001192092896,0.3103092908859253,0.5136752128976746,-0.30000001192092896,-0.30000001192092896,-0.30000001192092896,-0.30000001192092896,-0.30000001192092896,-0.30000001192092896,0.30000001192092896,-0.30000001192092896,0.30000001192092896,-0.30000001192092896,-0.29983745952523805
1.2999999523162842,0.5726439932170104,-0.30000001192092896,0.3103092908859253,0.33418803289767457,-0.30000001192092896,-0.30000001192092896,-0.30000001192092896,-0.30000001192092896,-0.30000001192092896,-0.30000001192092896,0.30000001192092896,-0.30000001192092896,0.30000001192092896,-0.30000001192092896,-0.29944028952523805
1.2999999523162842,0.6941198652170105,-0.30000001192092896,0.3103092908859253,0.3769230758976746,-0.30000001192092896,-0.30000001192092896,-0.30000001192092896,-0.30000001192092896,-0.30000001192092896,-0.30000001192092896,0.30000001192092896,-0.283402501920929,1.044382434920929,-0.30000001192092896,-0.299354024525238
1.2999999523162842,0.3039499212170105,-0.30000001192092896,0.3103092908859253,0.33418803289767457,-0.30000001192092896,-0.08225807692092896,-0.28989900192092893,-0.30000001192092896,-0.30000001192092896,-0.30000001192092896,1.112165786920929,-0.30000001192092896,0.30000001192092896,-0.30000001192092896,-0.269783754525238
1.2999999523162842,0.3327212402170105,-0.30000001192092896,0.3103092908859253,0.3512820498976746,-0.30000001192092896,-0.19516130192092895,-0.28989900192092893,-0.30000001192092896,-0.30000001192092896,-0.30000001192092896,0.942379690920929,-0.30000001192092896,0.30000001192092896,-0.30000001192092896,-0.24993430252523802
1.2999999523162842,0.4212020502170105,-0.30000001192092896,0.3103092908859253,0.5222222208976746,-0.30000001192092896,-0.30000001192092896,-0.30000001192092896,-0.30000001192092896,-0.30000001192092896,-0.30000001192092896,0.30000001192092896,-0.30000001192092896,0.30000001192092896,-0.30000001192092896,-0.29990088312523805
1.2999999523162842,0.4233225552170105,-0.30000001192092896,0.3103092908859253,0.5222222208976746,-0.30000001192092896,-0.30000001192092896,-0.30000001192092896,-0.30000001192092896,-0.30000001192092896,-0.30000001192092896,0.30000001192092896,-0.30000001192092896,0.30000001192092896,-0.30000001192092896,-0.299896891525238
1.2999999523162842,0.3324355782170105,-0.30000001192092896,0.3103092908859253,0.34273504189767456,-0.30000001192092896,-0.12258065692092895,-0.28989900192092893,-0.30000001192092896,-0.30000001192092896,-0.30000001192092896,1.060695198920929,-0.30000001192092896,0.30000001192092896,-0.30000001192092896,-0.24972274352523804
1.2999999523162842,0.4224137672170105,-0.30000001192092896,0.3103092908859253,0.5051282038976745,-0.30000001192092896,-0.30000001192092896,-0.30000001192092896,-0.30000001192092896,-0.30000001192092896,-0.30000001192092896,0.30000001192092896,-0.30000001192092896,0.30000001192092896,-0.30000001192092896,-0.29990088312523805
1.2999999523162842,0.5729696422170105,-0.30000001192092896,0.3103092908859253,0.5222222208976746,-0.30000001192092896,-0.30000001192092896,-0.30000001192092896,-0.30000001192092896,-0.30000001192092896,-0.30000001192092896,0.30000001192092896,-0.30000001192092896,0.30000001192092896,-0.30000001192092896,-0.29990088312523805
1.2999999523162842,0.4820908442170105,-0.30000001192092896,0.3103092908859253,0.5222222208976746,-0.30000001192092896,-0.30000001192092896,-0.30000001192092896,-0.30000001192092896,-0.30000001192092896,-0.30000001192092896,0.30000001192092896,-0.30000001192092896,0.30000001192092896,-0.30000001192092896,-0.29957933252523805
1.2999999523162842,0.3915149762170105,-0.30000001192092896,0.3103092908859253,0.3769230758976746,-0.30000001192092896,-0.28387097992092897,-0.27979799192092897,-0.30000001192092896,-0.30000001192092896,-0.30000001192092896,0.30000001192092896,-0.30000001192092896,0.30000001192092896,-0.30000001192092896,-0.276297711525238
1.2999999523162842,0.36061618421701047,-0.30000001192092896,0.3103092908859253,0.34273504189767456,-0.30000001192092896,-0.28387097992092897,-0.27979799192092897,-0.30000001192092896,-0.30000001192092896,-0.30000001192092896,0.414973273920929,-0.30000001192092896,0.30000001192092896,-0.30000001192092896,-0.28060405552523804
1.2999999523162842,0.4514937712170105,-0.30000001192092896,0.6608247548859253,0.5393162378976746,-0.30000001192092896,-0.30000001192092896,-0.30000001192092896,-0.30000001192092896,-0.30000001192092896,-0.30000001192092896,0.30000001192092896,-0.24605810292092894,0.808402569920929,-0.30000001192092896,-0.29544263452523806
1.2999999523162842,0.5738784302170106,-0.30000001192092896,0.3103092908859253,0.5136752128976746,-0.30000001192092896,-0.30000001192092896,-0.30000001192092896,-0.30000001192092896,-0.30000001192092896,-0.30000001192092896,0.30000001192092896,-0.295850633920929,1.077346022920929,-0.30000001192092896,-0.298892765525238
1.2999999523162842,0.4521008412170105,-0.30000001192092896,0.3103092908859253,0.5222222208976746,-0.30000001192092896,-0.30000001192092896,-0.30000001192092896,-0.30000001192092896,-0.30000001192092896,-0.30000001192092896,0.30000001192092896,-0.295850633920929,0.831649561920929,-0.30000001192092896,-0.299028482525238
1.2999999523162842,0.4817767072170105,-0.30000001192092896,0.4752577448859253,0.5393162378976746,-0.30000001192092896,-0.30000001192092896,-0.30000001192092896,-0.30000001192092896,-0.30000001192092896,-0.30000001192092896,0.30000001192092896,-0.24605810292092894,0.913875549920929,-0.30000001192092896,-0.29485053752523804
1.2999999523162842,0.5729696422170105,-0.30000001192092896,0.3103092908859253,0.5222222208976746,-0.30000001192092896,-0.30000001192092896,-0.30000001192092896,-0.30000001192092896,-0.30000001192092896,-0.30000001192092896,0.30000001192092896,-0.30000001192092896,0.30000001192092896,-0.30000001192092896,-0.29990132662523805
1.2999999523162842,0.4218012442170105,-0.30000001192092896,0.3103092908859253,0.41965811889767457,-0.30000001192092896,-0.28387097992092897,-0.28989900192092893,-0.30000001192092896,-0.30000001192092896,-0.30000001192092896,0.575401081920929,-0.30000001192092896,0.30000001192092896,-0.30000001192092896,-0.29986296252523803
1.2999999523162842,0.4527067002170105,-0.30000001192092896,0.3103092908859253,0.5051282038976745,-0.30000001192092896,-0.30000001192092896,-0.30000001192092896,-0.30000001192092896,-0.30000001192092896,-0.30000001192092896,0.30000001192092896,-0.30000001192092896,0.30000001192092896,-0.30000001192092896,-0.299895782525238
1.2999999523162842,0.4527067002170105,-0.30000001192092896,0.3103092908859253,0.5051282038976745,-0.30000001192092896,-0.30000001192092896,-0.30000001192092896,-0.30000001192092896,-0.30000001192092896,-0.30000001192092896,0.30000001192092896,-0.30000001192092896,0.30000001192092896,-0.30000001192092896,-0.29990088312523805
1.2999999523162842,0.3345339692170105,-0.30000001192092896,0.3103092908859253,0.3598290588976746,-0.30000001192092896,-0.25161291492092897,-0.23939395092092897,-0.30000001192092896,-0.30000001192092896,-0.30000001192092896,0.30000001192092896,-0.30000001192092896,0.30000001192092896,-0.30000001192092896,-0.29984189552523804
1.2999999523162842,0.3921208342170105,-0.30000001192092896,0.3103092908859253,0.4025641018976746,-0.30000001192092896,-0.29193549592092893,-0.28989900192092893,-0.30000001192092896,-0.30000001192092896,-0.30000001192092896,0.460427818920929,0.18962654407907104,0.855148912920929,-0.30000001192092896,-0.25695675352523806
1.2999999523162842,0.3054748682170105,-0.30000001192092896,0.3103092908859253,0.3256410248976746,-0.30000001192092896,-0.009677430920928931,0.06363635207907103,-0.30000001192092896,-0.30000001192092896,-0.30000001192092896,0.30000001192092896,-0.30000001192092896,0.30000001192092896,-0.30000001192092896,-0.29984034252523806
1.2999999523162842,0.5729696422170105,-0.30000001192092896,0.3103092908859253,0.5051282038976745,-0.30000001192092896,-0.30000001192092896,-0.30000001192092896,-0.30000001192092896,-0.30000001192092896,-0.30000001192092896,0.30000001192092896,-0.295850633920929,1.094716369920929,-0.30000001192092896,-0.299358238525238
1.2999999523162842,0.3912026552170105,-0.30000001192092896,0.4340206318859253,0.5393162378976746,-0.30000001192092896,-0.30000001192092896,-0.30000001192092896,-0.30000001192092896,-0.30000001192092896,-0.30000001192092896,0.30000001192092896,-0.24605810292092894,0.765188056920929,-0.30000001192092896,-0.295052559525238
1.2999999523162842,0.3618139672170105,-0.30000001192092896,0.3103092908859253,0.3598290588976746,-0.30000001192092896,-0.22741936692092896,-0.20909092092092896,-0.30000001192092896,-0.30000001192092896,-0.30000001192092896,0.368850278920929,0.12738588007907103,1.003730975920929,-0.30000001192092896,-0.22014072052523803
1.2999999523162842,0.3921208342170105,-0.30000001192092896,0.3103092908859253,0.3683760668976746,-0.30000001192092896,-0.25967743092092893,-0.28989900192092893,-0.30000001192092896,-0.30000001192092896,-0.30000001192092896,0.7812834339209289,-0.30000001192092896,0.30000001192092896,-0.30000001192092896,-0.29986229652523805
1.2999999523162842,1.0879494972170105,-0.30000001192092896,0.3103092908859253,0.3769230758976746,-0.30000001192092896,-0.30000001192092896,-0.30000001192092896,-0.30000001192092896,-0.30000001192092896,-0.30000001192092896,0.30000001192092896,-0.30000001192092896,0.30000001192092896,-0.30000001192092896,-0.29990487482523803
1.2999999523162842,0.4524037702170105,-0.30000001192092896,0.3103092908859253,0.5222222208976746,-0.30000001192092896,-0.30000001192092896,-0.30000001192092896,-0.30000001192092896,-0.30000001192092896,-0.30000001192092896,0.30000001192092896,-0.30000001192092896,0.30000001192092896,-0.30000001192092896,-0.299900661325238
1.2999999523162842,0.3312174992170105,-0.30000001192092896,0.3103092908859253,0.33418803289767457,-0.30000001192092896,-0.20322581792092898,-0.28989900192092893,-0.30000001192092896,-0.30000001192092896,-0.30000001192092896,0.952406428920929,-0.30000001192092896,0.30000001192092896,-0.30000001192092896,-0.29984167352523805
1.2999999523162842,0.39333255221701047,-0.30000001192092896,0.3103092908859253,0.5051282038976745,-0.30000001192092896,-0.30000001192092896,-0.30000001192092896,-0.30000001192092896,-0.30000001192092896,-0.30000001192092896,0.30000001192092896,-0.30000001192092896,0.30000001192092896,-0.30000001192092896,-0.298930686525238
1.2999999523162842,0.5132925652170105,-0.30000001192092896,0.3103092908859253,0.5222222208976746,-0.30000001192092896,-0.29193549592092893,-0.28989900192092893,-0.30000001192092896,-0.30000001192092896,-0.30000001192092896,0.4610962689209289,0.20622405407907107,0.897304123920929,-0.30000001192092896,-0.287017333525238
1.2999999523162842,0.3618257812170105,-0.30000001192092896,0.3103092908859253,0.3170940158976746,-0.30000001192092896,-0.16290323792092895,-0.28989900192092893,-0.30000001192092896,-0.30000001192092896,-0.30000001192092896,1.038636375920929,-0.30000001192092896,0.30000001192092896,-0.30000001192092896,-0.28602451752523805
1.2999999523162842,0.3336472952170105,-0.30000001192092896,0.3103092908859253,0.33418803289767457,-0.30000001192092896,-0.16290323792092895,-0.12828283992092895,-0.30000001192092896,-0.30000001192092896,-0.30000001192092896,0.30000001192092896,-0.30000001192092896,0.30000001192092896,-0.30000001192092896,-0.29595645052523806
1.2999999523162842,0.5726667132170105,-0.30000001192092896,0.3103092908859253,0.4965811958976746,-0.30000001192092896,-0.30000001192092896,-0.30000001192092896,-0.30000001192092896,-0.30000001192092896,-0.30000001192092896,0.30000001192092896,-0.30000001192092896,0.30000001192092896,-0.30000001192092896,-0.299900661325238
1.2999999523162842,0.42150497921701047,-0.30000001192092896,0.3103092908859253,0.5136752128976746,-0.30000001192092896,-0.30000001192092896,-0.30000001192092896,0.699999988079071,-0.30000001192092896,-0.30000001192092896,0.30000001192092896,-0.30000001192092896,0.30000001192092896,-0.30000001192092896,-0.29989267852523804
1.2999999523162842,0.4221108382170105,-0.30000001192092896,0.3103092908859253,0.3940170928976746,-0.30000001192092896,-0.29193549592092893,-0.28989900192092893,-0.30000001192092896,-0.30000001192092896,-0.30000001192092896,0.4610962689209289,0.21452281007907104,1.0698410809209289,-0.30000001192092896,-0.21735830652523802
1.2999999523162842,0.3018409282170105,-0.30000001192092896,0.49587630188592535,0.5307692298976746,-0.30000001192092896,-0.30000001192092896,-0.30000001192092896,0.699999988079071,-0.30000001192092896,-0.30000001192092896,0.42098931692092895,-0.24605810292092894,0.9897557319209289,-0.30000001192092896,-0.24087787452523804
1.2999999523162842,0.3305961912170105,-0.30000001192092896,0.3618556828859253,0.4794871778976746,-0.30000001192092896,-0.29193549592092893,-0.28989900192092893,-0.30000001192092896,-0.30000001192092896,-0.30000001192092896,0.32941177692092893,-0.11742739792092896,0.9747591699209289,-0.30000001192092896,-0.288079339525238
1.2999999523162842,0.3018397162170105,-0.30000001192092896,0.7432989818859252,0.5393162378976746,-0.30000001192092896,-0.30000001192092896,-0.30000001192092896,0.699999988079071,-0.30000001192092896,-0.30000001192092896,0.574064182920929,-0.24605810292092894,0.973676295920929,-0.30000001192092896,-0.281102126525238
1.2999999523162842,0.4229975122170105,-0.30000001192092896,0.3103092908859253,0.4965811958976746,-0.30000001192092896,-0.30000001192092896,-0.30000001192092896,-0.30000001192092896,-0.30000001192092896,-0.30000001192092896,0.30000001192092896,-0.30000001192092896,0.30000001192092896,-0.30000001192092896,-0.29937841852523805
1.2999999523162842,0.48208720921701054,-0.30000001192092896,0.5989690848859253,0.5393162378976746,-0.30000001192092896,-0.30000001192092896,-0.30000001192092896,-0.30000001192092896,-0.30000001192092896,-0.30000001192092896,0.30000001192092896,-0.24605810292092894,0.7381502899209289,-0.30000001192092896,-0.295071631525238
1.2999999523162842,0.4224067992170105,-0.30000001192092896,0.3103092908859253,0.5222222208976746,-0.30000001192092896,-0.30000001192092896,-0.30000001192092896,-0.30000001192092896,-0.30000001192092896,-0.30000001192092896,0.30000001192092896,-0.29170125692092896,0.7509791739209289,-0.30000001192092896,-0.299857196525238
1.2999999523162842,0.3333240702170105,-0.30000001192092896,0.3103092908859253,0.33418803289767457,-0.30000001192092896,-0.18709678592092896,-0.28989900192092893,-0.30000001192092896,-0.30000001192092896,-0.30000001192092896,1.011229958920929,-0.30000001192092896,0.30000001192092896,-0.30000001192092896,-0.29984189552523804
1.2999999523162842,0.3303093172170105,-0.30000001192092896,0.5371134148859253,0.5393162378976746,-0.30000001192092896,-0.26774194692092895,-0.28989900192092893,-0.30000001192092896,-0.30000001192092896,-0.30000001192092896,0.574064182920929,0.546473017079071,1.300000011920929,-0.30000001192092896,-0.23492275052523803
1.2999999523162842,0.4221108382170105,-0.30000001192092896,0.3103092908859253,0.5051282038976745,-0.30000001192092896,-0.30000001192092896,-0.30000001192092896,-0.30000001192092896,-0.30000001192092896,-0.30000001192092896,0.30000001192092896,-0.295850633920929,0.9164036419209289,-0.30000001192092896,-0.299394606525238
1.2999999523162842,0.3609063912170105,-0.30000001192092896,0.3103092908859253,0.3940170928976746,-0.30000001192092896,-0.30000001192092896,-0.30000001192092896,-0.30000001192092896,-0.30000001192092896,-0.30000001192092896,0.30000001192092896,-0.283402501920929,0.897441642920929,-0.30000001192092896,-0.29449572252523804
1.2999999523162842,0.6032625752170104,-0.30000001192092896,0.3103092908859253,0.5222222208976746,-0.30000001192092896,-0.30000001192092896,-0.30000001192092896,-0.30000001192092896,-0.30000001192092896,-0.30000001192092896,0.30000001192092896,-0.30000001192092896,0.30000001192092896,-0.30000001192092896,-0.29990154842523803
1.2999999523162842,0.4833025622170105,-0.30000001192092896,0.3103092908859253,0.5222222208976746,-0.30000001192092896,-0.30000001192092896,-0.30000001192092896,-0.30000001192092896,-0.30000001192092896,-0.30000001192092896,0.30000001192092896,-0.30000001192092896,0.30000001192092896,-0.30000001192092896,-0.299149340525238
1.2999999523162842,0.4514646892170105,-0.30000001192092896,0.3103092908859253,0.4538461528976746,-0.30000001192092896,-0.29193549592092893,-0.28989900192092893,-0.30000001192092896,-0.30000001192092896,-0.30000001192092896,0.4383689959209289,0.5589211500790711,1.1441927509209289,-0.30000001192092896,-0.23166998552523804
1.2999999523162842,0.4517979122170105,-0.30000001192092896,0.3103092908859253,0.5136752128976746,-0.30000001192092896,-0.30000001192092896,-0.30000001192092896,-0.30000001192092896,-0.30000001192092896,-0.30000001192092896,0.30000001192092896,-0.30000001192092896,0.30000001192092896,-0.30000001192092896,-0.29989644752523803
1.2999999523162842,0.5135954942170105,-0.30000001192092896,0.3103092908859253,0.5222222208976746,-0.30000001192092896,-0.30000001192092896,-0.30000001192092896,-0.30000001192092896,-0.30000001192092896,-0.30000001192092896,0.30000001192092896,-0.30000001192092896,0.30000001192092896,-0.30000001192092896,-0.29725108152523805
1.2999999523162842,0.3609179022170105,-0.30000001192092896,0.5371134148859253,0.5393162378976746,-0.30000001192092896,-0.30000001192092896,-0.30000001192092896,-0.30000001192092896,-0.30000001192092896,-0.30000001192092896,0.30000001192092896,-0.24605810292092894,0.808402569920929,-0.30000001192092896,-0.29545571852523805
1.2999999523162842,0.5132925652170105,-0.30000001192092896,0.3103092908859253,0.5136752128976746,-0.30000001192092896,-0.30000001192092896,-0.30000001192092896,-0.30000001192092896,-0.30000001192092896,-0.30000001192092896,0.30000001192092896,-0.295850633920929,1.0151738689209289,-0.30000001192092896,-0.29953741952523805
1.2999999523162842,0.39242376421701053,-0.30000001192092896,0.3103092908859253,0.4880341868976746,-0.30000001192092896,-0.30000001192092896,-0.30000001192092896,-0.30000001192092896,-0.30000001192092896,-0.30000001192092896,0.30000001192092896,-0.30000001192092896,0.30000001192092896,-0.30000001192092896,-0.29127777352523804
1.2999999523162842,0.4833025622170105,-0.30000001192092896,0.3103092908859253,0.5136752128976746,-0.30000001192092896,-0.30000001192092896,-0.30000001192092896,-0.30000001192092896,-0.30000001192092896,-0.30000001192092896,0.30000001192092896,-0.30000001192092896,0.30000001192092896,-0.30000001192092896,-0.29948974152523805
1.2999999523162842,0.39333255221701047,-0.30000001192092896,0.3103092908859253,0.4367521358976746,-0.30000001192092896,-0.28387097992092897,-0.28989900192092893,-0.30000001192092896,-0.30000001192092896,-0.30000001192092896,0.5747326319209289,-0.30000001192092896,0.30000001192092896,-0.30000001192092896,-0.29987848552523805
1.2999999523162842,0.4211732712170105,-0.30000001192092896,0.3103092908859253,0.5136752128976746,-0.30000001192092896,-0.30000001192092896,-0.30000001192092896,-0.30000001192092896,-0.30000001192092896,-0.30000001192092896,0.30000001192092896,-0.295850633920929,0.981370357920929,-0.30000001192092896,-0.29939992852523806
1.2999999523162842,0.3633425482170105,-0.30000001192092896,0.3103092908859253,0.5136752128976746,-0.30000001192092896,-0.30000001192092896,-0.30000001192092896,-0.30000001192092896,-0.30000001192092896,-0.30000001192092896,0.30000001192092896,-0.30000001192092896,0.30000001192092896,-0.30000001192092896,-0.28142256852523806
1.2999999523162842,0.5120802422170105,-0.30000001192092896,0.3103092908859253,0.5136752128976746,-0.30000001192092896,-0.30000001192092896,-0.30000001192092896,-0.30000001192092896,-0.30000001192092896,-0.30000001192092896,0.30000001192092896,-0.30000001192092896,0.30000001192092896,-0.30000001192092896,-0.29990088312523805
1.2999999523162842,0.42150497921701047,-0.30000001192092896,0.3103092908859253,0.5051282038976745,-0.30000001192092896,-0.30000001192092896,-0.30000001192092896,-0.30000001192092896,-0.30000001192092896,-0.30000001192092896,0.30000001192092896,-0.30000001192092896,0.30000001192092896,-0.30000001192092896,-0.299292375525238
1.2999999523162842,0.3024410312170105,-0.30000001192092896,0.3103092908859253,0.3683760668976746,-0.30000001192092896,-0.21129033492092897,-0.18888890092092897,-0.30000001192092896,-0.30000001192092896,-0.30000001192092896,0.30000001192092896,-0.30000001192092896,0.30000001192092896,-0.30000001192092896,-0.29984145152523806
1.2999999523162842,0.9361819052170105,-0.30000001192092896,0.3103092908859253,0.3769230758976746,-0.30000001192092896,-0.30000001192092896,-0.30000001192092896,-0.30000001192092896,-0.30000001192092896,-0.30000001192092896,0.30000001192092896,-0.30000001192092896,0.30000001192092896,-0.30000001192092896,-0.29990465302523805
1.2999999523162842,0.5426767102170105,-0.30000001192092896,0.3103092908859253,0.5307692298976746,-0.30000001192092896,-0.30000001192092896,-0.30000001192092896,-0.30000001192092896,-0.30000001192092896,-0.30000001192092896,0.30000001192092896,-0.295850633920929,1.173585533920929,-0.30000001192092896,-0.299143575525238
1.2999999523162842,0.3908951822170105,-0.30000001192092896,0.3103092908859253,0.3769230758976746,-0.30000001192092896,-0.30000001192092896,-0.30000001192092896,-0.30000001192092896,-0.30000001192092896,-0.30000001192092896,0.30000001192092896,-0.30000001192092896,0.30000001192092896,-0.30000001192092896,-0.299730128525238
1.2999999523162842,0.4820811502170105,-0.30000001192092896,0.3103092908859253,0.5136752128976746,-0.30000001192092896,-0.30000001192092896,-0.30000001192092896,-0.30000001192092896,-0.30000001192092896,-0.30000001192092896,0.30000001192092896,-0.30000001192092896,0.30000001192092896,-0.30000001192092896,-0.29990043962523805
1.2999999523162842,0.4817700422170105,-0.30000001192092896,0.3103092908859253,0.5136752128976746,-0.30000001192092896,-0.30000001192092896,-0.30000001192092896,-0.30000001192092896,-0.30000001192092896,-0.30000001192092896,0.30000001192092896,-0.30000001192092896,0.30000001192092896,-0.30000001192092896,-0.29939970752523803
1.2999999523162842,0.45149498221701045,-0.30000001192092896,0.3103092908859253,0.5222222208976746,-0.30000001192092896,-0.30000001192092896,-0.30000001192092896,-0.30000001192092896,-0.30000001192092896,-0.30000001192092896,0.30000001192092896,-0.30000001192092896,0.30000001192092896,-0.30000001192092896,-0.299435632525238
1.2999999523162842,0.3614974062170105,-0.30000001192092896,0.3103092908859253,0.3512820498976746,-0.30000001192092896,-0.30000001192092896,-0.30000001192092896,-0.30000001192092896,-0.30000001192092896,-0.30000001192092896,0.30000001192092896,-0.30000001192092896,0.30000001192092896,-0.30000001192092896,-0.279248218525238
1.2999999523162842,0.4230196262170105,-0.30000001192092896,0.3103092908859253,0.4965811958976746,-0.30000001192092896,-0.30000001192092896,-0.30000001192092896,-0.30000001192092896,-0.30000001192092896,-0.30000001192092896,0.30000001192092896,-0.29170125692092896,1.1441927509209289,-0.30000001192092896,-0.298161181525238
1.2999999523162842,0.3318378982170105,-0.30000001192092896,0.3103092908859253,0.3769230758976746,-0.30000001192092896,-0.26774194692092895,-0.28989900192092893,-0.30000001192092896,-0.30000001192092896,-0.30000001192092896,0.7278074989209289,0.04854770607907105,1.0270663139209288,-0.30000001192092896,-0.26299925052523804
1.2999999523162842,0.5426561102170104,-0.30000001192092896,0.3103092908859253,0.5222222208976746,-0.30000001192092896,-0.30000001192092896,-0.30000001192092896,-0.30000001192092896,-0.30000001192092896,-0.30000001192092896,0.30000001192092896,-0.295850633920929,1.110981954920929,-0.30000001192092896,-0.299465569525238
1.2999999523162842,0.39242376421701053,-0.30000001192092896,0.3103092908859253,0.3512820498976746,-0.30000001192092896,-0.26774194692092895,-0.259595971920929,-0.30000001192092896,-0.30000001192092896,-0.30000001192092896,0.30000001192092896,-0.30000001192092896,0.30000001192092896,-0.30000001192092896,-0.299862075525238
1.2999999523162842,0.4542213462170105,-0.30000001192092896,0.3103092908859253,0.5222222208976746,-0.30000001192092896,-0.30000001192092896,-0.30000001192092896,-0.30000001192092896,-0.30000001192092896,-0.30000001192092896,0.30000001192092896,-0.30000001192092896,0.30000001192092896,-0.30000001192092896,-0.299181052525238
1.2999999523162842,1.1482324332170104,-0.30000001192092896,0.3103092908859253,0.3769230758976746,-0.30000001192092896,-0.30000001192092896,-0.30000001192092896,-0.30000001192092896,-0.30000001192092896,-0.30000001192092896,0.30000001192092896,-0.29170125692092896,0.7782413209209289,-0.30000001192092896,-0.29959795952523804
1.2999999523162842,0.3908951822170105,-0.30000001192092896,0.4649484668859253,0.5393162378976746,-0.30000001192092896,-0.30000001192092896,-0.30000001192092896,-0.30000001192092896,-0.30000001192092896,-0.30000001192092896,0.30000001192092896,-0.24605810292092894,1.300000011920929,-0.30000001192092896,-0.29361733352523806
1.2999999523162842,0.3609018472170105,-0.30000001192092896,0.5164948578859253,0.5307692298976746,-0.30000001192092896,-0.30000001192092896,-0.30000001192092896,-0.30000001192092896,-0.30000001192092896,-0.30000001192092896,0.30000001192092896,-0.24605810292092894,1.046923599920929,-0.30000001192092896,-0.24441781852523803
1.2999999523162842,0.3057805232170105,-0.30000001192092896,0.3103092908859253,0.3598290588976746,-0.30000001192092896,-0.26774194692092895,-0.259595971920929,-0.30000001192092896,-0.30000001192092896,-0.30000001192092896,0.30000001192092896,-0.30000001192092896,0.30000001192092896,-0.30000001192092896,-0.29983834652523805
1.2999999523162842,0.42150497921701047,-0.30000001192092896,0.3103092908859253,0.3598290588976746,-0.30000001192092896,-0.30000001192092896,-0.30000001192092896,-0.30000001192092896,-0.30000001192092896,-0.30000001192092896,0.30000001192092896,-0.29170125692092896,1.028334791920929,-0.30000001192092896,-0.298000184525238
1.2999999523162842,0.3003102262170105,-0.30000001192092896,0.3103092908859253,0.3512820498976746,-0.30000001192092896,-0.11451614092092896,-0.28989900192092893,-0.30000001192092896,-0.30000001192092896,-0.30000001192092896,1.084090920920929,-0.30000001192092896,0.30000001192092896,-0.30000001192092896,-0.29984034252523806
1.2999999523162842,0.3612220432170105,-0.30000001192092896,0.3103092908859253,0.4025641018976746,-0.30000001192092896,-0.24354839892092894,-0.28989900192092893,-0.30000001192092896,-0.30000001192092896,-0.30000001192092896,0.861497337920929,-0.30000001192092896,0.30000001192092896,-0.30000001192092896,-0.29986274052523804
1.2999999523162842,0.4224137672170105,-0.30000001192092896,0.3103092908859253,0.5222222208976746,-0.30000001192092896,-0.30000001192092896,-0.30000001192092896,-0.30000001192092896,-0.30000001192092896,-0.30000001192092896,0.30000001192092896,-0.295850633920929,0.897441642920929,-0.30000001192092896,-0.299181274525238
1.2999999523162842,0.3021365872170105,-0.30000001192092896,0.3103092908859253,0.33418803289767457,-0.30000001192092896,-0.13064517292092895,-0.28989900192092893,-0.30000001192092896,-0.30000001192092896,-0.30000001192092896,1.072058835920929,-0.30000001192092896,0.30000001192092896,-0.30000001192092896,-0.29984056452523805
1.2999999523162842,0.5123837772170106,-0.30000001192092896,0.3103092908859253,0.5136752128976746,-0.30000001192092896,-0.30000001192092896,-0.30000001192092896,-0.30000001192092896,-0.30000001192092896,-0.30000001192092896,0.30000001192092896,-0.30000001192092896,0.30000001192092896,-0.30000001192092896,-0.299899996525238
1.2999999523162842,0.3333319462170105,-0.30000001192092896,0.3103092908859253,0.38547008389767456,-0.30000001192092896,-0.30000001192092896,-0.30000001192092896,-0.30000001192092896,-0.30000001192092896,-0.30000001192092896,0.30000001192092896,-0.2875518789209289,1.110981954920929,-0.30000001192092896,-0.29981617152523804
1.2999999523162842,0.3636454782170105,-0.30000001192092896,0.3103092908859253,0.3256410248976746,-0.30000001192092896,-0.24354839892092894,-0.28989900192092893,-0.30000001192092896,-0.30000001192092896,-0.30000001192092896,0.861497337920929,-0.08008299992092896,1.1382667819209291,-0.30000001192092896,-0.24650457352523802
1.2999999523162842,0.3024301252170105,-0.30000001192092896,0.3103092908859253,0.34273504189767456,-0.30000001192092896,-0.21935485092092893,-0.28989900192092893,-0.30000001192092896,-0.30000001192092896,-0.30000001192092896,0.9417112419209289,-0.08008299992092896,0.6907916699209289,-0.30000001192092896,-0.24388626152523804
1.2999999523162842,0.6635455112170106,-0.30000001192092896,0.3103092908859253,0.3769230758976746,-0.30000001192092896,-0.30000001192092896,-0.30000001192092896,-0.30000001192092896,-0.30000001192092896,-0.30000001192092896,0.30000001192092896,-0.30000001192092896,0.30000001192092896,-0.30000001192092896,-0.29972147952523803
1.2999999523162842,0.4829784272170105,-0.30000001192092896,0.3103092908859253,0.5222222208976746,-0.30000001192092896,-0.30000001192092896,-0.30000001192092896,-0.30000001192092896,-0.30000001192092896,-0.30000001192092896,0.30000001192092896,-0.2875518789209289,0.726050401920929,-0.30000001192092896,-0.298742856525238
1.2999999523162842,0.45149498221701045,-0.30000001192092896,0.3103092908859253,0.5222222208976746,-0.30000001192092896,-0.30000001192092896,-0.30000001192092896,-0.30000001192092896,-0.30000001192092896,-0.30000001192092896,0.30000001192092896,-0.295850633920929,0.979299344920929,-0.30000001192092896,-0.29932209152523803
1.2999999523162842,0.3024410312170105,-0.30000001192092896,0.3103092908859253,0.33418803289767457,-0.30000001192092896,-0.22741936692092896,-0.28989900192092893,-0.30000001192092896,-0.30000001192092896,-0.30000001192092896,0.919652417920929,-0.06348548892092895,0.897441642920929,-0.30000001192092896,-0.24895213052523804
0.2999999523162842,0.3003232522170105,-0.22327351992092898,0.3000000128859253,0.3512820498976746,0.699999988079071,-0.30000001192092896,-0.30000001192092896,0.699999988079071,-0.259595971920929,0.19792529907907103,0.30000001192092896,-0.30000001192092896,0.30000001192092896,-0.16666667892092896,-0.29556571052523806
1.2999999523162842,0.3042507302170105,-0.30000001192092896,0.3103092908859253,0.3598290588976746,-0.30000001192092896,-0.20322581792092898,-0.28989900192092893,-0.30000001192092896,-0.30000001192092896,-0.30000001192092896,0.981818193920929,-0.12572615292092895,1.110981954920929,-0.30000001192092896,-0.24803715152523803
1.2999999523162842,0.3027503212170105,-0.30000001192092896,0.3103092908859253,0.33418803289767457,-0.30000001192092896,-0.09838710892092895,-0.28989900192092893,-0.30000001192092896,-0.30000001192092896,-0.30000001192092896,1.1021390489209288,-0.30000001192092896,0.30000001192092896,-0.30000001192092896,-0.29984056452523805
1.2999999523162842,0.3621308312170105,-0.30000001192092896,0.3103092908859253,0.34273504189767456,-0.30000001192092896,-0.15483872192092896,-0.28989900192092893,-0.30000001192092896,-0.30000001192092896,-0.30000001192092896,1.0459893169209291,-0.30000001192092896,0.30000001192092896,-0.30000001192092896,-0.29985564452523805
1.2999999523162842,0.42271669621701047,-0.30000001192092896,0.3103092908859253,0.5136752128976746,-0.30000001192092896,-0.30000001192092896,-0.30000001192092896,-0.30000001192092896,-0.30000001192092896,-0.30000001192092896,0.30000001192092896,-0.29170125692092896,1.110981954920929,-0.30000001192092896,-0.29917262552523805
1.2999999523162842,0.4521008412170105,-0.30000001192092896,0.3103092908859253,0.5222222208976746,-0.30000001192092896,-0.30000001192092896,-0.30000001192092896,-0.30000001192092896,-0.30000001192092896,-0.30000001192092896,0.30000001192092896,-0.29170125692092896,0.944194374920929,-0.30000001192092896,-0.29933273552523804
1.2999999523162842,0.5129896362170105,-0.30000001192092896,0.3103092908859253,0.5136752128976746,-0.30000001192092896,-0.30000001192092896,-0.30000001192092896,-0.30000001192092896,-0.30000001192092896,-0.30000001192092896,0.30000001192092896,-0.283402501920929,0.891385137920929,-0.30000001192092896,-0.29855901752523806
0.2999999523162842,0.3012205282170105,-0.20335020792092895,0.3000000128859253,0.3598290588976746,0.699999988079071,-0.30000001192092896,-0.30000001192092896,0.699999988079071,-0.10808081992092897,-0.12987553092092896,0.30000001192092896,-0.30000001192092896,0.30000001192092896,-0.10000001192092894,-0.298375844525238
1.2999999523162842,0.3618279022170105,-0.30000001192092896,0.3103092908859253,0.3512820498976746,-0.30000001192092896,-0.24354839892092894,-0.22929294092092894,-0.30000001192092896,-0.30000001192092896,-0.30000001192092896,0.38021391592092896,0.19792529907907103,0.897304123920929,-0.30000001192092896,-0.257701864525238
1.2999999523162842,0.4221108382170105,-0.30000001192092896,0.3103092908859253,0.5222222208976746,-0.30000001192092896,-0.30000001192092896,-0.30000001192092896,-0.30000001192092896,-0.30000001192092896,-0.30000001192092896,0.30000001192092896,-0.30000001192092896,0.30000001192092896,-0.30000001192092896,-0.29524615552523803
1.2999999523162842,0.3024395162170105,-0.30000001192092896,0.3103092908859253,0.34273504189767456,-0.30000001192092896,-0.10645162492092897,-0.28989900192092893,-0.30000001192092896,-0.30000001192092896,-0.30000001192092896,1.086096268920929,-0.20871370492092894,1.0696440369209288,-0.30000001192092896,-0.251580643525238
1.2999999523162842,0.4230196262170105,-0.30000001192092896,0.3103092908859253,0.4880341868976746,-0.30000001192092896,-0.30000001192092896,-0.30000001192092896,-0.30000001192092896,-0.30000001192092896,-0.30000001192092896,0.30000001192092896,-0.30000001192092896,0.30000001192092896,-0.30000001192092896,-0.298849078525238
1.2999999523162842,0.4239284142170105,-0.30000001192092896,0.3103092908859253,0.5307692298976746,-0.30000001192092896,-0.30000001192092896,-0.30000001192092896,0.699999988079071,-0.30000001192092896,-0.30000001192092896,0.30000001192092896,-0.30000001192092896,0.30000001192092896,-0.30000001192092896,-0.299894895525238
1.2999999523162842,0.5129896362170105,-0.30000001192092896,0.3103092908859253,0.5051282038976745,-0.30000001192092896,-0.30000001192092896,-0.30000001192092896,-0.30000001192092896,-0.30000001192092896,-0.30000001192092896,0.30000001192092896,-0.295850633920929,0.721884852920929,-0.30000001192092896,-0.29979310852523805
1.2999999523162842,0.3609109342170105,-0.30000001192092896,0.4649484668859253,0.5393162378976746,-0.30000001192092896,-0.30000001192092896,-0.30000001192092896,-0.30000001192092896,-0.30000001192092896,-0.30000001192092896,0.30000001192092896,-0.24605810292092894,0.973676295920929,-0.30000001192092896,-0.29511975252523803
1.2999999523162842,0.3327454742170105,-0.30000001192092896,0.3103092908859253,0.34273504189767456,-0.30000001192092896,-0.001612914920928965,0.07373736207907106,-0.30000001192092896,-0.30000001192092896,-0.30000001192092896,0.32272728492092895,-0.15892117392092894,0.9026445069209289,-0.30000001192092896,-0.25514409352523804
1.2999999523162842,0.4211984142170105,-0.30000001192092896,1.1350515588859253,0.5393162378976746,-0.30000001192092896,-0.30000001192092896,-0.30000001192092896,-0.30000001192092896,-0.30000001192092896,-0.30000001192092896,0.30000001192092896,-0.24605810292092894,0.7381502899209289,-0.30000001192092896,-0.294965408525238
1.2999999523162842,0.3033486072170105,-0.30000001192092896,0.3103092908859253,0.33418803289767457,-0.30000001192092896,-0.26774194692092895,-0.28989900192092893,-0.30000001192092896,-0.30000001192092896,-0.30000001192092896,0.7278074989209289,0.04439832807907107,0.7165446179209289,-0.30000001192092896,-0.25128570352523805
1.2999999523162842,0.3054748682170105,-0.30000001192092896,0.3103092908859253,0.3598290588976746,-0.30000001192092896,0.05483869807907105,0.14444443207907104,-0.30000001192092896,-0.30000001192092896,-0.30000001192092896,0.30000001192092896,-0.30000001192092896,0.30000001192092896,-0.30000001192092896,-0.29983657252523804
1.2999999523162842,0.3621238642170105,-0.30000001192092896,0.3103092908859253,0.5222222208976746,-0.30000001192092896,-0.30000001192092896,-0.30000001192092896,-0.30000001192092896,-0.30000001192092896,-0.30000001192092896,0.30000001192092896,-0.295850633920929,0.7509791739209289,-0.30000001192092896,-0.299429422525238
1.2999999523162842,0.5435682312170105,-0.30000001192092896,0.3103092908859253,0.5222222208976746,-0.30000001192092896,-0.30000001192092896,-0.30000001192092896,-0.30000001192092896,-0.30000001192092896,-0.30000001192092896,0.30000001192092896,-0.30000001192092896,0.30000001192092896,-0.30000001192092896,-0.299113637525238
1.2999999523162842,0.4829996322170105,-0.30000001192092896,0.3103092908859253,0.5051282038976745,-0.30000001192092896,-0.30000001192092896,-0.30000001192092896,-0.30000001192092896,-0.30000001192092896,-0.30000001192092896,0.30000001192092896,-0.30000001192092896,0.30000001192092896,-0.30000001192092896,-0.29936378252523804
1.2999999523162842,0.42150134421701047,-0.30000001192092896,0.3824742398859253,0.4709401698976746,-0.30000001192092896,-0.30000001192092896,-0.30000001192092896,-0.30000001192092896,-0.30000001192092896,-0.30000001192092896,0.30000001192092896,-0.24605810292092894,0.7381502899209289,-0.30000001192092896,-0.295127070525238
1.2999999523162842,0.3633425482170105,-0.30000001192092896,0.3103092908859253,0.38547008389767456,-0.30000001192092896,-0.30000001192092896,-0.30000001192092896,-0.30000001192092896,-0.30000001192092896,-0.30000001192092896,0.30000001192092896,-0.30000001192092896,0.30000001192092896,-0.30000001192092896,-0.299870280525238
1.2999999523162842,0.4829996322170105,-0.30000001192092896,0.3103092908859253,0.5307692298976746,-0.30000001192092896,-0.30000001192092896,-0.30000001192092896,-0.30000001192092896,-0.30000001192092896,-0.30000001192092896,0.30000001192092896,-0.30000001192092896,0.30000001192092896,-0.30000001192092896,-0.29939992852523806
1.2999999523162842,0.45146953621701047,-0.30000001192092896,0.49587630188592535,0.3769230758976746,-0.30000001192092896,-0.30000001192092896,-0.30000001192092896,-0.30000001192092896,-0.30000001192092896,-0.30000001192092896,0.30000001192092896,-0.24605810292092894,0.572031290920929,-0.30000001192092896,-0.29513594152523803
1.2999999523162842,0.3627366902170105,-0.30000001192092896,0.3103092908859253,0.3598290588976746,-0.30000001192092896,-0.27580646392092895,-0.26969698192092895,-0.30000001192092896,-0.30000001192092896,-0.30000001192092896,0.30000001192092896,-0.30000001192092896,0.30000001192092896,-0.30000001192092896,-0.298017037525238
1.2999999523162842,0.4220811502170105,-0.30000001192092896,0.3103092908859253,0.5222222208976746,-0.30000001192092896,-0.30000001192092896,-0.30000001192092896,-0.30000001192092896,-0.30000001192092896,-0.30000001192092896,0.30000001192092896,-0.30000001192092896,0.30000001192092896,-0.30000001192092896,-0.299533206525238
1.2999999523162842,0.36061618421701047,-0.30000001192092896,0.3103092908859253,0.3512820498976746,-0.30000001192092896,-0.29193549592092893,-0.28989900192092893,-0.30000001192092896,-0.30000001192092896,-0.30000001192092896,0.4610962689209289,0.699999988079071,0.869510518920929,-0.30000001192092896,-0.256585750525238
1.2999999523162842,0.3911981112170105,-0.30000001192092896,0.9185567138859254,0.5393162378976746,-0.30000001192092896,-0.30000001192092896,-0.30000001192092896,-0.30000001192092896,-0.30000001192092896,-0.30000001192092896,0.30000001192092896,-0.24605810292092894,1.300000011920929,-0.30000001192092896,-0.293468089525238
1.2999999523162842,0.3033377012170105,-0.30000001192092896,0.3103092908859253,0.3256410248976746,-0.30000001192092896,-0.19516130192092895,-0.28989900192092893,-0.30000001192092896,-0.30000001192092896,-0.30000001192092896,0.9951871779209289,-0.30000001192092896,0.30000001192092896,-0.30000001192092896,-0.29983989952523804
1.2999999523162842,0.4817842802170105,-0.30000001192092896,0.5164948578859253,0.5393162378976746,-0.30000001192092896,-0.30000001192092896,-0.30000001192092896,-0.30000001192092896,-0.30000001192092896,-0.30000001192092896,0.30000001192092896,-0.24605810292092894,0.7381502899209289,-0.30000001192092896,-0.29509890752523804
1.2999999523162842,0.4533125582170105,-0.30000001192092896,0.3103092908859253,0.5136752128976746,-0.30000001192092896,-0.30000001192092896,-0.30000001192092896,-0.30000001192092896,-0.30000001192092896,-0.30000001192092896,0.30000001192092896,-0.30000001192092896,0.30000001192092896,-0.30000001192092896,-0.29947089152523804
1.2999999523162842,0.4524037702170105,-0.30000001192092896,0.3103092908859253,0.5222222208976746,-0.30000001192092896,-0.30000001192092896,-0.30000001192092896,-0.30000001192092896,-0.30000001192092896,-0.30000001192092896,0.30000001192092896,-0.30000001192092896,0.30000001192092896,-0.30000001192092896,-0.29896993752523804
1.2999999523162842,0.3609097232170105,-0.30000001192092896,0.3515464048859253,0.5393162378976746,-0.30000001192092896,-0.30000001192092896,-0.30000001192092896,-0.30000001192092896,-0.30000001192092896,-0.30000001192092896,0.30000001192092896,-0.24605810292092894,0.765188056920929,-0.30000001192092896,-0.29510689052523803
1.2999999523162842,0.4221108382170105,-0.30000001192092896,0.3103092908859253,0.33418803289767457,-0.30000001192092896,-0.17096775392092894,-0.13838384992092895,-0.30000001192092896,-0.30000001192092896,-0.30000001192092896,0.30000001192092896,-0.30000001192092896,0.30000001192092896,-0.30000001192092896,-0.27873063252523805
1.2999999523162842,0.5120732742170104,-0.30000001192092896,0.3103092908859253,0.5222222208976746,-0.30000001192092896,-0.30000001192092896,-0.30000001192092896,-0.30000001192092896,-0.30000001192092896,-0.30000001192092896,0.30000001192092896,-0.30000001192092896,0.30000001192092896,-0.30000001192092896,-0.29990088312523805
1.2999999523162842,0.4527067002170105,-0.30000001192092896,0.3103092908859253,0.4965811958976746,-0.30000001192092896,-0.30000001192092896,-0.30000001192092896,-0.30000001192092896,-0.30000001192092896,-0.30000001192092896,0.30000001192092896,-0.30000001192092896,0.30000001192092896,-0.30000001192092896,-0.299901104925238
1.2999999523162842,0.3315349692170105,-0.30000001192092896,0.3103092908859253,0.3256410248976746,-0.30000001192092896,-0.25967743092092893,-0.28989900192092893,-0.30000001192092896,-0.30000001192092896,-0.30000001192092896,0.7812834339209289,-0.30000001192092896,0.30000001192092896,-0.30000001192092896,-0.29986163152523804
1.2999999523162842,0.3918179052170105,-0.30000001192092896,0.3103092908859253,0.3512820498976746,-0.30000001192092896,-0.25161291492092897,-0.28989900192092893,-0.30000001192092896,-0.30000001192092896,-0.30000001192092896,0.825401081920929,-0.30000001192092896,0.30000001192092896,-0.30000001192092896,-0.299855865525238
1.2999999523162842,0.4530096292170105,-0.30000001192092896,0.3103092908859253,0.3683760668976746,-0.30000001192092896,-0.25967743092092893,-0.24949496092092896,-0.30000001192092896,-0.30000001192092896,-0.30000001192092896,0.30000001192092896,-0.30000001192092896,0.30000001192092896,-0.30000001192092896,-0.299855865525238
1.2999999523162842,0.30487537121701047,-0.30000001192092896,0.3103092908859253,0.33418803289767457,-0.30000001192092896,-0.24354839892092894,-0.28989900192092893,-0.30000001192092896,-0.30000001192092896,-0.30000001192092896,0.861497337920929,-0.30000001192092896,0.30000001192092896,-0.30000001192092896,-0.29984034252523806
1.2999999523162842,0.48236893321701046,-0.30000001192092896,0.3103092908859253,0.5051282038976745,-0.30000001192092896,-0.30000001192092896,-0.30000001192092896,-0.30000001192092896,-0.30000001192092896,-0.30000001192092896,0.30000001192092896,-0.30000001192092896,0.30000001192092896,-0.30000001192092896,-0.299900661325238
1.2999999523162842,0.3921208342170105,-0.30000001192092896,0.3103092908859253,0.5222222208976746,-0.30000001192092896,-0.30000001192092896,-0.30000001192092896,-0.30000001192092896,-0.30000001192092896,-0.30000001192092896,0.30000001192092896,-0.30000001192092896,0.30000001192092896,-0.30000001192092896,-0.299870945525238
1.2999999523162842,0.48239377421701046,-0.30000001192092896,0.3103092908859253,0.5307692298976746,-0.30000001192092896,-0.30000001192092896,-0.30000001192092896,-0.30000001192092896,-0.30000001192092896,-0.30000001192092896,0.30000001192092896,-0.295850633920929,0.695747523920929,-0.30000001192092896,-0.299328300525238
1.2999999523162842,0.3618279022170105,-0.30000001192092896,0.3103092908859253,0.4794871778976746,-0.30000001192092896,-0.30000001192092896,-0.30000001192092896,-0.30000001192092896,-0.30000001192092896,-0.30000001192092896,0.30000001192092896,-0.29170125692092896,0.856131456920929,-0.30000001192092896,-0.29375970352523806
1.2999999523162842,0.42150497921701047,-0.30000001192092896,0.3103092908859253,0.5136752128976746,-0.30000001192092896,-0.30000001192092896,-0.30000001192092896,-0.30000001192092896,-0.30000001192092896,-0.30000001192092896,0.30000001192092896,-0.30000001192092896,0.30000001192092896,-0.30000001192092896,-0.299901104925238
1.2999999523162842,0.3303138612170105,-0.30000001192092896,0.4649484668859253,0.4025641018976746,-0.30000001192092896,-0.29193549592092893,-0.28989900192092893,-0.30000001192092896,-0.30000001192092896,-0.30000001192092896,0.4610962689209289,0.699999988079071,0.765188056920929,-0.30000001192092896,-0.23722594252523804
1.2999999523162842,0.45149498221701045,-0.30000001192092896,0.3103092908859253,0.5222222208976746,-0.30000001192092896,-0.30000001192092896,-0.30000001192092896,-0.30000001192092896,-0.30000001192092896,-0.30000001192092896,0.30000001192092896,-0.30000001192092896,0.30000001192092896,-0.30000001192092896,-0.299900661325238
1.2999999523162842,0.4224010442170105,-0.30000001192092896,0.3103092908859253,0.5222222208976746,-0.30000001192092896,-0.30000001192092896,-0.30000001192092896,-0.30000001192092896,-0.30000001192092896,-0.30000001192092896,0.30000001192092896,-0.29170125692092896,0.9322603329209289,-0.30000001192092896,-0.28424135152523805
1.2999999523162842,0.45149498221701045,-0.30000001192092896,0.3103092908859253,0.5136752128976746,-0.30000001192092896,-0.30000001192092896,-0.30000001192092896,-0.30000001192092896,-0.30000001192092896,-0.30000001192092896,0.30000001192092896,-0.30000001192092896,0.30000001192092896,-0.30000001192092896,-0.29990088312523805
1.2999999523162842,0.5135954942170105,-0.30000001192092896,0.3103092908859253,0.5222222208976746,-0.30000001192092896,-0.30000001192092896,-0.30000001192092896,-0.30000001192092896,-0.30000001192092896,-0.30000001192092896,0.30000001192092896,-0.30000001192092896,0.30000001192092896,-0.30000001192092896,-0.29898390852523804
1.2999999523162842,0.5129896362170105,-0.30000001192092896,0.3103092908859253,0.5222222208976746,-0.30000001192092896,-0.30000001192092896,-0.30000001192092896,-0.30000001192092896,-0.30000001192092896,-0.30000001192092896,0.30000001192092896,-0.30000001192092896,0.30000001192092896,-0.30000001192092896,-0.299900661325238
1.2999999523162842,0.4232946852170105,-0.30000001192092896,0.3103092908859253,0.5393162378976746,-0.30000001192092896,-0.30000001192092896,-0.30000001192092896,-0.30000001192092896,-0.30000001192092896,-0.30000001192092896,0.30000001192092896,-0.30000001192092896,0.30000001192092896,-0.30000001192092896,-0.29728301452523803
1.2999999523162842,0.4239284142170105,-0.30000001192092896,0.3103092908859253,0.5393162378976746,-0.30000001192092896,-0.30000001192092896,-0.30000001192092896,-0.30000001192092896,-0.30000001192092896,-0.30000001192092896,0.30000001192092896,-0.30000001192092896,0.30000001192092896,-0.30000001192092896,-0.29989755652523803
1.2999999523162842,0.5423737802170105,-0.30000001192092896,0.3103092908859253,0.5051282038976745,-0.30000001192092896,-0.30000001192092896,-0.30000001192092896,-0.30000001192092896,-0.30000001192092896,-0.30000001192092896,0.30000001192092896,-0.30000001192092896,0.30000001192092896,-0.30000001192092896,-0.299393276525238
1.2999999523162842,0.3921208342170105,-0.30000001192092896,0.3103092908859253,0.4111111098976746,-0.30000001192092896,-0.29193549592092893,-0.28989900192092893,-0.30000001192092896,-0.30000001192092896,-0.30000001192092896,0.44104279292092896,0.575518660079071,0.695747523920929,-0.30000001192092896,-0.24673498052523804
1.2999999523162842,0.4211772092170105,-0.30000001192092896,0.3103092908859253,0.5051282038976745,-0.30000001192092896,-0.30000001192092896,-0.30000001192092896,-0.30000001192092896,-0.30000001192092896,-0.30000001192092896,0.30000001192092896,-0.30000001192092896,0.30000001192092896,-0.30000001192092896,-0.299870723525238
1.2999999523162842,0.33123204021701047,-0.30000001192092896,0.3103092908859253,0.34273504189767456,-0.30000001192092896,-0.17903226992092897,-0.28989900192092893,-0.30000001192092896,-0.30000001192092896,-0.30000001192092896,1.021925145920929,-0.17136930692092894,0.8631749139209289,-0.30000001192092896,-0.251814155525238
1.2999999523162842,0.3915149762170105,-0.30000001192092896,0.3103092908859253,0.33418803289767457,-0.30000001192092896,-0.25161291492092897,-0.23939395092092897,-0.30000001192092896,-0.30000001192092896,-0.30000001192092896,0.30000001192092896,-0.30000001192092896,0.30000001192092896,-0.30000001192092896,-0.29986185352523803
1.2999999523162842,0.3006086112170105,-0.30000001192092896,0.3103092908859253,0.3256410248976746,-0.30000001192092896,0.11129031107907106,-0.28989900192092893,-0.30000001192092896,-0.30000001192092896,-0.30000001192092896,1.1522727389209289,-0.23775934792092895,1.088932179920929,-0.30000001192092896,-0.254985313525238
1.2999999523162842,0.39242376421701053,-0.30000001192092896,0.3103092908859253,0.4965811958976746,-0.30000001192092896,-0.30000001192092896,-0.30000001192092896,-0.30000001192092896,-0.30000001192092896,-0.30000001192092896,0.30000001192092896,-0.30000001192092896,0.30000001192092896,-0.30000001192092896,-0.299901104925238
1.2999999523162842,0.30123082821701047,-0.30000001192092896,0.4030927968859253,0.4538461528976746,-0.30000001192092896,-0.28387097992092897,-0.28989900192092893,-0.30000001192092896,-0.30000001192092896,-0.30000001192092896,0.575401081920929,0.554771772079071,0.913875549920929,-0.30000001192092896,-0.26523103652523805
1.2999999523162842,0.3605961912170105,-0.30000001192092896,0.3103092908859253,0.3769230758976746,-0.30000001192092896,-0.28387097992092897,-0.28989900192092893,-0.30000001192092896,-0.30000001192092896,-0.30000001192092896,0.5747326319209289,-0.30000001192092896,0.30000001192092896,-0.30000001192092896,-0.29985542252523806
1.2999999523162842,0.4533125582170105,-0.30000001192092896,0.3103092908859253,0.5136752128976746,-0.30000001192092896,-0.30000001192092896,-0.30000001192092896,-0.30000001192092896,-0.30000001192092896,-0.30000001192092896,0.30000001192092896,-0.30000001192092896,0.30000001192092896,-0.30000001192092896,-0.29982881152523805
1.2999999523162842,0.4826967032170105,-0.30000001192092896,0.3103092908859253,0.5222222208976746,-0.30000001192092896,-0.30000001192092896,-0.30000001192092896,-0.30000001192092896,-0.30000001192092896,-0.30000001192092896,0.30000001192092896,-0.295850633920929,1.159883051920929,-0.30000001192092896,-0.29925622852523803
1.2999999523162842,0.5429796392170105,-0.30000001192092896,0.3103092908859253,0.5222222208976746,-0.30000001192092896,-0.30000001192092896,-0.30000001192092896,-0.30000001192092896,-0.30000001192092896,-0.30000001192092896,0.30000001192092896,-0.30000001192092896,0.30000001192092896,-0.30000001192092896,-0.29932785752523805
1.2999999523162842,0.3006149732170105,-0.30000001192092896,0.3103092908859253,0.3512820498976746,-0.30000001192092896,-0.22741936692092896,-0.28989900192092893,-0.30000001192092896,-0.30000001192092896,-0.30000001192092896,0.919652417920929,-0.30000001192092896,0.30000001192092896,-0.30000001192092896,-0.29983856852523805
1.2999999523162842,0.4212020502170105,-0.30000001192092896,0.3103092908859253,0.5222222208976746,-0.30000001192092896,-0.30000001192092896,-0.30000001192092896,-0.30000001192092896,-0.30000001192092896,-0.30000001192092896,0.30000001192092896,-0.30000001192092896,0.30000001192092896,-0.30000001192092896,-0.29990088312523805
1.2999999523162842,0.45149498221701045,-0.30000001192092896,0.3103092908859253,0.5222222208976746,-0.30000001192092896,-0.30000001192092896,-0.30000001192092896,-0.30000001192092896,-0.30000001192092896,-0.30000001192092896,0.30000001192092896,-0.30000001192092896,0.30000001192092896,-0.30000001192092896,-0.29127755152523804
1.2999999523162842,0.4820908442170105,-0.30000001192092896,0.3103092908859253,0.5222222208976746,-0.30000001192092896,-0.30000001192092896,-0.30000001192092896,-0.30000001192092896,-0.30000001192092896,-0.30000001192092896,0.30000001192092896,-0.30000001192092896,0.30000001192092896,-0.30000001192092896,-0.29990043962523805
1.2999999523162842,0.48239377421701046,-0.30000001192092896,0.3103092908859253,0.5222222208976746,-0.30000001192092896,-0.30000001192092896,-0.30000001192092896,-0.30000001192092896,-0.30000001192092896,-0.30000001192092896,0.30000001192092896,-0.30000001192092896,0.30000001192092896,-0.30000001192092896,-0.29968555452523804
1.2999999523162842,0.3615249722170105,-0.30000001192092896,0.3103092908859253,0.46239316089767457,-0.30000001192092896,-0.30000001192092896,-0.30000001192092896,-0.30000001192092896,-0.30000001192092896,-0.30000001192092896,0.30000001192092896,-0.30000001192092896,0.30000001192092896,-0.30000001192092896,-0.29987050252523806
1.2999999523162842,0.4223971062170105,-0.30000001192092896,0.3103092908859253,0.3683760668976746,-0.30000001192092896,-0.26774194692092895,-0.259595971920929,-0.30000001192092896,-0.30000001192092896,-0.30000001192092896,0.30000001192092896,-0.30000001192092896,0.30000001192092896,-0.30000001192092896,-0.29986274052523804
1.2999999523162842,0.5423737802170105,-0.30000001192092896,0.3103092908859253,0.5222222208976746,-0.30000001192092896,-0.30000001192092896,-0.30000001192092896,-0.30000001192092896,-0.30000001192092896,-0.30000001192092896,0.30000001192092896,-0.30000001192092896,0.30000001192092896,-0.30000001192092896,-0.29990132662523805
1.2999999523162842,0.6032625752170104,-0.30000001192092896,0.3103092908859253,0.3769230758976746,-0.30000001192092896,-0.30000001192092896,-0.30000001192092896,-0.30000001192092896,-0.30000001192092896,-0.30000001192092896,0.30000001192092896,-0.30000001192092896,0.30000001192092896,-0.30000001192092896,-0.29990465302523805
1.2999999523162842,0.4826891302170105,-0.30000001192092896,0.3103092908859253,0.5136752128976746,-0.30000001192092896,-0.30000001192092896,-0.30000001192092896,-0.30000001192092896,-0.30000001192092896,-0.30000001192092896,0.30000001192092896,-0.30000001192092896,0.30000001192092896,-0.30000001192092896,-0.29990043962523805
1.2999999523162842,0.3000263811170105,-0.30000001192092896,0.3103092908859253,0.2999999988976746,-0.30000001192092896,-0.17903226992092897,-0.28989900192092893,-0.30000001192092896,-0.30000001192092896,-0.30000001192092896,1.021925145920929,-0.10912864292092894,0.7354971079209289,-0.30000001192092896,-0.25246768052523805
1.2999999523162842,0.3039526482170105,-0.30000001192092896,0.3103092908859253,0.34273504189767456,-0.30000001192092896,-0.06612904392092894,-0.28989900192092893,-0.30000001192092896,-0.30000001192092896,-0.30000001192092896,1.114171134920929,-0.22116183792092897,1.007567409920929,-0.30000001192092896,-0.24955642452523802
1.2999999523162842,0.30031931421701047,-0.30000001192092896,0.3618556828859253,0.4538461528976746,-0.30000001192092896,-0.07419355992092896,-0.28989900192092893,-0.30000001192092896,-0.30000001192092896,-0.30000001192092896,1.104812845920929,-0.12157677492092894,1.003730975920929,-0.30000001192092896,-0.24702681652523803
1.2999999523162842,0.33244375721701047,-0.30000001192092896,0.3103092908859253,0.3256410248976746,-0.30000001192092896,0.014516117079071023,0.09393938207907104,-0.30000001192092896,-0.30000001192092896,-0.30000001192092896,0.30000001192092896,-0.30000001192092896,0.30000001192092896,-0.30000001192092896,-0.274499687525238
1.2999999523162842,0.3048732502170105,-0.30000001192092896,0.3103092908859253,0.3170940158976746,-0.30000001192092896,-0.14677420592092896,-0.10808081992092897,-0.30000001192092896,-0.30000001192092896,-0.30000001192092896,0.30000001192092896,-0.30000001192092896,0.30000001192092896,-0.30000001192092896,-0.29983989952523804
1.2999999523162842,0.3921208342170105,-0.30000001192092896,0.3103092908859253,0.5222222208976746,-0.30000001192092896,-0.30000001192092896,-0.30000001192092896,-0.30000001192092896,-0.30000001192092896,-0.30000001192092896,0.30000001192092896,-0.30000001192092896,0.30000001192092896,-0.30000001192092896,-0.299145349525238
1.2999999523162842,0.36061618421701047,-0.30000001192092896,0.3103092908859253,0.3256410248976746,-0.30000001192092896,-0.21129033492092897,-0.18888890092092897,-0.30000001192092896,-0.30000001192092896,-0.30000001192092896,0.30000001192092896,-0.30000001192092896,0.30000001192092896,-0.30000001192092896,-0.29985231752523805
1.2999999523162842,0.5426767102170105,-0.30000001192092896,0.3103092908859253,0.5222222208976746,-0.30000001192092896,-0.30000001192092896,-0.30000001192092896,-0.30000001192092896,-0.30000001192092896,-0.30000001192092896,0.30000001192092896,-0.30000001192092896,0.30000001192092896,-0.30000001192092896,-0.29990043962523805
1.2999999523162842,0.5123659042170106,-0.30000001192092896,0.3103092908859253,0.5136752128976746,-0.30000001192092896,-0.30000001192092896,-0.30000001192092896,-0.30000001192092896,-0.30000001192092896,-0.30000001192092896,0.30000001192092896,-0.295850633920929,0.830881789920929,-0.30000001192092896,-0.29959929052523804
1.2999999523162842,0.4826967032170105,-0.30000001192092896,0.3103092908859253,0.5136752128976746,-0.30000001192092896,-0.30000001192092896,-0.30000001192092896,-0.30000001192092896,-0.30000001192092896,-0.30000001192092896,0.30000001192092896,-0.30000001192092896,0.30000001192092896,-0.30000001192092896,-0.299900661325238
1.2999999523162842,0.3009194172170105,-0.30000001192092896,0.3103092908859253,0.3085470078976746,-0.30000001192092896,0.12741934307907105,-0.28989900192092893,-0.30000001192092896,-0.30000001192092896,-0.30000001192092896,1.150267391920929,-0.258506235920929,0.9792399689209289,-0.30000001192092896,-0.25296841252523805
1.2999999523162842,0.5123837772170106,-0.30000001192092896,0.3103092908859253,0.5222222208976746,-0.30000001192092896,-0.30000001192092896,-0.30000001192092896,-0.30000001192092896,-0.30000001192092896,-0.30000001192092896,0.30000001192092896,-0.30000001192092896,0.30000001192092896,-0.30000001192092896,-0.29990088312523805
1.2999999523162842,0.5438884272170105,-0.30000001192092896,0.3103092908859253,0.5222222208976746,-0.30000001192092896,-0.30000001192092896,-0.30000001192092896,-0.30000001192092896,-0.30000001192092896,-0.30000001192092896,0.30000001192092896,-0.30000001192092896,0.30000001192092896,-0.30000001192092896,-0.299901104925238
1.2999999523162842,0.3630396192170105,-0.30000001192092896,0.3103092908859253,0.3769230758976746,-0.30000001192092896,-0.29193549592092893,-0.28989900192092893,-0.30000001192092896,-0.30000001192092896,-0.30000001192092896,0.4610962689209289,0.18962654407907104,0.751065240920929,-0.30000001192092896,-0.26573576052523806
1.2999999523162842,0.8758989692170105,-0.30000001192092896,0.3103092908859253,0.3769230758976746,-0.30000001192092896,-0.30000001192092896,-0.30000001192092896,-0.30000001192092896,-0.30000001192092896,-0.30000001192092896,0.30000001192092896,-0.30000001192092896,0.30000001192092896,-0.30000001192092896,-0.29990465302523805
1.2999999523162842,0.3611956882170105,-0.30000001192092896,0.3103092908859253,0.3512820498976746,-0.30000001192092896,-0.29193549592092893,-0.28989900192092893,-0.30000001192092896,-0.30000001192092896,-0.30000001192092896,0.4610962689209289,0.699999988079071,0.695747523920929,-0.30000001192092896,-0.26606839952523803
1.2999999523162842,0.4520829682170105,-0.30000001192092896,0.3103092908859253,0.46239316089767457,-0.30000001192092896,-0.30000001192092896,-0.30000001192092896,0.699999988079071,-0.30000001192092896,-0.30000001192092896,0.30000001192092896,-0.30000001192092896,0.30000001192092896,-0.30000001192092896,-0.29342395952523803
1.2999999523162842,0.6038684342170104,-0.30000001192092896,0.3103092908859253,0.5222222208976746,-0.30000001192092896,-0.30000001192092896,-0.30000001192092896,-0.30000001192092896,-0.30000001192092896,-0.30000001192092896,0.30000001192092896,-0.29170125692092896,0.798222310920929,-0.30000001192092896,-0.29920256352523805
1.2999999523162842,0.33151437021701047,-0.30000001192092896,0.3103092908859253,0.34273504189767456,-0.30000001192092896,-0.17903226992092897,-0.14848485992092897,-0.30000001192092896,-0.30000001192092896,-0.30000001192092896,0.30000001192092896,-0.30000001192092896,0.30000001192092896,-0.30000001192092896,-0.29984034252523806
1.2999999523162842,0.8149871522170105,-0.30000001192092896,0.3103092908859253,0.3769230758976746,-0.30000001192092896,-0.30000001192092896,-0.30000001192092896,-0.30000001192092896,-0.30000001192092896,-0.30000001192092896,0.30000001192092896,-0.30000001192092896,0.30000001192092896,-0.30000001192092896,-0.29968976852523804
1.2999999523162842,0.4524037702170105,-0.30000001192092896,0.3103092908859253,0.4538461528976746,-0.30000001192092896,-0.30000001192092896,-0.30000001192092896,-0.30000001192092896,-0.30000001192092896,-0.30000001192092896,0.30000001192092896,-0.295850633920929,1.028334791920929,-0.30000001192092896,-0.29982770252523805
1.2999999523162842,0.3348487132170105,-0.30000001192092896,0.3103092908859253,0.3512820498976746,-0.30000001192092896,-0.14677420592092896,-0.10808081992092897,-0.30000001192092896,-0.30000001192092896,-0.30000001192092896,0.340106963920929,-0.05103735592092895,0.7712671929209289,-0.30000001192092896,-0.260745954525238
1.2999999523162842,0.3324380012170105,-0.30000001192092896,0.4134020748859253,0.4367521358976746,-0.30000001192092896,-0.28387097992092897,-0.28989900192092893,-0.30000001192092896,-0.30000001192092896,-0.30000001192092896,0.43770054692092897,0.554771772079071,1.0881057259209288,-0.30000001192092896,-0.24115840052523801
1.2999999523162842,0.3930226552170105,-0.30000001192092896,0.3103092908859253,0.3769230758976746,-0.30000001192092896,-0.25967743092092893,-0.28989900192092893,-0.30000001192092896,-0.30000001192092896,-0.30000001192092896,0.780614984920929,-0.005394202920928959,0.7509791739209289,-0.30000001192092896,-0.252750201525238
1.2999999523162842,0.3012338572170105,-0.30000001192092896,0.3103092908859253,0.3256410248976746,-0.30000001192092896,0.03870966507907103,0.12424241207907105,-0.30000001192092896,-0.30000001192092896,-0.30000001192092896,0.30000001192092896,-0.30000001192092896,0.30000001192092896,-0.30000001192092896,-0.29983901252523804
1.2999999523162842,1.1182424302170104,-0.30000001192092896,0.3103092908859253,0.3769230758976746,-0.30000001192092896,-0.30000001192092896,-0.30000001192092896,-0.30000001192092896,-0.30000001192092896,-0.30000001192092896,0.30000001192092896,-0.30000001192092896,0.30000001192092896,-0.30000001192092896,-0.29990465302523805
1.2999999523162842,0.3009278992170105,-0.30000001192092896,0.5268041368859253,0.3512820498976746,-0.30000001192092896,-0.28387097992092897,-0.28989900192092893,-0.30000001192092896,-0.30000001192092896,-0.30000001192092896,0.5747326319209289,0.554771772079071,0.913875549920929,-0.30000001192092896,-0.22778764552523803
1.2999999523162842,0.4224137672170105,-0.30000001192092896,0.3103092908859253,0.5222222208976746,-0.30000001192092896,-0.30000001192092896,-0.30000001192092896,-0.30000001192092896,-0.30000001192092896,-0.30000001192092896,0.30000001192092896,-0.295850633920929,0.8573142639209289,-0.30000001192092896,-0.28258680452523804
1.2999999523162842,0.36091275221701047,-0.30000001192092896,0.3103092908859253,0.3598290588976746,-0.30000001192092896,-0.21935485092092893,-0.19898991092092894,-0.30000001192092896,-0.30000001192092896,-0.30000001192092896,0.30000001192092896,-0.30000001192092896,0.30000001192092896,-0.30000001192092896,-0.299846330525238
1.2999999523162842,0.3033419422170105,-0.30000001192092896,0.3103092908859253,0.3512820498976746,-0.30000001192092896,-0.12258065692092895,-0.28989900192092893,-0.30000001192092896,-0.30000001192092896,-0.30000001192092896,1.062700546920929,-0.30000001192092896,0.30000001192092896,-0.30000001192092896,-0.29984078652523805
1.2999999523162842,0.5435854982170105,-0.30000001192092896,0.3103092908859253,0.5222222208976746,-0.30000001192092896,-0.30000001192092896,-0.30000001192092896,-0.30000001192092896,-0.30000001192092896,-0.30000001192092896,0.30000001192092896,-0.30000001192092896,0.30000001192092896,-0.30000001192092896,-0.29990088312523805
1.2999999523162842,0.3306261812170105,-0.30000001192092896,0.3103092908859253,0.3683760668976746,-0.30000001192092896,-0.23548388292092895,-0.28989900192092893,-0.30000001192092896,-0.30000001192092896,-0.30000001192092896,0.893582899920929,-0.06763486692092896,0.751065240920929,-0.30000001192092896,-0.25089385452523805
1.2999999523162842,0.3036439632170105,-0.30000001192092896,0.3103092908859253,0.33418803289767457,-0.30000001192092896,-0.17903226992092897,-0.14848485992092897,-0.30000001192092896,-0.30000001192092896,-0.30000001192092896,0.30000001192092896,-0.30000001192092896,0.30000001192092896,-0.30000001192092896,-0.29983901252523804
1.2999999523162842,0.3009357752170105,-0.30000001192092896,0.3103092908859253,0.3256410248976746,-0.30000001192092896,-0.12258065692092895,-0.28989900192092893,-0.30000001192092896,-0.30000001192092896,-0.30000001192092896,1.0794117769209288,-0.14647304092092894,1.0424097209209289,-0.30000001192092896,-0.24892951052523804
1.2999999523162842,0.3012229522170105,-0.30000001192092896,0.3103092908859253,0.33418803289767457,-0.30000001192092896,0.07096773007907103,-0.28989900192092893,-0.30000001192092896,-0.30000001192092896,-0.30000001192092896,1.160962578920929,-0.23775934792092895,1.021004162920929,-0.30000001192092896,-0.251791536525238
1.2999999523162842,0.5732725722170104,-0.30000001192092896,0.3103092908859253,0.5222222208976746,-0.30000001192092896,-0.30000001192092896,-0.30000001192092896,-0.30000001192092896,-0.30000001192092896,-0.30000001192092896,0.30000001192092896,-0.30000001192092896,0.30000001192092896,-0.30000001192092896,-0.299542963525238
0.2999999523162842,0.3036421452170105,-0.10345946992092894,0.3000000128859253,0.33418803289767457,0.699999988079071,-0.30000001192092896,-0.30000001192092896,0.699999988079071,-0.23939395092092897,-0.19211619492092896,0.30000001192092896,-0.30000001192092896,0.30000001192092896,-0.16666667892092896,-0.298902522525238
1.2999999523162842,0.5132925652170105,-0.30000001192092896,0.3103092908859253,0.5136752128976746,-0.30000001192092896,-0.30000001192092896,-0.30000001192092896,-0.30000001192092896,-0.30000001192092896,-0.30000001192092896,0.30000001192092896,-0.30000001192092896,0.30000001192092896,-0.30000001192092896,-0.299900661325238
1.2999999523162842,0.42180790821701053,-0.30000001192092896,0.3103092908859253,0.5222222208976746,-0.30000001192092896,-0.30000001192092896,-0.30000001192092896,-0.30000001192092896,-0.30000001192092896,-0.30000001192092896,0.30000001192092896,-0.30000001192092896,0.30000001192092896,-0.30000001192092896,-0.299901104925238
1.2999999523162842,0.3321193202170105,-0.30000001192092896,0.3103092908859253,0.3598290588976746,-0.30000001192092896,-0.26774194692092895,-0.28989900192092893,-0.30000001192092896,-0.30000001192092896,-0.30000001192092896,0.7278074989209289,-0.30000001192092896,0.30000001192092896,-0.30000001192092896,-0.29983879052523804
1.2999999523162842,0.3630396192170105,-0.30000001192092896,0.3103092908859253,0.33418803289767457,-0.30000001192092896,-0.19516130192092895,-0.16868688092092896,-0.30000001192092896,-0.30000001192092896,-0.30000001192092896,0.30000001192092896,-0.30000001192092896,0.30000001192092896,-0.30000001192092896,-0.29985475752523805
1.2999999523162842,0.3021508242170105,-0.30000001192092896,0.3103092908859253,0.3256410248976746,-0.30000001192092896,-0.017741946920928953,-0.28989900192092893,-0.30000001192092896,-0.30000001192092896,-0.30000001192092896,1.142246000920929,-0.24190872592092896,1.0829122709209291,-0.30000001192092896,-0.253191946525238
1.2999999523162842,0.42271669621701047,-0.30000001192092896,0.3103092908859253,0.5222222208976746,-0.30000001192092896,-0.30000001192092896,-0.30000001192092896,-0.30000001192092896,-0.30000001192092896,-0.30000001192092896,0.30000001192092896,-0.30000001192092896,0.30000001192092896,-0.30000001192092896,-0.299901104925238
1.2999999523162842,0.3633425482170105,-0.30000001192092896,0.3103092908859253,0.4965811958976746,-0.30000001192092896,-0.30000001192092896,-0.30000001192092896,-0.30000001192092896,-0.30000001192092896,-0.30000001192092896,0.30000001192092896,-0.30000001192092896,0.30000001192092896,-0.30000001192092896,-0.28987181952523805
1.2999999523162842,0.5135954942170105,-0.30000001192092896,0.3103092908859253,0.5222222208976746,-0.30000001192092896,-0.30000001192092896,-0.30000001192092896,-0.30000001192092896,-0.30000001192092896,-0.30000001192092896,0.30000001192092896,-0.295850633920929,0.905518600920929,-0.30000001192092896,-0.29896993752523804
1.2999999523162842,0.3911866002170105,-0.30000001192092896,0.5474226928859254,0.5393162378976746,-0.30000001192092896,-0.30000001192092896,-0.30000001192092896,-0.30000001192092896,-0.30000001192092896,-0.30000001192092896,0.30000001192092896,-0.24605810292092894,0.572031290920929,-0.30000001192092896,-0.29515146452523805
1.2999999523162842,0.33029568521701047,-0.30000001192092896,0.3103092908859253,0.3256410248976746,-0.30000001192092896,-0.25161291492092897,-0.28989900192092893,-0.30000001192092896,-0.30000001192092896,-0.30000001192092896,0.825401081920929,-0.30000001192092896,0.30000001192092896,-0.30000001192092896,-0.29983967752523805
1.2999999523162842,0.5423737802170105,-0.30000001192092896,0.3103092908859253,0.3769230758976746,-0.30000001192092896,-0.30000001192092896,-0.30000001192092896,-0.30000001192092896,-0.30000001192092896,-0.30000001192092896,0.30000001192092896,-0.30000001192092896,0.30000001192092896,-0.30000001192092896,-0.29990487482523803
1.2999999523162842,0.4221044762170105,-0.30000001192092896,0.3103092908859253,0.3683760668976746,-0.30000001192092896,-0.22741936692092896,-0.20909092092092896,-0.30000001192092896,-0.30000001192092896,-0.30000001192092896,0.30000001192092896,-0.30000001192092896,0.30000001192092896,-0.30000001192092896,-0.299856309525238
1.2999999523162842,0.3015322432170105,-0.30000001192092896,0.3103092908859253,0.34273504189767456,-0.30000001192092896,-0.13064517292092895,-0.28989900192092893,-0.30000001192092896,-0.30000001192092896,-0.30000001192092896,1.072058835920929,-0.30000001192092896,0.30000001192092896,-0.30000001192092896,-0.29984056452523805
1.2999999523162842,0.3621308312170105,-0.30000001192092896,0.3103092908859253,0.5222222208976746,-0.30000001192092896,-0.30000001192092896,-0.30000001192092896,-0.30000001192092896,-0.30000001192092896,-0.30000001192092896,0.30000001192092896,-0.30000001192092896,0.30000001192092896,-0.30000001192092896,-0.29513838052523805
1.2999999523162842,0.5123837772170106,-0.30000001192092896,0.3103092908859253,0.5222222208976746,-0.30000001192092896,-0.30000001192092896,-0.30000001192092896,-0.30000001192092896,-0.30000001192092896,-0.30000001192092896,0.30000001192092896,-0.30000001192092896,0.30000001192092896,-0.30000001192092896,-0.29990088312523805
1.2999999523162842,0.4514868032170105,-0.30000001192092896,0.4134020748859253,0.5393162378976746,-0.30000001192092896,-0.30000001192092896,-0.30000001192092896,-0.30000001192092896,-0.30000001192092896,-0.30000001192092896,0.30000001192092896,-0.24605810292092894,0.973676295920929,-0.30000001192092896,-0.29513926752523806
1.2999999523162842,0.4230196262170105,-0.30000001192092896,0.3103092908859253,0.5222222208976746,-0.30000001192092896,-0.30000001192092896,-0.30000001192092896,-0.30000001192092896,-0.30000001192092896,-0.30000001192092896,0.30000001192092896,-0.295850633920929,0.8573142639209289,-0.30000001192092896,-0.29903846152523805
1.2999999523162842,0.3912120462170105,-0.30000001192092896,0.3103092908859253,0.5136752128976746,-0.30000001192092896,-0.30000001192092896,-0.30000001192092896,-0.30000001192092896,-0.30000001192092896,-0.30000001192092896,0.30000001192092896,-0.30000001192092896,0.30000001192092896,-0.30000001192092896,-0.299507038525238
1.2999999523162842,0.3318378982170105,-0.30000001192092896,0.3103092908859253,0.46239316089767457,-0.30000001192092896,-0.24354839892092894,-0.28989900192092893,-0.30000001192092896,-0.30000001192092896,-0.30000001192092896,0.7451871779209289,-0.15892117392092894,0.860955634920929,-0.30000001192092896,-0.25127483752523805
1.2999999523162842,0.4230196262170105,-0.30000001192092896,0.3103092908859253,0.5222222208976746,-0.30000001192092896,-0.30000001192092896,-0.30000001192092896,-0.30000001192092896,-0.30000001192092896,-0.30000001192092896,0.30000001192092896,-0.30000001192092896,0.30000001192092896,-0.30000001192092896,-0.29903846152523805
1.2999999523162842,0.3606080052170105,-0.30000001192092896,0.3824742398859253,0.5393162378976746,-0.30000001192092896,-0.30000001192092896,-0.30000001192092896,-0.30000001192092896,-0.30000001192092896,-0.30000001192092896,0.30000001192092896,-0.24605810292092894,0.973676295920929,-0.30000001192092896,-0.295486986525238
1.2999999523162842,0.3612190142170105,-0.30000001192092896,0.3103092908859253,0.2999999988976746,-0.30000001192092896,-0.30000001192092896,-0.30000001192092896,-0.30000001192092896,-0.30000001192092896,-0.30000001192092896,0.30000001192092896,-0.30000001192092896,0.30000001192092896,-0.30000001192092896,-0.299869836525238
1.2999999523162842,0.3612220432170105,-0.30000001192092896,0.3103092908859253,0.3512820498976746,-0.30000001192092896,-0.27580646392092895,-0.28989900192092893,-0.30000001192092896,-0.30000001192092896,-0.30000001192092896,0.6629679259209289,-0.30000001192092896,0.30000001192092896,-0.30000001192092896,-0.299859857525238
1.2999999523162842,0.4239284142170105,-0.30000001192092896,0.3103092908859253,0.5136752128976746,-0.30000001192092896,-0.30000001192092896,-0.30000001192092896,-0.30000001192092896,-0.30000001192092896,-0.30000001192092896,0.30000001192092896,-0.30000001192092896,0.30000001192092896,-0.30000001192092896,-0.299118516525238
1.2999999523162842,0.4221108382170105,-0.30000001192092896,0.3103092908859253,0.5222222208976746,-0.30000001192092896,-0.30000001192092896,-0.30000001192092896,-0.30000001192092896,-0.30000001192092896,-0.30000001192092896,0.30000001192092896,-0.30000001192092896,0.30000001192092896,-0.30000001192092896,-0.29990088312523805
1.2999999523162842,0.3039453782170105,-0.30000001192092896,0.3103092908859253,0.3256410248976746,-0.30000001192092896,-0.08225807692092896,-0.28989900192092893,-0.30000001192092896,-0.30000001192092896,-0.30000001192092896,1.112165786920929,-0.18381743892092894,0.860955634920929,-0.30000001192092896,-0.24831745552523804
1.2999999523162842,0.4820908442170105,-0.30000001192092896,0.3103092908859253,0.5222222208976746,-0.30000001192092896,-0.30000001192092896,-0.30000001192092896,-0.30000001192092896,-0.30000001192092896,-0.30000001192092896,0.30000001192092896,-0.295850633920929,1.072055110920929,-0.30000001192092896,-0.29953719752523805
1.2999999523162842,1.1485353632170106,-0.30000001192092896,0.3103092908859253,0.3769230758976746,-0.30000001192092896,-0.30000001192092896,-0.30000001192092896,-0.30000001192092896,-0.30000001192092896,-0.30000001192092896,0.30000001192092896,-0.30000001192092896,0.30000001192092896,-0.30000001192092896,-0.29984278252523805
1.2999999523162842,0.4527067002170105,-0.30000001192092896,0.3103092908859253,0.5307692298976746,-0.30000001192092896,-0.30000001192092896,-0.30000001192092896,-0.30000001192092896,-0.30000001192092896,-0.30000001192092896,0.30000001192092896,-0.295850633920929,0.846887934920929,-0.30000001192092896,-0.29902072052523804
1.2999999523162842,0.6029560102170105,-0.30000001192092896,0.3103092908859253,0.3769230758976746,-0.30000001192092896,-0.30000001192092896,-0.30000001192092896,-0.30000001192092896,-0.30000001192092896,-0.30000001192092896,0.30000001192092896,-0.30000001192092896,0.30000001192092896,-0.30000001192092896,-0.29990465302523805
1.2999999523162842,0.45149498221701045,-0.30000001192092896,0.3103092908859253,0.5136752128976746,-0.30000001192092896,-0.30000001192092896,-0.30000001192092896,-0.30000001192092896,-0.30000001192092896,-0.30000001192092896,0.30000001192092896,-0.30000001192092896,0.30000001192092896,-0.30000001192092896,-0.29889476152523803
1.2999999523162842,0.42150497921701047,-0.30000001192092896,0.3103092908859253,0.41965811889767457,-0.30000001192092896,-0.27580646392092895,-0.28989900192092893,-0.30000001192092896,-0.30000001192092896,-0.30000001192092896,0.6622994769209289,-0.30000001192092896,0.30000001192092896,-0.30000001192092896,-0.299856309525238
1.2999999523162842,0.3930296222170105,-0.30000001192092896,0.3103092908859253,0.3683760668976746,-0.30000001192092896,-0.21129033492092897,-0.28989900192092893,-0.30000001192092896,-0.30000001192092896,-0.30000001192092896,0.9497326319209289,-0.30000001192092896,0.30000001192092896,-0.30000001192092896,-0.299856087525238
1.2999999523162842,0.4833025622170105,-0.30000001192092896,0.3103092908859253,0.5222222208976746,-0.30000001192092896,-0.30000001192092896,-0.30000001192092896,-0.30000001192092896,-0.30000001192092896,-0.30000001192092896,0.30000001192092896,-0.2875518789209289,0.973676295920929,-0.30000001192092896,-0.29896018052523804
1.2999999523162842,0.4817879152170105,-0.30000001192092896,0.3103092908859253,0.5307692298976746,-0.30000001192092896,-0.30000001192092896,-0.30000001192092896,-0.30000001192092896,-0.30000001192092896,-0.30000001192092896,0.30000001192092896,-0.30000001192092896,0.30000001192092896,-0.30000001192092896,-0.299395937525238
1.2999999523162842,0.5732725722170104,-0.30000001192092896,0.3103092908859253,0.5222222208976746,-0.30000001192092896,-0.30000001192092896,-0.30000001192092896,-0.30000001192092896,-0.30000001192092896,-0.30000001192092896,0.30000001192092896,-0.30000001192092896,0.30000001192092896,-0.30000001192092896,-0.299900661325238
1.2999999523162842,0.3608906382170105,-0.30000001192092896,0.3103092908859253,0.33418803289767457,-0.30000001192092896,-0.16290323792092895,-0.28989900192092893,-0.30000001192092896,-0.30000001192092896,-0.30000001192092896,1.038636375920929,-0.30000001192092896,0.30000001192092896,-0.30000001192092896,-0.299844556525238
1.2999999523162842,0.3912120462170105,-0.30000001192092896,0.3103092908859253,0.3769230758976746,-0.30000001192092896,-0.29193549592092893,-0.28989900192092893,-0.30000001192092896,-0.30000001192092896,-0.30000001192092896,0.4610962689209289,0.699999988079071,0.695747523920929,-0.30000001192092896,-0.23666821852523803
1.2999999523162842,0.45147498921701046,-0.30000001192092896,0.5061855798859253,0.5393162378976746,-0.30000001192092896,-0.30000001192092896,-0.30000001192092896,-0.30000001192092896,-0.30000001192092896,-0.30000001192092896,0.30000001192092896,-0.24605810292092894,1.119382977920929,-0.30000001192092896,-0.29448574352523804
0.2999999523162842,0.3048535602170105,-0.29812895492092895,0.3000000128859253,0.3170940158976746,0.699999988079071,-0.30000001192092896,-0.30000001192092896,0.699999988079071,-0.26969698192092895,0.01535268507907106,0.30000001192092896,-0.30000001192092896,0.30000001192092896,-0.16666667892092896,-0.297153950525238
1.2999999523162842,0.4224137672170105,-0.30000001192092896,0.3103092908859253,0.5136752128976746,-0.30000001192092896,-0.30000001192092896,-0.30000001192092896,-0.30000001192092896,-0.30000001192092896,-0.30000001192092896,0.30000001192092896,-0.30000001192092896,0.30000001192092896,-0.30000001192092896,-0.29990088312523805
1.2999999523162842,0.4521008412170105,-0.30000001192092896,0.3103092908859253,0.5222222208976746,-0.30000001192092896,-0.30000001192092896,-0.30000001192092896,-0.30000001192092896,-0.30000001192092896,-0.30000001192092896,0.30000001192092896,-0.30000001192092896,0.30000001192092896,-0.30000001192092896,-0.299897113525238
1.2999999523162842,0.8150101742170105,-0.30000001192092896,0.3103092908859253,0.3769230758976746,-0.30000001192092896,-0.30000001192092896,-0.30000001192092896,-0.30000001192092896,-0.30000001192092896,-0.30000001192092896,0.30000001192092896,-0.30000001192092896,0.30000001192092896,-0.30000001192092896,-0.29968999052523804
1.2999999523162842,0.3321350722170105,-0.30000001192092896,0.4134020748859253,0.4794871778976746,-0.30000001192092896,-0.28387097992092897,-0.28989900192092893,-0.30000001192092896,-0.30000001192092896,-0.30000001192092896,0.574064182920929,0.554771772079071,1.0881057259209288,-0.30000001192092896,-0.20308587852523802
1.2999999523162842,0.6941413732170105,-0.30000001192092896,0.3103092908859253,0.3769230758976746,-0.30000001192092896,-0.30000001192092896,-0.30000001192092896,-0.30000001192092896,-0.30000001192092896,-0.30000001192092896,0.30000001192092896,-0.30000001192092896,0.30000001192092896,-0.30000001192092896,-0.29990487482523803
1.2999999523162842,0.3309291102170105,-0.30000001192092896,0.3103092908859253,0.33418803289767457,-0.30000001192092896,-0.17096775392092894,-0.28989900192092893,-0.30000001192092896,-0.30000001192092896,-0.30000001192092896,1.0272727389209289,-0.13817428592092895,1.159883051920929,-0.30000001192092896,-0.25230579652523805
1.2999999523162842,0.3315101292170105,-0.30000001192092896,0.3412371258859253,0.5393162378976746,-0.30000001192092896,-0.30000001192092896,-0.30000001192092896,0.699999988079071,-0.30000001192092896,-0.30000001192092896,0.30000001192092896,-0.24605810292092894,0.713624865920929,-0.30000001192092896,-0.27003145952523805
1.2999999523162842,0.3612078052170105,-0.30000001192092896,0.4340206318859253,0.5393162378976746,-0.30000001192092896,-0.30000001192092896,-0.30000001192092896,-0.30000001192092896,-0.30000001192092896,-0.30000001192092896,0.30000001192092896,-0.24605810292092894,1.0696440369209288,-0.30000001192092896,-0.271842123525238
1.2999999523162842,0.3624101322170105,-0.30000001192092896,0.3103092908859253,0.3256410248976746,-0.30000001192092896,-0.13064517292092895,-0.28989900192092893,-0.30000001192092896,-0.30000001192092896,-0.30000001192092896,1.072058835920929,-0.30000001192092896,0.30000001192092896,-0.30000001192092896,-0.299844777525238
1.2999999523162842,0.3306180022170105,-0.30000001192092896,0.3721649608859253,0.4709401698976746,-0.30000001192092896,-0.30000001192092896,-0.30000001192092896,0.699999988079071,-0.30000001192092896,-0.30000001192092896,0.30000001192092896,-0.24605810292092894,0.973676295920929,-0.30000001192092896,-0.273484695525238
1.2999999523162842,0.45149498221701045,-0.30000001192092896,0.3103092908859253,0.5136752128976746,-0.30000001192092896,-0.30000001192092896,-0.30000001192092896,-0.30000001192092896,-0.30000001192092896,-0.30000001192092896,0.30000001192092896,-0.30000001192092896,0.30000001192092896,-0.30000001192092896,-0.29990088312523805
1.2999999523162842,0.6335555082170106,-0.30000001192092896,0.3103092908859253,0.5136752128976746,-0.30000001192092896,-0.30000001192092896,-0.30000001192092896,-0.30000001192092896,-0.30000001192092896,-0.30000001192092896,0.30000001192092896,-0.30000001192092896,0.30000001192092896,-0.30000001192092896,-0.29922052552523803
1.2999999523162842,0.3909091172170105,-0.30000001192092896,0.3103092908859253,0.33418803289767457,-0.30000001192092896,-0.30000001192092896,-0.30000001192092896,-0.30000001192092896,-0.30000001192092896,-0.30000001192092896,0.30000001192092896,-0.295850633920929,1.0424097209209289,-0.30000001192092896,-0.297756470525238
1.2999999523162842,0.3324419392170105,-0.30000001192092896,0.3103092908859253,0.3769230758976746,-0.30000001192092896,-0.25161291492092897,-0.28989900192092893,-0.30000001192092896,-0.30000001192092896,-0.30000001192092896,0.8247326319209289,-0.026141090920928978,0.7584912959209289,-0.30000001192092896,-0.25281451152523804
1.2999999523162842,0.3639196292170105,-0.30000001192092896,0.3103092908859253,0.3170940158976746,-0.30000001192092896,-0.009677430920928931,-0.28989900192092893,-0.30000001192092896,-0.30000001192092896,-0.30000001192092896,1.120187177920929,-0.22531121492092895,0.981370357920929,-0.30000001192092896,-0.256166403525238
1.2999999523162842,0.4224137672170105,-0.30000001192092896,0.3103092908859253,0.5222222208976746,-0.30000001192092896,-0.30000001192092896,-0.30000001192092896,-0.30000001192092896,-0.30000001192092896,-0.30000001192092896,0.30000001192092896,-0.30000001192092896,0.30000001192092896,-0.30000001192092896,-0.29939992852523806
1.2999999523162842,0.3612220432170105,-0.30000001192092896,0.3103092908859253,0.3085470078976746,-0.30000001192092896,-0.17903226992092897,-0.14848485992092897,-0.30000001192092896,-0.30000001192092896,-0.30000001192092896,0.30000001192092896,-0.30000001192092896,0.30000001192092896,-0.30000001192092896,-0.27819508452523806
1.2999999523162842,1.1182424302170104,-0.30000001192092896,0.3103092908859253,0.3769230758976746,-0.30000001192092896,-0.30000001192092896,-0.30000001192092896,-0.30000001192092896,-0.30000001192092896,-0.30000001192092896,0.30000001192092896,-0.30000001192092896,0.30000001192092896,-0.30000001192092896,-0.299904431225238
1.2999999523162842,0.3036557772170105,-0.30000001192092896,0.3103092908859253,0.33418803289767457,-0.30000001192092896,-0.13064517292092895,-0.08787879992092895,-0.30000001192092896,-0.30000001192092896,-0.30000001192092896,0.30000001192092896,-0.30000001192092896,0.30000001192092896,-0.30000001192092896,-0.29983901252523804
1.2999999523162842,0.3000291074170105,-0.30000001192092896,0.3103092908859253,0.2999999988976746,-0.30000001192092896,0.05483869807907105,-0.28989900192092893,-0.30000001192092896,-0.30000001192092896,-0.30000001192092896,1.1529411879209288,-0.30000001192092896,0.30000001192092896,-0.30000001192092896,-0.299949004925238
1.2999999523162842,1.1179382892170104,-0.30000001192092896,0.3103092908859253,0.3769230758976746,-0.30000001192092896,-0.30000001192092896,-0.30000001192092896,-0.30000001192092896,-0.30000001192092896,-0.30000001192092896,0.30000001192092896,-0.30000001192092896,0.30000001192092896,-0.30000001192092896,-0.29972591552523803
1.2999999523162842,0.4230196262170105,-0.30000001192092896,0.3103092908859253,0.38547008389767456,-0.30000001192092896,-0.25161291492092897,-0.23939395092092897,-0.30000001192092896,-0.30000001192092896,-0.30000001192092896,0.30000001192092896,-0.30000001192092896,0.30000001192092896,-0.30000001192092896,-0.29985475752523805
1.2999999523162842,0.3333249782170105,-0.30000001192092896,0.3103092908859253,0.34273504189767456,-0.30000001192092896,-0.25967743092092893,-0.28989900192092893,-0.30000001192092896,-0.30000001192092896,-0.30000001192092896,0.7812834339209289,-0.30000001192092896,0.30000001192092896,-0.30000001192092896,-0.25072487452523806
1.2999999523162842,0.5423737802170105,-0.30000001192092896,0.3103092908859253,0.5051282038976745,-0.30000001192092896,-0.30000001192092896,-0.30000001192092896,-0.30000001192092896,-0.30000001192092896,-0.30000001192092896,0.30000001192092896,-0.2875518789209289,0.869510518920929,-0.30000001192092896,-0.298923589525238
1.2999999523162842,0.4239284142170105,-0.30000001192092896,0.3103092908859253,0.5222222208976746,-0.30000001192092896,-0.30000001192092896,-0.30000001192092896,-0.30000001192092896,-0.30000001192092896,-0.30000001192092896,0.30000001192092896,-0.30000001192092896,0.30000001192092896,-0.30000001192092896,-0.29910964552523805
1.2999999523162842,0.3608960912170105,-0.30000001192092896,0.3103092908859253,0.3769230758976746,-0.30000001192092896,-0.30000001192092896,-0.30000001192092896,-0.30000001192092896,-0.30000001192092896,-0.30000001192092896,0.30000001192092896,-0.2875518789209289,0.860955634920929,-0.30000001192092896,-0.299470448525238
1.2999999523162842,0.4820908442170105,-0.30000001192092896,0.3103092908859253,0.5307692298976746,-0.30000001192092896,-0.30000001192092896,-0.30000001192092896,-0.30000001192092896,-0.30000001192092896,-0.30000001192092896,0.30000001192092896,-0.30000001192092896,0.30000001192092896,-0.30000001192092896,-0.29990088312523805
1.2999999523162842,0.4224137672170105,-0.30000001192092896,0.3103092908859253,0.5222222208976746,-0.30000001192092896,-0.30000001192092896,-0.30000001192092896,-0.30000001192092896,-0.30000001192092896,-0.30000001192092896,0.30000001192092896,-0.30000001192092896,0.30000001192092896,-0.30000001192092896,-0.299256450525238
1.2999999523162842,0.3027454742170105,-0.30000001192092896,0.3103092908859253,0.3512820498976746,-0.30000001192092896,0.16774192307907104,-0.28989900192092893,-0.30000001192092896,-0.30000001192092896,-0.30000001192092896,1.1529411879209288,-0.30000001192092896,0.30000001192092896,-0.30000001192092896,-0.29984256052523806
1.2999999523162842,0.48239377421701046,-0.30000001192092896,0.3103092908859253,0.5136752128976746,-0.30000001192092896,-0.30000001192092896,-0.30000001192092896,-0.30000001192092896,-0.30000001192092896,-0.30000001192092896,0.30000001192092896,-0.30000001192092896,0.30000001192092896,-0.30000001192092896,-0.299073720525238
1.2999999523162842,0.4224137672170105,-0.30000001192092896,0.3103092908859253,0.5136752128976746,-0.30000001192092896,-0.30000001192092896,-0.30000001192092896,-0.30000001192092896,-0.30000001192092896,-0.30000001192092896,0.30000001192092896,-0.30000001192092896,0.30000001192092896,-0.30000001192092896,-0.299870723525238
1.2999999523162842,0.8758989692170105,-0.30000001192092896,0.3103092908859253,0.3769230758976746,-0.30000001192092896,-0.30000001192092896,-0.30000001192092896,-0.30000001192092896,-0.30000001192092896,-0.30000001192092896,0.30000001192092896,-0.30000001192092896,0.30000001192092896,-0.30000001192092896,-0.29973811152523805
1.2999999523162842,0.42208751221701046,-0.30000001192092896,0.3103092908859253,0.4367521358976746,-0.30000001192092896,-0.29193549592092893,-0.28989900192092893,-0.30000001192092896,-0.30000001192092896,-0.30000001192092896,0.460427818920929,0.21452281007907104,1.026060097920929,-0.30000001192092896,-0.259314498525238
1.2999999523162842,0.3039684002170105,-0.30000001192092896,0.3103092908859253,0.3085470078976746,-0.30000001192092896,0.11935482707907102,-0.28989900192092893,-0.30000001192092896,-0.30000001192092896,-0.30000001192092896,1.168983968920929,-0.30000001192092896,0.30000001192092896,-0.30000001192092896,-0.29983812552523803
1.2999999523162842,0.4530096292170105,-0.30000001192092896,0.3103092908859253,0.5307692298976746,-0.30000001192092896,-0.30000001192092896,-0.30000001192092896,-0.30000001192092896,-0.30000001192092896,-0.30000001192092896,0.30000001192092896,-0.30000001192092896,0.30000001192092896,-0.30000001192092896,-0.29889476152523803
1.2999999523162842,0.4817785242170105,-0.30000001192092896,0.33092784788592533,0.5393162378976746,-0.30000001192092896,-0.30000001192092896,-0.30000001192092896,-0.30000001192092896,-0.30000001192092896,-0.30000001192092896,0.30000001192092896,-0.24605810292092894,0.765188056920929,-0.30000001192092896,-0.29514569852523803
1.2999999523162842,0.5120808482170105,-0.30000001192092896,0.3103092908859253,0.5222222208976746,-0.30000001192092896,-0.30000001192092896,-0.30000001192092896,-0.30000001192092896,-0.30000001192092896,-0.30000001192092896,0.30000001192092896,-0.30000001192092896,0.30000001192092896,-0.30000001192092896,-0.299354911525238
1.2999999523162842,0.42180790821701053,-0.30000001192092896,0.3103092908859253,0.5222222208976746,-0.30000001192092896,-0.30000001192092896,-0.30000001192092896,-0.30000001192092896,-0.30000001192092896,-0.30000001192092896,0.30000001192092896,-0.295850633920929,1.104964719920929,-0.30000001192092896,-0.299063963525238
1.2999999523162842,0.3336554742170105,-0.30000001192092896,0.3103092908859253,0.3598290588976746,-0.30000001192092896,-0.23548388292092895,-0.21919193092092895,-0.30000001192092896,-0.30000001192092896,-0.30000001192092896,0.30000001192092896,-0.30000001192092896,0.30000001192092896,-0.30000001192092896,-0.29985054352523804
1.2999999523162842,0.4826967032170105,-0.30000001192092896,0.3103092908859253,0.5222222208976746,-0.30000001192092896,-0.30000001192092896,-0.30000001192092896,-0.30000001192092896,-0.30000001192092896,-0.30000001192092896,0.30000001192092896,-0.295850633920929,1.088932179920929,-0.30000001192092896,-0.29975407852523805
1.2999999523162842,0.3917936712170105,-0.30000001192092896,0.3103092908859253,0.3598290588976746,-0.30000001192092896,-0.19516130192092895,-0.16868688092092896,-0.30000001192092896,-0.30000001192092896,-0.30000001192092896,0.30000001192092896,-0.30000001192092896,0.30000001192092896,-0.30000001192092896,-0.299857418525238
1.2999999523162842,0.3608897292170105,-0.30000001192092896,0.3103092908859253,0.3256410248976746,-0.30000001192092896,-0.18709678592092896,-0.15858587092092896,-0.30000001192092896,-0.30000001192092896,-0.30000001192092896,0.30000001192092896,-0.30000001192092896,0.30000001192092896,-0.30000001192092896,-0.28649486852523803
1.2999999523162842,0.3033625422170105,-0.30000001192092896,0.3103092908859253,0.2999999988976746,-0.30000001192092896,-0.30000001192092896,-0.30000001192092896,-0.30000001192092896,-0.30000001192092896,-0.30000001192092896,0.30066846092092897,-0.30000001192092896,0.30000001192092896,-0.30000001192092896,-0.299870723525238
1.2999999523162842,0.5729696422170105,-0.30000001192092896,0.3103092908859253,0.5222222208976746,-0.30000001192092896,-0.30000001192092896,-0.30000001192092896,-0.30000001192092896,-0.30000001192092896,-0.30000001192092896,0.30000001192092896,-0.30000001192092896,0.30000001192092896,-0.30000001192092896,-0.29990132662523805
1.2999999523162842,0.5129896362170105,-0.30000001192092896,0.3103092908859253,0.5307692298976746,-0.30000001192092896,-0.30000001192092896,-0.30000001192092896,-0.30000001192092896,-0.30000001192092896,-0.30000001192092896,0.30000001192092896,-0.30000001192092896,0.30000001192092896,-0.30000001192092896,-0.29990088312523805
1.2999999523162842,0.8453031072170105,-0.30000001192092896,0.3103092908859253,0.3769230758976746,-0.30000001192092896,-0.30000001192092896,-0.30000001192092896,-0.30000001192092896,-0.30000001192092896,-0.30000001192092896,0.30000001192092896,-0.30000001192092896,0.30000001192092896,-0.30000001192092896,-0.29990487482523803
1.2999999523162842,0.3618279022170105,-0.30000001192092896,0.3103092908859253,0.3940170928976746,-0.30000001192092896,-0.27580646392092895,-0.26969698192092895,-0.30000001192092896,-0.30000001192092896,-0.30000001192092896,0.6268716699209289,0.42614106707907107,0.721141444920929,-0.30000001192092896,-0.24785619552523802
1.2999999523162842,0.5435615662170105,-0.30000001192092896,0.3103092908859253,0.5222222208976746,-0.30000001192092896,-0.30000001192092896,-0.30000001192092896,-0.30000001192092896,-0.30000001192092896,-0.30000001192092896,0.30000001192092896,-0.30000001192092896,0.30000001192092896,-0.30000001192092896,-0.29914867552523805
1.2999999523162842,0.4826739832170105,-0.30000001192092896,0.3103092908859253,0.5051282038976745,-0.30000001192092896,-0.30000001192092896,-0.30000001192092896,-0.30000001192092896,-0.30000001192092896,-0.30000001192092896,0.30000001192092896,-0.30000001192092896,0.30000001192092896,-0.30000001192092896,-0.299900217825238
1.2999999523162842,0.3302932622170105,-0.30000001192092896,0.3103092908859253,0.3512820498976746,-0.30000001192092896,0.05483869807907105,-0.28989900192092893,-0.30000001192092896,-0.30000001192092896,-0.30000001192092896,1.148262043920929,-0.27510374592092895,0.9747591699209289,-0.30000001192092896,-0.26247722952523805
1.2999999523162842,0.3909091172170105,-0.30000001192092896,0.3103092908859253,0.5307692298976746,-0.30000001192092896,-0.30000001192092896,-0.30000001192092896,-0.30000001192092896,-0.30000001192092896,-0.30000001192092896,0.30000001192092896,-0.30000001192092896,0.30000001192092896,-0.30000001192092896,-0.29932453052523805
1.2999999523162842,0.4527067002170105,-0.30000001192092896,0.3103092908859253,0.5136752128976746,-0.30000001192092896,-0.30000001192092896,-0.30000001192092896,-0.30000001192092896,-0.30000001192092896,-0.30000001192092896,0.30000001192092896,-0.30000001192092896,0.30000001192092896,-0.30000001192092896,-0.29126779452523804
1.2999999523162842,1.0573306132170104,-0.30000001192092896,0.3103092908859253,0.3769230758976746,-0.30000001192092896,-0.30000001192092896,-0.30000001192092896,-0.30000001192092896,-0.30000001192092896,-0.30000001192092896,0.30000001192092896,-0.295850633920929,0.860955634920929,-0.30000001192092896,-0.29975940052523803
1.2999999523162842,0.3618279022170105,-0.30000001192092896,0.3103092908859253,0.3085470078976746,-0.30000001192092896,-0.24354839892092894,-0.28989900192092893,-0.30000001192092896,-0.30000001192092896,-0.30000001192092896,0.861497337920929,-0.30000001192092896,0.30000001192092896,-0.30000001192092896,-0.271417898525238
1.2999999523162842,0.3911826622170105,-0.30000001192092896,0.3103092908859253,0.3769230758976746,-0.30000001192092896,-0.27580646392092895,-0.28989900192092893,-0.30000001192092896,-0.30000001192092896,-0.30000001192092896,0.6629679259209289,0.06929459407907107,0.721907532920929,-0.30000001192092896,-0.25959258452523803
1.2999999523162842,0.3909091172170105,-0.30000001192092896,0.3103092908859253,0.5222222208976746,-0.30000001192092896,-0.30000001192092896,-0.30000001192092896,-0.30000001192092896,-0.30000001192092896,-0.30000001192092896,0.30000001192092896,-0.30000001192092896,0.30000001192092896,-0.30000001192092896,-0.29978024652523805
1.2999999523162842,0.4236254842170105,-0.30000001192092896,0.3103092908859253,0.5051282038976745,-0.30000001192092896,-0.30000001192092896,-0.30000001192092896,-0.30000001192092896,-0.30000001192092896,-0.30000001192092896,0.30000001192092896,-0.30000001192092896,0.30000001192092896,-0.30000001192092896,-0.291268902525238
1.2999999523162842,0.3927230582170105,-0.30000001192092896,0.3103092908859253,0.3256410248976746,-0.30000001192092896,-0.27580646392092895,-0.26969698192092895,-0.30000001192092896,-0.30000001192092896,-0.30000001192092896,0.30000001192092896,-0.30000001192092896,0.30000001192092896,-0.30000001192092896,-0.299854091525238
1.2999999523162842,0.3912108352170105,-0.30000001192092896,0.4237113528859253,0.5393162378976746,-0.30000001192092896,-0.30000001192092896,-0.30000001192092896,-0.30000001192092896,-0.30000001192092896,-0.30000001192092896,0.30000001192092896,-0.24605810292092894,0.808402569920929,-0.30000001192092896,-0.29550450552523805
1.2999999523162842,0.3621308312170105,-0.30000001192092896,0.3103092908859253,0.4367521358976746,-0.30000001192092896,-0.29193549592092893,-0.28989900192092893,-0.30000001192092896,-0.30000001192092896,-0.30000001192092896,0.4610962689209289,-0.30000001192092896,0.30000001192092896,-0.30000001192092896,-0.282635148525238
1.2999999523162842,0.3921208342170105,-0.30000001192092896,0.3103092908859253,0.4880341868976746,-0.30000001192092896,-0.30000001192092896,-0.30000001192092896,0.699999988079071,-0.30000001192092896,-0.30000001192092896,0.30000001192092896,-0.30000001192092896,0.30000001192092896,-0.30000001192092896,-0.285149677525238
1.2999999523162842,0.3327466862170105,-0.30000001192092896,0.3103092908859253,0.3512820498976746,-0.30000001192092896,-0.21935485092092893,-0.28989900192092893,-0.30000001192092896,-0.30000001192092896,-0.30000001192092896,0.9417112419209289,-0.12157677492092894,0.751065240920929,-0.30000001192092896,-0.25136043652523804
1.2999999523162842,0.3303232522170105,-0.30000001192092896,0.3103092908859253,0.33418803289767457,-0.30000001192092896,-0.27580646392092895,-0.28989900192092893,-0.30000001192092896,-0.30000001192092896,-0.30000001192092896,0.654278086920929,-0.26265561392092895,0.888830948920929,-0.30000001192092896,-0.292928992525238
1.2999999523162842,0.4829996322170105,-0.30000001192092896,0.3103092908859253,0.5136752128976746,-0.30000001192092896,-0.30000001192092896,-0.30000001192092896,-0.30000001192092896,-0.30000001192092896,-0.30000001192092896,0.30000001192092896,-0.2875518789209289,0.940819772920929,-0.30000001192092896,-0.299367330525238
1.2999999523162842,0.5432825682170105,-0.30000001192092896,0.3103092908859253,0.5222222208976746,-0.30000001192092896,-0.30000001192092896,-0.30000001192092896,-0.30000001192092896,-0.30000001192092896,-0.30000001192092896,0.30000001192092896,-0.29170125692092896,0.979299344920929,-0.30000001192092896,-0.29922052552523803
1.2999999523162842,0.3000221400170105,-0.30000001192092896,0.3618556828859253,0.2999999988976746,-0.30000001192092896,0.03870966507907103,-0.28989900192092893,-0.30000001192092896,-0.30000001192092896,-0.30000001192092896,1.142246000920929,-0.17551868392092895,0.973676295920929,-0.30000001192092896,-0.24711973352523803
1.2999999523162842,0.39242376421701053,-0.30000001192092896,0.3103092908859253,0.33418803289767457,-0.30000001192092896,-0.15483872192092896,-0.11818182992092896,-0.30000001192092896,-0.30000001192092896,-0.30000001192092896,0.30000001192092896,-0.30000001192092896,0.30000001192092896,-0.30000001192092896,-0.29985564452523805
1.2999999523162842,0.3330414362170105,-0.30000001192092896,0.3103092908859253,0.33418803289767457,-0.30000001192092896,-0.16290323792092895,-0.12828283992092895,-0.30000001192092896,-0.30000001192092896,-0.30000001192092896,0.30000001192092896,-0.30000001192092896,0.30000001192092896,-0.30000001192092896,-0.29984566552523806
1.2999999523162842,0.4521008412170105,-0.30000001192092896,0.3103092908859253,0.5307692298976746,-0.30000001192092896,-0.30000001192092896,-0.30000001192092896,-0.30000001192092896,-0.30000001192092896,-0.30000001192092896,0.30000001192092896,-0.30000001192092896,0.30000001192092896,-0.30000001192092896,-0.299896226525238
1.2999999523162842,0.4826967032170105,-0.30000001192092896,0.3103092908859253,0.3598290588976746,-0.30000001192092896,-0.26774194692092895,-0.259595971920929,-0.30000001192092896,-0.30000001192092896,-0.30000001192092896,0.30000001192092896,-0.30000001192092896,0.30000001192092896,-0.30000001192092896,-0.26896346652523806
1.2999999523162842,0.33123204021701047,-0.30000001192092896,0.3103092908859253,0.3769230758976746,-0.30000001192092896,-0.28387097992092897,-0.28989900192092893,-0.30000001192092896,-0.30000001192092896,-0.30000001192092896,0.495855626920929,-0.005394202920928959,0.721884852920929,-0.30000001192092896,-0.27621676952523805
1.2999999523162842,0.3012338572170105,-0.30000001192092896,0.3103092908859253,0.3512820498976746,-0.30000001192092896,-0.13064517292092895,-0.28989900192092893,-0.30000001192092896,-0.30000001192092896,-0.30000001192092896,1.072058835920929,-0.30000001192092896,0.30000001192092896,-0.30000001192092896,-0.29984012152523803
1.2999999523162842,0.4517979122170105,-0.30000001192092896,0.3103092908859253,0.5222222208976746,-0.30000001192092896,-0.30000001192092896,-0.30000001192092896,-0.30000001192092896,-0.30000001192092896,-0.30000001192092896,0.30000001192092896,-0.30000001192092896,0.30000001192092896,-0.30000001192092896,-0.299901104925238
1.2999999523162842,0.9664533292170105,-0.30000001192092896,0.3103092908859253,0.3769230758976746,-0.30000001192092896,-0.30000001192092896,-0.30000001192092896,-0.30000001192092896,-0.30000001192092896,-0.30000001192092896,0.30000001192092896,-0.30000001192092896,0.30000001192092896,-0.30000001192092896,-0.29973988552523806
1.2999999523162842,0.3630396192170105,-0.30000001192092896,0.3103092908859253,0.34273504189767456,-0.30000001192092896,-0.27580646392092895,-0.26969698192092895,-0.30000001192092896,-0.30000001192092896,-0.30000001192092896,0.30000001192092896,-0.30000001192092896,0.30000001192092896,-0.30000001192092896,-0.27869515152523805
1.2999999523162842,0.3000100228870105,-0.30000001192092896,0.3103092908859253,0.2999999988976746,-0.30000001192092896,-0.12258065692092895,-0.07777778992092896,-0.30000001192092896,-0.30000001192092896,-0.30000001192092896,0.30000001192092896,-0.30000001192092896,0.30000001192092896,-0.30000001192092896,-0.299949448425238
1.2999999523162842,0.3021365872170105,-0.30000001192092896,0.3103092908859253,0.34273504189767456,-0.30000001192092896,-0.21935485092092893,-0.28989900192092893,-0.30000001192092896,-0.30000001192092896,-0.30000001192092896,0.9417112419209289,-0.30000001192092896,0.30000001192092896,-0.30000001192092896,-0.29983989952523804
1.2999999523162842,0.9664748372170104,-0.30000001192092896,0.3103092908859253,0.3769230758976746,-0.30000001192092896,-0.30000001192092896,-0.30000001192092896,-0.30000001192092896,-0.30000001192092896,-0.30000001192092896,0.30000001192092896,-0.30000001192092896,0.30000001192092896,-0.30000001192092896,-0.29990465302523805
1.2999999523162842,0.5432577282170105,-0.30000001192092896,0.3103092908859253,0.5222222208976746,-0.30000001192092896,-0.30000001192092896,-0.30000001192092896,-0.30000001192092896,-0.30000001192092896,-0.30000001192092896,0.30000001192092896,-0.30000001192092896,0.30000001192092896,-0.30000001192092896,-0.29990043962523805
1.2999999523162842,0.3039514362170105,-0.30000001192092896,0.3103092908859253,0.33418803289767457,-0.30000001192092896,-0.21935485092092893,-0.19898991092092894,-0.30000001192092896,-0.30000001192092896,-0.30000001192092896,0.30000001192092896,-0.30000001192092896,0.30000001192092896,-0.30000001192092896,-0.29984034252523806
1.2999999523162842,0.39242376421701053,-0.30000001192092896,0.3103092908859253,0.4025641018976746,-0.30000001192092896,-0.27580646392092895,-0.28989900192092893,-0.30000001192092896,-0.30000001192092896,-0.30000001192092896,0.6622994769209289,-0.30000001192092896,0.30000001192092896,-0.30000001192092896,-0.29985653152523806
1.2999999523162842,0.3606095202170105,-0.30000001192092896,0.3103092908859253,0.34273504189767456,-0.30000001192092896,-0.13870968892092894,-0.28989900192092893,-0.30000001192092896,-0.30000001192092896,-0.30000001192092896,1.059358300920929,-0.30000001192092896,0.30000001192092896,-0.30000001192092896,-0.29985231752523805
1.2999999523162842,0.4233225552170105,-0.30000001192092896,0.3103092908859253,0.5136752128976746,-0.30000001192092896,-0.30000001192092896,-0.30000001192092896,-0.30000001192092896,-0.30000001192092896,-0.30000001192092896,0.30000001192092896,-0.295850633920929,0.7089505379209289,-0.30000001192092896,-0.299028925525238
1.2999999523162842,0.5432550022170105,-0.30000001192092896,0.3103092908859253,0.5222222208976746,-0.30000001192092896,-0.30000001192092896,-0.30000001192092896,-0.30000001192092896,-0.30000001192092896,-0.30000001192092896,0.30000001192092896,-0.30000001192092896,0.30000001192092896,-0.30000001192092896,-0.29990043962523805
1.2999999523162842,0.7847172412170105,-0.30000001192092896,0.3103092908859253,0.3683760668976746,-0.30000001192092896,-0.30000001192092896,-0.30000001192092896,-0.30000001192092896,-0.30000001192092896,-0.30000001192092896,0.30000001192092896,-0.30000001192092896,0.30000001192092896,-0.30000001192092896,-0.29968577652523803
1.2999999523162842,0.3006061882170105,-0.30000001192092896,0.3103092908859253,0.34273504189767456,-0.30000001192092896,-0.15483872192092896,-0.28989900192092893,-0.30000001192092896,-0.30000001192092896,-0.30000001192092896,1.0459893169209291,-0.30000001192092896,0.30000001192092896,-0.30000001192092896,-0.29983989952523804
1.2999999523162842,0.4524037702170105,-0.30000001192092896,0.3103092908859253,0.5222222208976746,-0.30000001192092896,-0.30000001192092896,-0.30000001192092896,-0.30000001192092896,-0.30000001192092896,-0.30000001192092896,0.30000001192092896,-0.27510374592092895,1.026060097920929,-0.30000001192092896,-0.29782832052523805
1.2999999523162842,0.3918179052170105,-0.30000001192092896,0.3103092908859253,0.34273504189767456,-0.30000001192092896,-0.28387097992092897,-0.27979799192092897,-0.30000001192092896,-0.30000001192092896,-0.30000001192092896,0.30000001192092896,-0.30000001192092896,0.30000001192092896,-0.30000001192092896,-0.28753558552523806
1.2999999523162842,0.3915149762170105,-0.30000001192092896,0.3103092908859253,0.5051282038976745,-0.30000001192092896,-0.30000001192092896,-0.30000001192092896,-0.30000001192092896,-0.30000001192092896,-0.30000001192092896,0.30000001192092896,-0.30000001192092896,0.30000001192092896,-0.30000001192092896,-0.29990088312523805
1.2999999523162842,0.3302993202170105,-0.30000001192092896,0.3103092908859253,0.3598290588976746,-0.30000001192092896,-0.13870968892092894,-0.28989900192092893,-0.30000001192092896,-0.30000001192092896,-0.30000001192092896,1.062032097920929,-0.30000001192092896,0.30000001192092896,-0.30000001192092896,-0.29984034252523806
1.2999999523162842,0.5423737802170105,-0.30000001192092896,0.3103092908859253,0.5136752128976746,-0.30000001192092896,-0.30000001192092896,-0.30000001192092896,-0.30000001192092896,-0.30000001192092896,-0.30000001192092896,0.30000001192092896,-0.30000001192092896,0.30000001192092896,-0.30000001192092896,-0.299900217825238
1.2999999523162842,0.5120808482170105,-0.30000001192092896,0.3103092908859253,0.5136752128976746,-0.30000001192092896,-0.30000001192092896,-0.30000001192092896,-0.30000001192092896,-0.30000001192092896,-0.30000001192092896,0.30000001192092896,-0.295850633920929,0.965039404920929,-0.30000001192092896,-0.29936200852523803
1.2999999523162842,0.33062557521701047,-0.30000001192092896,0.44432990988592536,0.5393162378976746,-0.30000001192092896,-0.30000001192092896,-0.30000001192092896,0.699999988079071,-0.30000001192092896,-0.30000001192092896,0.512566856920929,-0.24605810292092894,0.927652313920929,-0.30000001192092896,-0.22849150952523803
1.2999999523162842,0.3909091172170105,-0.30000001192092896,0.3103092908859253,0.33418803289767457,-0.30000001192092896,-0.17903226992092897,-0.28989900192092893,-0.30000001192092896,-0.30000001192092896,-0.30000001192092896,1.021925145920929,-0.16721992892092896,0.861063292920929,-0.30000001192092896,-0.24994339452523803
1.2999999523162842,0.5423737802170105,-0.30000001192092896,0.3103092908859253,0.5136752128976746,-0.30000001192092896,-0.30000001192092896,-0.30000001192092896,-0.30000001192092896,-0.30000001192092896,-0.30000001192092896,0.30000001192092896,-0.295850633920929,0.897304123920929,-0.30000001192092896,-0.299810405525238
1.2999999523162842,0.3915149762170105,-0.30000001192092896,0.3103092908859253,0.5136752128976746,-0.30000001192092896,-0.30000001192092896,-0.30000001192092896,-0.30000001192092896,-0.30000001192092896,-0.30000001192092896,0.30000001192092896,-0.283402501920929,1.0270663139209288,-0.30000001192092896,-0.29919635352523805
1.2999999523162842,0.4817879152170105,-0.30000001192092896,0.3103092908859253,0.5222222208976746,-0.30000001192092896,-0.30000001192092896,-0.30000001192092896,-0.30000001192092896,-0.30000001192092896,-0.30000001192092896,0.30000001192092896,-0.30000001192092896,0.30000001192092896,-0.30000001192092896,-0.29947089152523804
1.2999999523162842,0.5741813592170105,-0.30000001192092896,0.3103092908859253,0.5222222208976746,-0.30000001192092896,-0.30000001192092896,-0.30000001192092896,-0.30000001192092896,-0.30000001192092896,-0.30000001192092896,0.30000001192092896,-0.30000001192092896,0.30000001192092896,-0.30000001192092896,-0.29990088312523805
1.2999999523162842,0.3048553772170105,-0.30000001192092896,0.3103092908859253,0.3170940158976746,-0.30000001192092896,-0.05806452792092895,-0.28989900192092893,-0.30000001192092896,-0.30000001192092896,-0.30000001192092896,1.122192524920929,-0.22531121492092895,1.1082968329209288,-0.30000001192092896,-0.25563772952523806
1.2999999523162842,0.4221108382170105,-0.30000001192092896,0.3103092908859253,0.5136752128976746,-0.30000001192092896,-0.30000001192092896,-0.30000001192092896,-0.30000001192092896,-0.30000001192092896,-0.30000001192092896,0.30000001192092896,-0.30000001192092896,0.30000001192092896,-0.30000001192092896,-0.299899996525238
1.2999999523162842,0.5135954942170105,-0.30000001192092896,0.3103092908859253,0.5222222208976746,-0.30000001192092896,-0.30000001192092896,-0.30000001192092896,-0.30000001192092896,-0.30000001192092896,-0.30000001192092896,0.30000001192092896,-0.30000001192092896,0.30000001192092896,-0.30000001192092896,-0.299900661325238
1.2999999523162842,0.3042486102170105,-0.30000001192092896,0.3103092908859253,0.3512820498976746,-0.30000001192092896,-0.08225807692092896,-0.28989900192092893,-0.30000001192092896,-0.30000001192092896,-0.30000001192092896,1.112165786920929,-0.19211619492092896,0.985206940920929,-0.30000001192092896,-0.25002655452523803
1.2999999523162842,0.3606146702170105,-0.30000001192092896,0.3618556828859253,0.5393162378976746,-0.30000001192092896,-0.25967743092092893,-0.28989900192092893,-0.30000001192092896,-0.30000001192092896,-0.30000001192092896,0.30000001192092896,-0.30000001192092896,0.30000001192092896,-0.30000001192092896,-0.29961303952523805
1.2999999523162842,0.3033601182170105,-0.30000001192092896,0.3103092908859253,0.3256410248976746,-0.30000001192092896,-0.20322581792092898,-0.17878789092092895,-0.30000001192092896,-0.30000001192092896,-0.30000001192092896,0.30000001192092896,-0.30000001192092896,0.30000001192092896,-0.30000001192092896,-0.29983657252523804
1.2999999523162842,0.5426639862170105,-0.30000001192092896,0.3103092908859253,0.5136752128976746,-0.30000001192092896,-0.30000001192092896,-0.30000001192092896,-0.30000001192092896,-0.30000001192092896,-0.30000001192092896,0.30000001192092896,-0.30000001192092896,0.30000001192092896,-0.30000001192092896,-0.29990043962523805
1.2999999523162842,0.3612220432170105,-0.30000001192092896,0.3103092908859253,0.4025641018976746,-0.30000001192092896,-0.29193549592092893,-0.28989900192092893,-0.30000001192092896,-0.30000001192092896,-0.30000001192092896,0.4610962689209289,-0.30000001192092896,0.30000001192092896,-0.30000001192092896,-0.29986229652523805
1.2999999523162842,0.42271669621701047,-0.30000001192092896,0.3103092908859253,0.4794871778976746,-0.30000001192092896,-0.30000001192092896,-0.30000001192092896,-0.30000001192092896,-0.30000001192092896,-0.30000001192092896,0.30000001192092896,-0.30000001192092896,0.30000001192092896,-0.30000001192092896,-0.273847493525238
1.2999999523162842,0.3612220432170105,-0.30000001192092896,0.3103092908859253,0.38547008389767456,-0.30000001192092896,-0.29193549592092893,-0.28989900192092893,-0.30000001192092896,-0.30000001192092896,-0.30000001192092896,0.4610962689209289,0.2560165860790711,1.044382434920929,-0.30000001192092896,-0.257008423525238
1.2999999523162842,0.6638484402170105,-0.30000001192092896,0.3103092908859253,0.3769230758976746,-0.30000001192092896,-0.30000001192092896,-0.30000001192092896,-0.30000001192092896,-0.30000001192092896,-0.30000001192092896,0.30000001192092896,-0.27510374592092895,0.7782413209209289,-0.30000001192092896,-0.299452707525238
1.2999999523162842,0.4817879152170105,-0.30000001192092896,0.3103092908859253,0.5222222208976746,-0.30000001192092896,-0.30000001192092896,-0.30000001192092896,-0.30000001192092896,-0.30000001192092896,-0.30000001192092896,0.30000001192092896,-0.30000001192092896,0.30000001192092896,-0.30000001192092896,-0.29939549352523803
1.2999999523162842,0.4517979122170105,-0.30000001192092896,0.3103092908859253,0.3769230758976746,-0.30000001192092896,-0.30000001192092896,-0.30000001192092896,-0.30000001192092896,-0.30000001192092896,-0.30000001192092896,0.30000001192092896,-0.30000001192092896,0.30000001192092896,-0.30000001192092896,-0.299761840525238
1.2999999523162842,0.3012338572170105,-0.30000001192092896,0.3103092908859253,0.34273504189767456,-0.30000001192092896,0.12741934307907105,0.2353535230790711,-0.30000001192092896,-0.30000001192092896,-0.30000001192092896,0.30000001192092896,-0.30000001192092896,0.30000001192092896,-0.30000001192092896,-0.29983989952523804
1.2999999523162842,0.4524037702170105,-0.30000001192092896,0.3103092908859253,0.5136752128976746,-0.30000001192092896,-0.30000001192092896,-0.30000001192092896,-0.30000001192092896,-0.30000001192092896,-0.30000001192092896,0.30000001192092896,-0.30000001192092896,0.30000001192092896,-0.30000001192092896,-0.299149340525238
1.2999999523162842,0.39363548121701053,-0.30000001192092896,0.3103092908859253,0.3598290588976746,-0.30000001192092896,-0.20322581792092898,-0.28989900192092893,-0.30000001192092896,-0.30000001192092896,-0.30000001192092896,0.981818193920929,-0.30000001192092896,0.30000001192092896,-0.30000001192092896,-0.29985453552523805
1.2999999523162842,0.3009303222170105,-0.30000001192092896,0.3103092908859253,0.3683760668976746,-0.30000001192092896,-0.17096775392092894,-0.28989900192092893,-0.30000001192092896,-0.30000001192092896,-0.30000001192092896,0.9905080329209289,-0.30000001192092896,0.30000001192092896,-0.30000001192092896,-0.24816532852523804
1.2999999523162842,0.9970491912170105,-0.30000001192092896,0.3103092908859253,0.3769230758976746,-0.30000001192092896,-0.30000001192092896,-0.30000001192092896,-0.30000001192092896,-0.30000001192092896,-0.30000001192092896,0.30000001192092896,-0.2875518789209289,1.044382434920929,-0.30000001192092896,-0.29959640752523803
1.2999999523162842,0.3039653712170105,-0.30000001192092896,0.3103092908859253,0.3512820498976746,-0.30000001192092896,-0.15483872192092896,-0.11818182992092896,-0.30000001192092896,-0.30000001192092896,-0.30000001192092896,0.30000001192092896,-0.30000001192092896,0.30000001192092896,-0.30000001192092896,-0.29984056452523805
1.2999999523162842,0.3012190142170105,-0.30000001192092896,0.3103092908859253,0.3683760668976746,-0.30000001192092896,-0.001612914920928965,0.07373736207907106,-0.30000001192092896,-0.30000001192092896,-0.30000001192092896,0.30000001192092896,-0.30000001192092896,0.30000001192092896,-0.30000001192092896,-0.29983834652523805
1.2999999523162842,0.5120808482170105,-0.30000001192092896,0.3103092908859253,0.3769230758976746,-0.30000001192092896,-0.30000001192092896,-0.30000001192092896,-0.30000001192092896,-0.30000001192092896,-0.30000001192092896,0.30000001192092896,-0.30000001192092896,0.30000001192092896,-0.30000001192092896,-0.29990465302523805
1.2999999523162842,0.3048650712170105,-0.30000001192092896,0.3103092908859253,0.3085470078976746,-0.30000001192092896,0.11129031107907106,0.21515150307907105,-0.30000001192092896,-0.30000001192092896,-0.30000001192092896,0.30000001192092896,-0.30000001192092896,0.30000001192092896,-0.30000001192092896,-0.299837238525238
1.2999999523162842,0.42150497921701047,-0.30000001192092896,0.3103092908859253,0.5222222208976746,-0.30000001192092896,-0.30000001192092896,-0.30000001192092896,-0.30000001192092896,-0.30000001192092896,-0.30000001192092896,0.30000001192092896,-0.2875518789209289,0.8920587219209289,-0.30000001192092896,-0.299698195525238
1.2999999523162842,0.3606149732170105,-0.30000001192092896,0.5268041368859253,0.5393162378976746,-0.30000001192092896,-0.30000001192092896,-0.30000001192092896,-0.30000001192092896,-0.30000001192092896,-0.30000001192092896,0.30000001192092896,-0.24605810292092894,0.808402569920929,-0.30000001192092896,-0.29541557952523806
1.2999999523162842,0.4517979122170105,-0.30000001192092896,0.3103092908859253,0.5222222208976746,-0.30000001192092896,-0.30000001192092896,-0.30000001192092896,-0.30000001192092896,-0.30000001192092896,-0.30000001192092896,0.30000001192092896,-0.30000001192092896,0.30000001192092896,-0.30000001192092896,-0.29990088312523805
1.2999999523162842,0.3621181082170105,-0.30000001192092896,0.3103092908859253,0.5307692298976746,-0.30000001192092896,-0.30000001192092896,-0.30000001192092896,-0.30000001192092896,-0.30000001192092896,-0.30000001192092896,0.30000001192092896,-0.30000001192092896,0.30000001192092896,-0.30000001192092896,-0.299667148525238
1.2999999523162842,0.4526779212170105,-0.30000001192092896,0.3103092908859253,0.5222222208976746,-0.30000001192092896,-0.30000001192092896,-0.30000001192092896,-0.30000001192092896,-0.30000001192092896,-0.30000001192092896,0.30000001192092896,-0.30000001192092896,0.30000001192092896,-0.30000001192092896,-0.29990088312523805
1.2999999523162842,0.4524037702170105,-0.30000001192092896,0.3103092908859253,0.5222222208976746,-0.30000001192092896,-0.30000001192092896,-0.30000001192092896,-0.30000001192092896,-0.30000001192092896,-0.30000001192092896,0.30000001192092896,-0.30000001192092896,0.30000001192092896,-0.30000001192092896,-0.299896891525238
1.2999999523162842,0.4526960972170105,-0.30000001192092896,0.3103092908859253,0.5222222208976746,-0.30000001192092896,-0.30000001192092896,-0.30000001192092896,-0.30000001192092896,-0.30000001192092896,-0.30000001192092896,0.30000001192092896,-0.30000001192092896,0.30000001192092896,-0.30000001192092896,-0.299900217825238
1.2999999523162842,0.3909091172170105,-0.30000001192092896,0.3103092908859253,0.3512820498976746,-0.30000001192092896,-0.27580646392092895,-0.26969698192092895,-0.30000001192092896,-0.30000001192092896,-0.30000001192092896,0.30000001192092896,-0.30000001192092896,0.30000001192092896,-0.30000001192092896,-0.29985431352523806
1.2999999523162842,0.4829996322170105,-0.30000001192092896,0.3103092908859253,0.5136752128976746,-0.30000001192092896,-0.30000001192092896,-0.30000001192092896,-0.30000001192092896,-0.30000001192092896,-0.30000001192092896,0.30000001192092896,-0.29170125692092896,0.7712671929209289,-0.30000001192092896,-0.29888345152523804
1.2999999523162842,0.30092699021701047,-0.30000001192092896,0.3103092908859253,0.3512820498976746,-0.30000001192092896,-0.15483872192092896,-0.11818182992092896,-0.30000001192092896,-0.30000001192092896,-0.30000001192092896,0.30000001192092896,-0.30000001192092896,0.30000001192092896,-0.30000001192092896,-0.29983967752523805
1.2999999523162842,0.3302981082170105,-0.30000001192092896,0.3103092908859253,0.3683760668976746,-0.30000001192092896,-0.18709678592092896,-0.15858587092092896,-0.30000001192092896,-0.30000001192092896,-0.30000001192092896,0.30000001192092896,-0.30000001192092896,0.30000001192092896,-0.30000001192092896,-0.29984100852523804
1.2999999523162842,0.4530096292170105,-0.30000001192092896,0.3103092908859253,0.5307692298976746,-0.30000001192092896,-0.30000001192092896,-0.30000001192092896,-0.30000001192092896,-0.30000001192092896,-0.30000001192092896,0.30000001192092896,-0.295850633920929,0.732241257920929,-0.30000001192092896,-0.298851961525238
1.2999999523162842,0.3339381072170105,-0.30000001192092896,0.3103092908859253,0.3598290588976746,-0.30000001192092896,-0.22741936692092896,-0.20909092092092896,-0.30000001192092896,-0.30000001192092896,-0.30000001192092896,0.30000001192092896,-0.30000001192092896,0.30000001192092896,-0.30000001192092896,-0.29983989952523804
1.2999999523162842,0.4517979122170105,-0.30000001192092896,0.3103092908859253,0.5222222208976746,-0.30000001192092896,-0.30000001192092896,-0.30000001192092896,-0.30000001192092896,-0.30000001192092896,-0.30000001192092896,0.30000001192092896,-0.30000001192092896,0.30000001192092896,-0.30000001192092896,-0.29990088312523805
1.2999999523162842,0.42150497921701047,-0.30000001192092896,0.3103092908859253,0.5136752128976746,-0.30000001192092896,-0.30000001192092896,-0.30000001192092896,-0.30000001192092896,-0.30000001192092896,-0.30000001192092896,0.30000001192092896,-0.30000001192092896,0.30000001192092896,-0.30000001192092896,-0.299507482525238
1.2999999523162842,0.36181336121701047,-0.30000001192092896,0.5061855798859253,0.5393162378976746,-0.30000001192092896,-0.28387097992092897,-0.28989900192092893,-0.30000001192092896,-0.30000001192092896,-0.30000001192092896,0.43770054692092897,-0.30000001192092896,0.30000001192092896,-0.30000001192092896,-0.29914911952523804
1.2999999523162842,0.5126867062170105,-0.30000001192092896,0.3103092908859253,0.5222222208976746,-0.30000001192092896,-0.30000001192092896,-0.30000001192092896,-0.30000001192092896,-0.30000001192092896,-0.30000001192092896,0.30000001192092896,-0.30000001192092896,0.30000001192092896,-0.30000001192092896,-0.299292597525238
1.2999999523162842,0.4233225552170105,-0.30000001192092896,0.3103092908859253,0.5136752128976746,-0.30000001192092896,-0.29193549592092893,-0.28989900192092893,-0.30000001192092896,-0.30000001192092896,-0.30000001192092896,0.4610962689209289,-0.30000001192092896,0.30000001192092896,-0.30000001192092896,-0.29126335852523805
1.2999999523162842,0.3609109342170105,-0.30000001192092896,0.6298969198859253,0.5393162378976746,-0.30000001192092896,-0.30000001192092896,-0.30000001192092896,-0.30000001192092896,-0.30000001192092896,-0.30000001192092896,0.30000001192092896,-0.24605810292092894,0.973676295920929,-0.30000001192092896,-0.295101346525238
1.2999999523162842,0.42271669621701047,-0.30000001192092896,0.3103092908859253,0.5051282038976745,-0.30000001192092896,-0.30000001192092896,-0.30000001192092896,-0.30000001192092896,-0.30000001192092896,-0.30000001192092896,0.30000001192092896,-0.30000001192092896,0.30000001192092896,-0.30000001192092896,-0.29967446652523805
1.2999999523162842,0.5126867062170105,-0.30000001192092896,0.3103092908859253,0.5136752128976746,-0.30000001192092896,-0.30000001192092896,-0.30000001192092896,-0.30000001192092896,-0.30000001192092896,-0.30000001192092896,0.30000001192092896,-0.30000001192092896,0.30000001192092896,-0.30000001192092896,-0.29982792452523804
1.2999999523162842,0.3330341662170105,-0.30000001192092896,0.3103092908859253,0.3256410248976746,-0.30000001192092896,-0.09838710892092895,-0.04747475892092895,-0.30000001192092896,-0.30000001192092896,-0.30000001192092896,0.33208557292092894,-0.10082988792092895,0.8920587219209289,-0.30000001192092896,-0.254210930525238
1.2999999523162842,0.3009097232170105,-0.30000001192092896,0.3103092908859253,0.34273504189767456,-0.30000001192092896,-0.15483872192092896,-0.28989900192092893,-0.30000001192092896,-0.30000001192092896,-0.30000001192092896,1.0459893169209291,-0.30000001192092896,0.30000001192092896,-0.30000001192092896,-0.29983923452523803
1.2999999523162842,0.3054733532170105,-0.30000001192092896,0.3103092908859253,0.3512820498976746,-0.30000001192092896,-0.20322581792092898,-0.17878789092092895,-0.30000001192092896,-0.30000001192092896,-0.30000001192092896,0.30000001192092896,-0.30000001192092896,0.30000001192092896,-0.30000001192092896,-0.29983923452523803
1.2999999523162842,0.4817879152170105,-0.30000001192092896,0.3103092908859253,0.5222222208976746,-0.30000001192092896,-0.30000001192092896,-0.30000001192092896,-0.30000001192092896,-0.30000001192092896,-0.30000001192092896,0.30000001192092896,-0.30000001192092896,0.30000001192092896,-0.30000001192092896,-0.29990043962523805
1.2999999523162842,0.3345585072170105,-0.30000001192092896,0.3103092908859253,0.33418803289767457,-0.30000001192092896,-0.19516130192092895,-0.28989900192092893,-0.30000001192092896,-0.30000001192092896,-0.30000001192092896,0.9951871779209289,-0.30000001192092896,0.30000001192092896,-0.30000001192092896,-0.299844112525238
1.2999999523162842,0.4214774122170105,-0.30000001192092896,0.7948453738859254,0.5393162378976746,-0.30000001192092896,-0.30000001192092896,-0.30000001192092896,-0.30000001192092896,-0.30000001192092896,-0.30000001192092896,0.30000001192092896,-0.24605810292092894,1.088932179920929,-0.30000001192092896,-0.29504989852523805
1.2999999523162842,0.3048626482170105,-0.30000001192092896,0.3103092908859253,0.3683760668976746,-0.30000001192092896,-0.15483872192092896,-0.28989900192092893,-0.30000001192092896,-0.30000001192092896,-0.30000001192092896,1.045320867920929,-0.30000001192092896,0.30000001192092896,-0.30000001192092896,-0.29984078652523805
1.2999999523162842,0.3027536542170105,-0.30000001192092896,0.3103092908859253,0.33418803289767457,-0.30000001192092896,-0.09838710892092895,-0.04747475892092895,-0.30000001192092896,-0.30000001192092896,-0.30000001192092896,0.33208557292092894,-0.10082988792092895,1.0151738689209289,-0.30000001192092896,-0.25377184652523804
1.2999999523162842,0.36301477921701053,-0.30000001192092896,0.3103092908859253,0.3769230758976746,-0.30000001192092896,-0.28387097992092897,-0.27979799192092897,-0.30000001192092896,-0.30000001192092896,-0.30000001192092896,0.30000001192092896,-0.30000001192092896,0.30000001192092896,-0.30000001192092896,-0.299846995525238
1.2999999523162842,0.39242376421701053,-0.30000001192092896,0.3103092908859253,0.5136752128976746,-0.30000001192092896,-0.30000001192092896,-0.30000001192092896,-0.30000001192092896,-0.30000001192092896,-0.30000001192092896,0.30000001192092896,-0.295850633920929,0.713624865920929,-0.30000001192092896,-0.299328522525238
1.2999999523162842,0.4820908442170105,-0.30000001192092896,0.3103092908859253,0.5222222208976746,-0.30000001192092896,-0.30000001192092896,-0.30000001192092896,-0.30000001192092896,-0.30000001192092896,-0.30000001192092896,0.30000001192092896,-0.295850633920929,0.979165439920929,-0.30000001192092896,-0.299038017525238
1.2999999523162842,0.4829996322170105,-0.30000001192092896,0.3103092908859253,0.5051282038976745,-0.30000001192092896,-0.30000001192092896,-0.30000001192092896,-0.30000001192092896,-0.30000001192092896,-0.30000001192092896,0.30000001192092896,-0.30000001192092896,0.30000001192092896,-0.30000001192092896,-0.299901104925238
1.2999999523162842,0.4212020502170105,-0.30000001192092896,0.3103092908859253,0.5222222208976746,-0.30000001192092896,-0.30000001192092896,-0.30000001192092896,-0.30000001192092896,-0.30000001192092896,-0.30000001192092896,0.30000001192092896,-0.30000001192092896,0.30000001192092896,-0.30000001192092896,-0.29990132662523805
1.2999999523162842,0.4530096292170105,-0.30000001192092896,0.3103092908859253,0.5222222208976746,-0.30000001192092896,-0.30000001192092896,-0.30000001192092896,-0.30000001192092896,-0.30000001192092896,-0.30000001192092896,0.30000001192092896,-0.30000001192092896,0.30000001192092896,-0.30000001192092896,-0.29943541052523803
1.2999999523162842,0.3003084082170105,-0.30000001192092896,0.3103092908859253,0.2999999988976746,-0.30000001192092896,-0.26774194692092895,-0.28989900192092893,-0.30000001192092896,-0.30000001192092896,-0.30000001192092896,0.727139048920929,0.027800818079071032,0.713624865920929,-0.30000001192092896,-0.24648971552523802
1.2999999523162842,0.4211881152170105,-0.30000001192092896,0.4546391878859253,0.5393162378976746,-0.30000001192092896,-0.30000001192092896,-0.30000001192092896,-0.30000001192092896,-0.30000001192092896,-0.30000001192092896,0.30000001192092896,-0.24605810292092894,1.300000011920929,-0.30000001192092896,-0.29361755552523805
1.2999999523162842,0.48239377421701046,-0.30000001192092896,0.3103092908859253,0.5307692298976746,-0.30000001192092896,-0.30000001192092896,-0.30000001192092896,-0.30000001192092896,-0.30000001192092896,-0.30000001192092896,0.30000001192092896,-0.27095436892092895,0.6740299839209289,-0.30000001192092896,-0.29758726852523804
1.2999999523162842,0.3021229552170105,-0.30000001192092896,0.3103092908859253,0.34273504189767456,-0.30000001192092896,-0.11451614092092896,-0.06767677992092896,-0.30000001192092896,-0.30000001192092896,-0.30000001192092896,0.30000001192092896,-0.30000001192092896,0.30000001192092896,-0.30000001192092896,-0.29983945552523805
1.2999999523162842,0.3006198192170105,-0.30000001192092896,0.3103092908859253,0.3683760668976746,-0.30000001192092896,-0.25967743092092893,-0.28989900192092893,-0.30000001192092896,-0.30000001192092896,-0.30000001192092896,0.780614984920929,-0.30000001192092896,0.30000001192092896,-0.30000001192092896,-0.29984034252523806
1.2999999523162842,0.42271669621701047,-0.30000001192092896,0.3103092908859253,0.4794871778976746,-0.30000001192092896,-0.29193549592092893,-0.28989900192092893,-0.30000001192092896,-0.30000001192092896,-0.30000001192092896,0.4610962689209289,-0.30000001192092896,0.30000001192092896,-0.30000001192092896,-0.274903067525238
1.2999999523162842,1.1482024432170106,-0.30000001192092896,0.3103092908859253,0.3769230758976746,-0.30000001192092896,-0.30000001192092896,-0.30000001192092896,-0.30000001192092896,-0.30000001192092896,-0.30000001192092896,0.30000001192092896,-0.2875518789209289,0.9747591699209289,-0.30000001192092896,-0.29949772452523804
1.2999999523162842,0.3306261812170105,-0.30000001192092896,0.3103092908859253,0.3512820498976746,-0.30000001192092896,-0.26774194692092895,-0.28989900192092893,-0.30000001192092896,-0.30000001192092896,-0.30000001192092896,0.7278074989209289,-0.30000001192092896,0.30000001192092896,-0.30000001192092896,-0.29985364852523805
0.2999999523162842,0.3015358782170105,-0.13686216592092895,0.3000000128859253,0.34273504189767456,0.699999988079071,-0.30000001192092896,-0.30000001192092896,0.699999988079071,0.0030302910790710458,-0.20456432692092896,0.30000001192092896,-0.30000001192092896,0.30000001192092896,-0.23333334492092894,-0.29903424752523805
1.2999999523162842,0.42118478321701047,-0.30000001192092896,0.3103092908859253,0.3769230758976746,-0.30000001192092896,-0.29193549592092893,-0.28989900192092893,-0.30000001192092896,-0.30000001192092896,-0.30000001192092896,0.4597593699209289,0.691701233079071,1.046923599920929,-0.30000001192092896,-0.23912531152523803
1.2999999523162842,0.4233225552170105,-0.30000001192092896,0.3103092908859253,0.5136752128976746,-0.30000001192092896,-0.30000001192092896,-0.30000001192092896,-0.30000001192092896,-0.30000001192092896,-0.30000001192092896,0.30000001192092896,-0.295850633920929,0.732241257920929,-0.30000001192092896,-0.29907349952523804
1.2999999523162842,0.5123559072170105,-0.30000001192092896,0.3103092908859253,0.5222222208976746,-0.30000001192092896,-0.30000001192092896,-0.30000001192092896,-0.30000001192092896,-0.30000001192092896,-0.30000001192092896,0.30000001192092896,-0.30000001192092896,0.30000001192092896,-0.30000001192092896,-0.29990088312523805
1.2999999523162842,0.4218003352170105,-0.30000001192092896,0.3103092908859253,0.5222222208976746,-0.30000001192092896,-0.30000001192092896,-0.30000001192092896,-0.30000001192092896,-0.30000001192092896,-0.30000001192092896,0.30000001192092896,-0.30000001192092896,0.30000001192092896,-0.30000001192092896,-0.29127799452523806
1.2999999523162842,0.3033337632170105,-0.30000001192092896,0.3103092908859253,0.3598290588976746,-0.30000001192092896,-0.05806452792092895,-0.28989900192092893,-0.30000001192092896,-0.30000001192092896,-0.30000001192092896,1.122192524920929,-0.30000001192092896,0.30000001192092896,-0.30000001192092896,-0.29984012152523803
1.2999999523162842,0.3312223462170105,-0.30000001192092896,0.3103092908859253,0.33418803289767457,-0.30000001192092896,-0.21129033492092897,-0.18888890092092897,-0.30000001192092896,-0.30000001192092896,-0.30000001192092896,0.961764717920929,0.07344397107907102,0.7382474989209289,-0.30000001192092896,-0.24906589252523803
1.2999999523162842,0.3609085112170105,-0.30000001192092896,0.3103092908859253,0.3598290588976746,-0.30000001192092896,-0.27580646392092895,-0.28989900192092893,-0.30000001192092896,-0.30000001192092896,-0.30000001192092896,0.5633689959209289,-0.30000001192092896,0.30000001192092896,-0.30000001192092896,-0.25264087452523804
1.2999999523162842,0.3909003322170105,-0.30000001192092896,0.4649484668859253,0.5393162378976746,-0.30000001192092896,-0.30000001192092896,-0.30000001192092896,-0.30000001192092896,-0.30000001192092896,-0.30000001192092896,0.30000001192092896,-0.24605810292092894,0.891385137920929,-0.30000001192092896,-0.285511366525238
1.2999999523162842,0.4224137672170105,-0.30000001192092896,0.3103092908859253,0.5136752128976746,-0.30000001192092896,-0.30000001192092896,-0.30000001192092896,-0.30000001192092896,-0.30000001192092896,-0.30000001192092896,0.30000001192092896,-0.30000001192092896,0.30000001192092896,-0.30000001192092896,-0.299870945525238
1.2999999523162842,0.4239284142170105,-0.30000001192092896,0.3103092908859253,0.5222222208976746,-0.30000001192092896,-0.30000001192092896,-0.30000001192092896,-0.30000001192092896,-0.30000001192092896,-0.30000001192092896,0.30000001192092896,-0.295850633920929,0.856131456920929,-0.30000001192092896,-0.298966167525238
1.2999999523162842,0.6335555082170106,-0.30000001192092896,0.3103092908859253,0.5222222208976746,-0.30000001192092896,-0.30000001192092896,-0.30000001192092896,-0.30000001192092896,-0.30000001192092896,-0.30000001192092896,0.30000001192092896,-0.30000001192092896,0.30000001192092896,-0.30000001192092896,-0.29922119052523805
1.2999999523162842,0.4212020502170105,-0.30000001192092896,0.3103092908859253,0.4111111098976746,-0.30000001192092896,-0.28387097992092897,-0.28989900192092893,-0.30000001192092896,-0.30000001192092896,-0.30000001192092896,0.5747326319209289,-0.30000001192092896,0.30000001192092896,-0.30000001192092896,-0.299856087525238
1.2999999523162842,0.30427133021701047,-0.30000001192092896,0.3103092908859253,0.34273504189767456,-0.30000001192092896,-0.12258065692092895,-0.28989900192092893,-0.30000001192092896,-0.30000001192092896,-0.30000001192092896,1.0794117769209288,-0.18796681692092895,0.8365443559209289,-0.30000001192092896,-0.25174895852523804
1.2999999523162842,0.48239377421701046,-0.30000001192092896,0.3103092908859253,0.5222222208976746,-0.30000001192092896,-0.30000001192092896,-0.30000001192092896,-0.30000001192092896,-0.30000001192092896,-0.30000001192092896,0.30000001192092896,-0.30000001192092896,0.30000001192092896,-0.30000001192092896,-0.299900661325238
1.2999999523162842,0.3345521452170105,-0.30000001192092896,0.3103092908859253,0.33418803289767457,-0.30000001192092896,0.030645149079071066,0.11414140207907103,-0.30000001192092896,-0.30000001192092896,-0.30000001192092896,0.30000001192092896,-0.30000001192092896,0.30000001192092896,-0.30000001192092896,-0.29984056452523805
1.2999999523162842,0.3018472892170105,-0.30000001192092896,0.33092784788592533,0.5393162378976746,-0.30000001192092896,-0.30000001192092896,-0.30000001192092896,0.699999988079071,-0.30000001192092896,-0.30000001192092896,0.30000001192092896,-0.24605810292092894,0.927652313920929,-0.30000001192092896,-0.24027468952523803
1.2999999523162842,0.45269094721701053,-0.30000001192092896,0.3103092908859253,0.5307692298976746,-0.30000001192092896,-0.30000001192092896,-0.30000001192092896,-0.30000001192092896,-0.30000001192092896,-0.30000001192092896,0.30000001192092896,-0.295850633920929,0.979165439920929,-0.30000001192092896,-0.29913980552523806
1.2999999523162842,1.1785171872170106,-0.30000001192092896,0.3103092908859253,0.3769230758976746,-0.30000001192092896,-0.30000001192092896,-0.30000001192092896,-0.30000001192092896,-0.30000001192092896,-0.30000001192092896,0.30000001192092896,-0.30000001192092896,0.30000001192092896,-0.30000001192092896,-0.29990487482523803
1.2999999523162842,0.4539184172170105,-0.30000001192092896,0.3103092908859253,0.5307692298976746,-0.30000001192092896,-0.30000001192092896,-0.30000001192092896,-0.30000001192092896,-0.30000001192092896,-0.30000001192092896,0.30000001192092896,-0.27095436892092895,0.861063292920929,-0.30000001192092896,-0.29863219852523804
1.2999999523162842,0.3330474952170105,-0.30000001192092896,0.3103092908859253,0.3683760668976746,-0.30000001192092896,-0.26774194692092895,-0.28989900192092893,-0.30000001192092896,-0.30000001192092896,-0.30000001192092896,0.727139048920929,0.03609957307907102,1.077346022920929,-0.30000001192092896,-0.24820857152523804
1.2999999523162842,0.3036439632170105,-0.30000001192092896,0.3103092908859253,0.33418803289767457,-0.30000001192092896,-0.15483872192092896,-0.11818182992092896,-0.30000001192092896,-0.30000001192092896,-0.30000001192092896,0.30000001192092896,-0.30000001192092896,0.30000001192092896,-0.30000001192092896,-0.29983923452523803
1.2999999523162842,0.3612020502170105,-0.30000001192092896,0.3103092908859253,0.4111111098976746,-0.30000001192092896,-0.28387097992092897,-0.28989900192092893,-0.30000001192092896,-0.30000001192092896,-0.30000001192092896,0.5747326319209289,-0.30000001192092896,0.30000001192092896,-0.30000001192092896,-0.267634241525238
1.2999999523162842,0.3327430512170105,-0.30000001192092896,0.3103092908859253,0.3769230758976746,-0.30000001192092896,-0.25161291492092897,-0.28989900192092893,-0.30000001192092896,-0.30000001192092896,-0.30000001192092896,0.8247326319209289,-0.04273860092092896,0.7381502899209289,-0.30000001192092896,-0.24715543652523803
1.2999999523162842,0.3909091172170105,-0.30000001192092896,0.3103092908859253,0.5136752128976746,-0.30000001192092896,-0.30000001192092896,-0.30000001192092896,-0.30000001192092896,-0.30000001192092896,-0.30000001192092896,0.30000001192092896,-0.30000001192092896,0.30000001192092896,-0.30000001192092896,-0.29986251852523804
1.2999999523162842,0.48207630421701053,-0.30000001192092896,0.3103092908859253,0.5307692298976746,-0.30000001192092896,-0.30000001192092896,-0.30000001192092896,-0.30000001192092896,-0.30000001192092896,-0.30000001192092896,0.30000001192092896,-0.295850633920929,1.037685921920929,-0.30000001192092896,-0.299028703525238
1.2999999523162842,0.5135954942170105,-0.30000001192092896,0.3103092908859253,0.5051282038976745,-0.30000001192092896,-0.30000001192092896,-0.30000001192092896,-0.30000001192092896,-0.30000001192092896,-0.30000001192092896,0.30000001192092896,-0.29170125692092896,0.8920587219209289,-0.30000001192092896,-0.29903624352523805
1.2999999523162842,0.3618279022170105,-0.30000001192092896,0.3103092908859253,0.5051282038976745,-0.30000001192092896,-0.30000001192092896,-0.30000001192092896,-0.30000001192092896,-0.30000001192092896,-0.30000001192092896,0.30000001192092896,-0.2875518789209289,0.7382474989209289,-0.30000001192092896,-0.29879873952523806
1.2999999523162842,0.3918179052170105,-0.30000001192092896,0.3103092908859253,0.5051282038976745,-0.30000001192092896,-0.30000001192092896,-0.30000001192092896,-0.30000001192092896,-0.30000001192092896,-0.30000001192092896,0.30000001192092896,-0.30000001192092896,0.30000001192092896,-0.30000001192092896,-0.299899996525238
1.2999999523162842,0.4517979122170105,-0.30000001192092896,0.3103092908859253,0.5136752128976746,-0.30000001192092896,-0.30000001192092896,-0.30000001192092896,-0.30000001192092896,-0.30000001192092896,-0.30000001192092896,0.30000001192092896,-0.30000001192092896,0.30000001192092896,-0.30000001192092896,-0.299897113525238
1.2999999523162842,0.3039626452170105,-0.30000001192092896,0.3103092908859253,0.34273504189767456,-0.30000001192092896,-0.17096775392092894,-0.28989900192092893,-0.30000001192092896,-0.30000001192092896,-0.30000001192092896,1.0272727389209289,-0.30000001192092896,0.30000001192092896,-0.30000001192092896,-0.29983901252523804
1.2999999523162842,0.3036463862170105,-0.30000001192092896,0.3103092908859253,0.3512820498976746,-0.30000001192092896,-0.07419355992092896,-0.28989900192092893,-0.30000001192092896,-0.30000001192092896,-0.30000001192092896,1.104812845920929,-0.30000001192092896,0.30000001192092896,-0.30000001192092896,-0.29983967752523805
1.2999999523162842,0.4820908442170105,-0.30000001192092896,0.3103092908859253,0.5222222208976746,-0.30000001192092896,-0.30000001192092896,-0.30000001192092896,-0.30000001192092896,-0.30000001192092896,-0.30000001192092896,0.30000001192092896,-0.295850633920929,1.081906451920929,-0.30000001192092896,-0.299028482525238
1.2999999523162842,0.4530096292170105,-0.30000001192092896,0.3103092908859253,0.5222222208976746,-0.30000001192092896,-0.30000001192092896,-0.30000001192092896,-0.30000001192092896,-0.30000001192092896,-0.30000001192092896,0.30000001192092896,-0.2875518789209289,1.054287704920929,-0.30000001192092896,-0.298799626525238
1.2999999523162842,0.4230196262170105,-0.30000001192092896,0.3103092908859253,0.5136752128976746,-0.30000001192092896,-0.30000001192092896,-0.30000001192092896,-0.30000001192092896,-0.30000001192092896,-0.30000001192092896,0.30000001192092896,-0.30000001192092896,0.30000001192092896,-0.30000001192092896,-0.299902213725238
1.2999999523162842,0.3042580012170105,-0.30000001192092896,0.3103092908859253,0.3170940158976746,-0.30000001192092896,0.11935482707907102,-0.28989900192092893,-0.30000001192092896,-0.30000001192092896,-0.30000001192092896,1.168983968920929,-0.22946059292092896,0.940819772920929,-0.30000001192092896,-0.24925438852523804
1.2999999523162842,0.4517979122170105,-0.30000001192092896,0.3103092908859253,0.5222222208976746,-0.30000001192092896,-0.30000001192092896,-0.30000001192092896,-0.30000001192092896,-0.30000001192092896,-0.30000001192092896,0.30000001192092896,-0.30000001192092896,0.30000001192092896,-0.30000001192092896,-0.299897113525238
1.2999999523162842,0.3612168932170105,-0.30000001192092896,0.48556702288592535,0.5393162378976746,-0.30000001192092896,-0.30000001192092896,-0.30000001192092896,-0.30000001192092896,-0.30000001192092896,-0.30000001192092896,0.30000001192092896,-0.24605810292092894,0.708840948920929,-0.30000001192092896,-0.24532547852523803
1.2999999523162842,0.4517885212170105,-0.30000001192092896,0.4649484668859253,0.5393162378976746,-0.30000001192092896,-0.30000001192092896,-0.30000001192092896,-0.30000001192092896,-0.30000001192092896,-0.30000001192092896,0.30000001192092896,-0.24605810292092894,0.765188056920929,-0.30000001192092896,-0.295078505525238
1.2999999523162842,0.6335555082170106,-0.30000001192092896,0.3103092908859253,0.3769230758976746,-0.30000001192092896,-0.30000001192092896,-0.30000001192092896,-0.30000001192092896,-0.30000001192092896,-0.30000001192092896,0.30000001192092896,-0.30000001192092896,0.30000001192092896,-0.30000001192092896,-0.29990465302523805
1.2999999523162842,0.7847172412170105,-0.30000001192092896,0.3103092908859253,0.3769230758976746,-0.30000001192092896,-0.30000001192092896,-0.30000001192092896,-0.30000001192092896,-0.30000001192092896,-0.30000001192092896,0.30000001192092896,-0.30000001192092896,0.30000001192092896,-0.30000001192092896,-0.29972613652523805
1.2999999523162842,0.3336554742170105,-0.30000001192092896,0.3103092908859253,0.34273504189767456,-0.30000001192092896,-0.11451614092092896,-0.06767677992092896,-0.30000001192092896,-0.30000001192092896,-0.30000001192092896,0.33409092092092896,-0.08838175492092895,0.944194374920929,-0.30000001192092896,-0.26005694852523803
1.2999999523162842,0.4521008412170105,-0.30000001192092896,0.3103092908859253,0.5222222208976746,-0.30000001192092896,-0.30000001192092896,-0.30000001192092896,-0.30000001192092896,-0.30000001192092896,-0.30000001192092896,0.30000001192092896,-0.295850633920929,0.918342235920929,-0.30000001192092896,-0.29951435652523806
1.2999999523162842,0.4233225552170105,-0.30000001192092896,0.3103092908859253,0.5222222208976746,-0.30000001192092896,-0.30000001192092896,-0.30000001192092896,-0.30000001192092896,-0.30000001192092896,-0.30000001192092896,0.30000001192092896,-0.295850633920929,1.0270663139209288,-0.30000001192092896,-0.299458695525238
1.2999999523162842,0.3918179052170105,-0.30000001192092896,0.3103092908859253,0.3769230758976746,-0.30000001192092896,-0.29193549592092893,-0.28989900192092893,-0.30000001192092896,-0.30000001192092896,-0.30000001192092896,0.450401081920929,0.633609947079071,0.713624865920929,-0.30000001192092896,-0.252360570525238
1.2999999523162842,0.48239377421701046,-0.30000001192092896,0.3103092908859253,0.5136752128976746,-0.30000001192092896,-0.30000001192092896,-0.30000001192092896,-0.30000001192092896,-0.30000001192092896,-0.30000001192092896,0.30000001192092896,-0.295850633920929,1.028334791920929,-0.30000001192092896,-0.29932186952523804
1.2999999523162842,0.4520844832170105,-0.30000001192092896,0.3103092908859253,0.5222222208976746,-0.30000001192092896,-0.30000001192092896,-0.30000001192092896,-0.30000001192092896,-0.30000001192092896,-0.30000001192092896,0.30000001192092896,-0.295850633920929,1.054287704920929,-0.30000001192092896,-0.299279291525238
1.2999999523162842,0.4233225552170105,-0.30000001192092896,0.3103092908859253,0.5136752128976746,-0.30000001192092896,-0.30000001192092896,-0.30000001192092896,-0.30000001192092896,-0.30000001192092896,-0.30000001192092896,0.30000001192092896,-0.295850633920929,0.917944533920929,-0.30000001192092896,-0.299029369525238
1.2999999523162842,0.3006279982170105,-0.30000001192092896,0.3103092908859253,0.34273504189767456,-0.30000001192092896,-0.17903226992092897,-0.28989900192092893,-0.30000001192092896,-0.30000001192092896,-0.30000001192092896,1.021925145920929,-0.30000001192092896,0.30000001192092896,-0.30000001192092896,-0.29983989952523804
1.2999999523162842,0.45178973221701046,-0.30000001192092896,0.4752577448859253,0.5393162378976746,-0.30000001192092896,-0.30000001192092896,-0.30000001192092896,-0.30000001192092896,-0.30000001192092896,-0.30000001192092896,0.30000001192092896,-0.24605810292092894,0.973676295920929,-0.30000001192092896,-0.295151907525238
1.2999999523162842,0.3354451812170105,-0.30000001192092896,0.3103092908859253,0.3085470078976746,-0.30000001192092896,0.046774182079071025,0.13434342207907102,-0.30000001192092896,-0.30000001192092896,-0.30000001192092896,0.30000001192092896,-0.30000001192092896,0.30000001192092896,-0.30000001192092896,-0.29984189552523804
1.2999999523162842,0.5438884272170105,-0.30000001192092896,0.3103092908859253,0.5222222208976746,-0.30000001192092896,-0.30000001192092896,-0.30000001192092896,-0.30000001192092896,-0.30000001192092896,-0.30000001192092896,0.30000001192092896,-0.30000001192092896,0.30000001192092896,-0.30000001192092896,-0.29915266752523806
1.2999999523162842,0.36061618421701047,-0.30000001192092896,0.3103092908859253,0.4111111098976746,-0.30000001192092896,-0.30000001192092896,-0.30000001192092896,-0.30000001192092896,-0.30000001192092896,-0.30000001192092896,0.30000001192092896,-0.30000001192092896,0.30000001192092896,-0.30000001192092896,-0.299870723525238
1.2999999523162842,0.4527067002170105,-0.30000001192092896,0.3103092908859253,0.5051282038976745,-0.30000001192092896,-0.30000001192092896,-0.30000001192092896,-0.30000001192092896,-0.30000001192092896,-0.30000001192092896,0.30000001192092896,-0.30000001192092896,0.30000001192092896,-0.30000001192092896,-0.299901104925238
1.2999999523162842,0.4826867062170105,-0.30000001192092896,0.3103092908859253,0.5222222208976746,-0.30000001192092896,-0.30000001192092896,-0.30000001192092896,-0.30000001192092896,-0.30000001192092896,-0.30000001192092896,0.30000001192092896,-0.30000001192092896,0.30000001192092896,-0.30000001192092896,-0.29939970752523803
1.2999999523162842,0.3605980082170105,-0.30000001192092896,0.4649484668859253,0.5393162378976746,-0.30000001192092896,-0.30000001192092896,-0.30000001192092896,0.699999988079071,-0.30000001192092896,-0.30000001192092896,0.512566856920929,-0.24605810292092894,0.692159436920929,-0.30000001192092896,-0.26170373252523804
1.2999999523162842,0.3606149732170105,-0.30000001192092896,0.4752577448859253,0.2999999988976746,-0.30000001192092896,-0.30000001192092896,-0.30000001192092896,-0.30000001192092896,-0.30000001192092896,-0.30000001192092896,0.30000001192092896,-0.24605810292092894,0.808402569920929,-0.30000001192092896,-0.293292234525238
1.2999999523162842,0.5435854982170105,-0.30000001192092896,0.3103092908859253,0.5222222208976746,-0.30000001192092896,-0.30000001192092896,-0.30000001192092896,-0.30000001192092896,-0.30000001192092896,-0.30000001192092896,0.30000001192092896,-0.295850633920929,0.891385137920929,-0.30000001192092896,-0.29921453852523805
1.2999999523162842,0.4530096292170105,-0.30000001192092896,0.3103092908859253,0.34273504189767456,-0.30000001192092896,-0.24354839892092894,-0.22929294092092894,-0.30000001192092896,-0.30000001192092896,-0.30000001192092896,0.30000001192092896,-0.30000001192092896,0.30000001192092896,-0.30000001192092896,-0.299854978525238
1.2999999523162842,0.3318342632170105,-0.30000001192092896,0.3618556828859253,0.5393162378976746,-0.30000001192092896,-0.30000001192092896,-0.30000001192092896,0.699999988079071,-0.30000001192092896,-0.30000001192092896,0.39157755192092897,-0.24605810292092894,0.7381502899209289,-0.30000001192092896,-0.262432212525238
1.2999999523162842,0.3633425482170105,-0.30000001192092896,0.3103092908859253,0.3170940158976746,-0.30000001192092896,-0.21129033492092897,-0.18888890092092897,-0.30000001192092896,-0.30000001192092896,-0.30000001192092896,0.30000001192092896,-0.30000001192092896,0.30000001192092896,-0.30000001192092896,-0.29985431352523806
1.2999999523162842,0.4817788272170105,-0.30000001192092896,0.3103092908859253,0.3256410248976746,-0.30000001192092896,-0.30000001192092896,-0.30000001192092896,-0.30000001192092896,-0.30000001192092896,-0.30000001192092896,0.30000001192092896,-0.295850633920929,0.861431282920929,-0.30000001192092896,-0.29933273552523804
1.2999999523162842,0.3615216402170105,-0.30000001192092896,0.44432990988592536,0.5307692298976746,-0.30000001192092896,-0.30000001192092896,-0.30000001192092896,-0.30000001192092896,-0.30000001192092896,-0.30000001192092896,0.30000001192092896,-0.24605810292092894,0.979299344920929,-0.30000001192092896,-0.254483694525238
1.2999999523162842,0.4211938702170105,-0.30000001192092896,0.4237113528859253,0.5393162378976746,-0.30000001192092896,-0.30000001192092896,-0.30000001192092896,-0.30000001192092896,-0.30000001192092896,-0.30000001192092896,0.30000001192092896,-0.24605810292092894,0.973676295920929,-0.30000001192092896,-0.29512662752523805
1.2999999523162842,0.4214955882170105,-0.30000001192092896,0.4237113528859253,0.5393162378976746,-0.30000001192092896,-0.30000001192092896,-0.30000001192092896,-0.30000001192092896,-0.30000001192092896,-0.30000001192092896,0.30000001192092896,-0.24605810292092894,0.765188056920929,-0.30000001192092896,-0.295091367525238
1.2999999523162842,0.30485386321701047,-0.30000001192092896,0.3103092908859253,0.34273504189767456,-0.30000001192092896,-0.24354839892092894,-0.22929294092092894,-0.30000001192092896,-0.30000001192092896,-0.30000001192092896,0.38021391592092896,0.19792529907907103,0.8631749139209289,-0.30000001192092896,-0.24848333152523802
1.2999999523162842,0.4820896322170105,-0.30000001192092896,0.4649484668859253,0.5393162378976746,-0.30000001192092896,-0.30000001192092896,-0.30000001192092896,-0.30000001192092896,-0.30000001192092896,-0.30000001192092896,0.30000001192092896,-0.24605810292092894,0.808402569920929,-0.30000001192092896,-0.29546237052523805
1.2999999523162842,0.3609191142170105,-0.30000001192092896,0.3103092908859253,0.3598290588976746,-0.30000001192092896,-0.30000001192092896,-0.30000001192092896,-0.30000001192092896,-0.30000001192092896,-0.30000001192092896,0.30000001192092896,-0.30000001192092896,0.30000001192092896,-0.30000001192092896,-0.29791924252523805
1.2999999523162842,0.4212020502170105,-0.30000001192092896,0.3103092908859253,0.5051282038976745,-0.30000001192092896,-0.30000001192092896,-0.30000001192092896,-0.30000001192092896,-0.30000001192092896,-0.30000001192092896,0.30000001192092896,-0.29170125692092896,1.159883051920929,-0.30000001192092896,-0.29878587752523805
1.2999999523162842,0.3609085112170105,-0.30000001192092896,0.48556702288592535,0.5393162378976746,-0.30000001192092896,-0.30000001192092896,-0.30000001192092896,-0.30000001192092896,-0.30000001192092896,-0.30000001192092896,0.30000001192092896,-0.24605810292092894,1.014219106920929,-0.30000001192092896,-0.28660818752523803
1.2999999523162842,0.3324416362170105,-0.30000001192092896,0.3103092908859253,0.34273504189767456,-0.30000001192092896,-0.12258065692092895,-0.07777778992092896,-0.30000001192092896,-0.30000001192092896,-0.30000001192092896,0.30000001192092896,-0.30000001192092896,0.30000001192092896,-0.30000001192092896,-0.29984056452523805
0.2999999523162842,0.3012356752170105,-0.08058293892092896,0.3000000128859253,0.3598290588976746,0.699999988079071,-0.30000001192092896,-0.30000001192092896,0.699999988079071,-0.08787879992092895,-0.16721992892092896,0.30000001192092896,-0.30000001192092896,0.30000001192092896,-0.16666667892092896,-0.29868142852523805
1.2999999523162842,0.5123837772170106,-0.30000001192092896,0.3103092908859253,0.5136752128976746,-0.30000001192092896,-0.30000001192092896,-0.30000001192092896,-0.30000001192092896,-0.30000001192092896,-0.30000001192092896,0.30000001192092896,-0.30000001192092896,0.30000001192092896,-0.30000001192092896,-0.29990043962523805
1.2999999523162842,0.3303059852170105,-0.30000001192092896,0.3103092908859253,0.3085470078976746,-0.30000001192092896,0.39354837507907103,-0.28989900192092893,-0.30000001192092896,-0.30000001192092896,-0.30000001192092896,1.150935840920929,-0.30000001192092896,0.30000001192092896,-0.30000001192092896,-0.29984100852523804
1.2999999523162842,0.4230196262170105,-0.30000001192092896,0.3103092908859253,0.5136752128976746,-0.30000001192092896,-0.30000001192092896,-0.30000001192092896,-0.30000001192092896,-0.30000001192092896,-0.30000001192092896,0.30000001192092896,-0.30000001192092896,0.30000001192092896,-0.30000001192092896,-0.299870945525238
1.2999999523162842,0.4212020502170105,-0.30000001192092896,0.3103092908859253,0.5222222208976746,-0.30000001192092896,-0.30000001192092896,-0.30000001192092896,-0.30000001192092896,-0.30000001192092896,-0.30000001192092896,0.30000001192092896,-0.30000001192092896,0.30000001192092896,-0.30000001192092896,-0.298966389525238
1.2999999523162842,0.3036379042170105,-0.30000001192092896,0.3103092908859253,0.3683760668976746,-0.30000001192092896,-0.18709678592092896,-0.28989900192092893,-0.30000001192092896,-0.30000001192092896,-0.30000001192092896,1.010561508920929,-0.12157677492092894,1.088932179920929,-0.30000001192092896,-0.24738118752523802
1.2999999523162842,0.5126867062170105,-0.30000001192092896,0.3103092908859253,0.5136752128976746,-0.30000001192092896,-0.30000001192092896,-0.30000001192092896,-0.30000001192092896,-0.30000001192092896,-0.30000001192092896,0.30000001192092896,-0.30000001192092896,0.30000001192092896,-0.30000001192092896,-0.299901104925238
1.2999999523162842,0.6035655042170105,-0.30000001192092896,0.3103092908859253,0.5222222208976746,-0.30000001192092896,-0.30000001192092896,-0.30000001192092896,-0.30000001192092896,-0.30000001192092896,-0.30000001192092896,0.30000001192092896,-0.30000001192092896,0.30000001192092896,-0.30000001192092896,-0.29986495852523803
1.2999999523162842,0.3321393132170105,-0.30000001192092896,0.3103092908859253,0.3256410248976746,-0.30000001192092896,-0.11451614092092896,-0.06767677992092896,-0.30000001192092896,-0.30000001192092896,-0.30000001192092896,0.33409092092092896,-0.08838175492092895,0.7939963459209289,-0.30000001192092896,-0.261965630525238
1.2999999523162842,0.3321408282170105,-0.30000001192092896,0.3103092908859253,0.38547008389767456,-0.30000001192092896,-0.27580646392092895,-0.28989900192092893,-0.30000001192092896,-0.30000001192092896,-0.30000001192092896,0.6629679259209289,-0.30000001192092896,0.30000001192092896,-0.30000001192092896,-0.267351941525238
1.2999999523162842,0.5429584342170105,-0.30000001192092896,0.3103092908859253,0.5222222208976746,-0.30000001192092896,-0.30000001192092896,-0.30000001192092896,-0.30000001192092896,-0.30000001192092896,-0.30000001192092896,0.30000001192092896,-0.30000001192092896,0.30000001192092896,-0.30000001192092896,-0.29939970752523803
1.2999999523162842,0.4829996322170105,-0.30000001192092896,0.3103092908859253,0.5136752128976746,-0.30000001192092896,-0.30000001192092896,-0.30000001192092896,-0.30000001192092896,-0.30000001192092896,-0.30000001192092896,0.30000001192092896,-0.295850633920929,0.7071134619209289,-0.30000001192092896,-0.299395937525238
1.2999999523162842,0.42271669621701047,-0.30000001192092896,0.3103092908859253,0.5222222208976746,-0.30000001192092896,-0.30000001192092896,-0.30000001192092896,-0.30000001192092896,-0.30000001192092896,-0.30000001192092896,0.30000001192092896,-0.30000001192092896,0.30000001192092896,-0.30000001192092896,-0.29896993752523804
1.2999999523162842,0.36061618421701047,-0.30000001192092896,0.3103092908859253,0.34273504189767456,-0.30000001192092896,-0.30000001192092896,-0.30000001192092896,-0.30000001192092896,-0.30000001192092896,-0.30000001192092896,0.30000001192092896,-0.295850633920929,0.7165446179209289,-0.30000001192092896,-0.29957644952523804
1.2999999523162842,0.3009172962170105,-0.30000001192092896,0.3103092908859253,0.3683760668976746,-0.30000001192092896,-0.19516130192092895,-0.28989900192092893,-0.30000001192092896,-0.30000001192092896,-0.30000001192092896,0.9951871779209289,-0.30000001192092896,0.30000001192092896,-0.30000001192092896,-0.29983879052523804
1.2999999523162842,0.5738784302170106,-0.30000001192092896,0.3103092908859253,0.5222222208976746,-0.30000001192092896,-0.30000001192092896,-0.30000001192092896,-0.30000001192092896,-0.30000001192092896,-0.30000001192092896,0.30000001192092896,-0.295850633920929,0.9714153699209289,-0.30000001192092896,-0.29965051652523805
1.2999999523162842,0.48206933621701054,-0.30000001192092896,0.3103092908859253,0.5136752128976746,-0.30000001192092896,-0.30000001192092896,-0.30000001192092896,-0.30000001192092896,-0.30000001192092896,-0.30000001192092896,0.30000001192092896,-0.30000001192092896,0.30000001192092896,-0.30000001192092896,-0.29990043962523805
1.2999999523162842,0.3027566832170105,-0.30000001192092896,0.3103092908859253,0.3683760668976746,-0.30000001192092896,-0.21129033492092897,-0.28989900192092893,-0.30000001192092896,-0.30000001192092896,-0.30000001192092896,0.9610962689209289,-0.30000001192092896,0.30000001192092896,-0.30000001192092896,-0.291246061525238
1.2999999523162842,0.6038684342170104,-0.30000001192092896,0.3103092908859253,0.5222222208976746,-0.30000001192092896,-0.30000001192092896,-0.30000001192092896,-0.30000001192092896,-0.30000001192092896,-0.30000001192092896,0.30000001192092896,-0.30000001192092896,0.30000001192092896,-0.30000001192092896,-0.29947111352523803
1.2999999523162842,0.4833025622170105,-0.30000001192092896,0.3103092908859253,0.5136752128976746,-0.30000001192092896,-0.30000001192092896,-0.30000001192092896,-0.30000001192092896,-0.30000001192092896,-0.30000001192092896,0.30000001192092896,-0.30000001192092896,0.30000001192092896,-0.30000001192092896,-0.29990132662523805
1.2999999523162842,0.5123837772170106,-0.30000001192092896,0.3103092908859253,0.5222222208976746,-0.30000001192092896,-0.30000001192092896,-0.30000001192092896,-0.30000001192092896,-0.30000001192092896,-0.30000001192092896,0.30000001192092896,-0.30000001192092896,0.30000001192092896,-0.30000001192092896,-0.29914956252523806
1.2999999523162842,0.4530096292170105,-0.30000001192092896,0.3103092908859253,0.5222222208976746,-0.30000001192092896,-0.30000001192092896,-0.30000001192092896,-0.30000001192092896,-0.30000001192092896,-0.30000001192092896,0.30000001192092896,-0.30000001192092896,0.30000001192092896,-0.30000001192092896,-0.29990043962523805
1.2999999523162842,0.4221108382170105,-0.30000001192092896,0.3103092908859253,0.34273504189767456,-0.30000001192092896,-0.22741936692092896,-0.20909092092092896,-0.30000001192092896,-0.30000001192092896,-0.30000001192092896,0.368850278920929,0.12738588007907103,0.891385137920929,-0.30000001192092896,-0.26240670952523804
1.2999999523162842,0.5120808482170105,-0.30000001192092896,0.3103092908859253,0.5222222208976746,-0.30000001192092896,-0.30000001192092896,-0.30000001192092896,-0.30000001192092896,-0.30000001192092896,-0.30000001192092896,0.30000001192092896,-0.2875518789209289,0.944194374920929,-0.30000001192092896,-0.29910742852523803
1.2999999523162842,0.5735755012170105,-0.30000001192092896,0.3103092908859253,0.5222222208976746,-0.30000001192092896,-0.30000001192092896,-0.30000001192092896,-0.30000001192092896,-0.30000001192092896,-0.30000001192092896,0.30000001192092896,-0.30000001192092896,0.30000001192092896,-0.30000001192092896,-0.299900661325238
1.2999999523162842,0.3327321462170105,-0.30000001192092896,0.4134020748859253,0.5393162378976746,-0.30000001192092896,-0.30000001192092896,-0.30000001192092896,0.699999988079071,-0.30000001192092896,-0.30000001192092896,0.30000001192092896,-0.24605810292092894,1.019762921920929,-0.30000001192092896,-0.24086922652523804
1.2999999523162842,0.9364848342170105,-0.30000001192092896,0.3103092908859253,0.3769230758976746,-0.30000001192092896,-0.30000001192092896,-0.30000001192092896,-0.30000001192092896,-0.30000001192092896,-0.30000001192092896,0.30000001192092896,-0.30000001192092896,0.30000001192092896,-0.30000001192092896,-0.29990487482523803
1.2999999523162842,0.6041713632170105,-0.30000001192092896,0.3103092908859253,0.5222222208976746,-0.30000001192092896,-0.30000001192092896,-0.30000001192092896,-0.30000001192092896,-0.30000001192092896,-0.30000001192092896,0.30000001192092896,-0.30000001192092896,0.30000001192092896,-0.30000001192092896,-0.29939948552523804
1.2999999523162842,0.5726436902170104,-0.30000001192092896,0.3103092908859253,0.3769230758976746,-0.30000001192092896,-0.30000001192092896,-0.30000001192092896,-0.30000001192092896,-0.30000001192092896,-0.30000001192092896,0.30000001192092896,-0.30000001192092896,0.30000001192092896,-0.30000001192092896,-0.29972569352523803
1.2999999523162842,0.3318285072170105,-0.30000001192092896,0.49587630188592535,0.3683760668976746,-0.30000001192092896,-0.23548388292092895,-0.28989900192092893,-0.30000001192092896,-0.30000001192092896,-0.30000001192092896,0.861497337920929,0.19792529907907103,0.765188056920929,-0.30000001192092896,-0.22359417752523802
1.2999999523162842,0.3318378982170105,-0.30000001192092896,0.3103092908859253,0.46239316089767457,-0.30000001192092896,-0.27580646392092895,-0.28989900192092893,-0.30000001192092896,-0.30000001192092896,-0.30000001192092896,0.6562834339209289,0.07759334907907106,1.044382434920929,-0.30000001192092896,-0.24962361752523804
1.2999999523162842,0.3318378982170105,-0.30000001192092896,0.3103092908859253,0.33418803289767457,-0.30000001192092896,-0.27580646392092895,-0.28989900192092893,-0.30000001192092896,-0.30000001192092896,-0.30000001192092896,0.6629679259209289,-0.30000001192092896,0.30000001192092896,-0.30000001192092896,-0.29129972752523803
1.2999999523162842,0.4521008412170105,-0.30000001192092896,0.3103092908859253,0.5222222208976746,-0.30000001192092896,-0.30000001192092896,-0.30000001192092896,-0.30000001192092896,-0.30000001192092896,-0.30000001192092896,0.30000001192092896,-0.2875518789209289,0.927652313920929,-0.30000001192092896,-0.29897570352523806
1.2999999523162842,0.42150497921701047,-0.30000001192092896,0.3103092908859253,0.5222222208976746,-0.30000001192092896,-0.30000001192092896,-0.30000001192092896,-0.30000001192092896,-0.30000001192092896,-0.30000001192092896,0.30000001192092896,-0.29170125692092896,0.920659170920929,-0.30000001192092896,-0.299322313525238
1.2999999523162842,0.30062678721701047,-0.30000001192092896,0.49587630188592535,0.5393162378976746,-0.30000001192092896,-0.30000001192092896,-0.30000001192092896,0.699999988079071,-0.30000001192092896,-0.30000001192092896,0.38556150892092894,-0.24605810292092894,0.765188056920929,-0.30000001192092896,-0.263171779525238
1.2999999523162842,0.4214968002170105,-0.30000001192092896,0.4134020748859253,0.5393162378976746,-0.30000001192092896,-0.30000001192092896,-0.30000001192092896,-0.30000001192092896,-0.30000001192092896,-0.30000001192092896,0.30000001192092896,-0.24605810292092894,0.973676295920929,-0.30000001192092896,-0.295115095525238
1.2999999523162842,0.7244112832170104,-0.30000001192092896,0.3103092908859253,0.3769230758976746,-0.30000001192092896,-0.30000001192092896,-0.30000001192092896,-0.30000001192092896,-0.30000001192092896,-0.30000001192092896,0.30000001192092896,-0.2875518789209289,0.860955634920929,-0.30000001192092896,-0.29981395352523804
1.2999999523162842,0.4220935712170105,-0.30000001192092896,0.3103092908859253,0.5222222208976746,-0.30000001192092896,-0.30000001192092896,-0.30000001192092896,-0.30000001192092896,-0.30000001192092896,-0.30000001192092896,0.30000001192092896,-0.30000001192092896,0.30000001192092896,-0.30000001192092896,-0.299256672525238
1.2999999523162842,0.3921208342170105,-0.30000001192092896,0.3103092908859253,0.5136752128976746,-0.30000001192092896,-0.30000001192092896,-0.30000001192092896,-0.30000001192092896,-0.30000001192092896,-0.30000001192092896,0.30000001192092896,-0.30000001192092896,0.30000001192092896,-0.30000001192092896,-0.29914557052523805
1.2999999523162842,0.4530096292170105,-0.30000001192092896,0.3103092908859253,0.5393162378976746,-0.30000001192092896,-0.30000001192092896,-0.30000001192092896,-0.30000001192092896,-0.30000001192092896,-0.30000001192092896,0.30000001192092896,-0.29170125692092896,0.918342235920929,-0.30000001192092896,-0.298849078525238
1.2999999523162842,0.3630396192170105,-0.30000001192092896,0.3103092908859253,0.33418803289767457,-0.30000001192092896,-0.23548388292092895,-0.21919193092092895,-0.30000001192092896,-0.30000001192092896,-0.30000001192092896,0.30000001192092896,-0.30000001192092896,0.30000001192092896,-0.30000001192092896,-0.298019033525238
1.2999999523162842,0.4517979122170105,-0.30000001192092896,0.3103092908859253,0.5222222208976746,-0.30000001192092896,-0.30000001192092896,-0.30000001192092896,-0.30000001192092896,-0.30000001192092896,-0.30000001192092896,0.30000001192092896,-0.295850633920929,0.9792399689209289,-0.30000001192092896,-0.29907416452523805
1.2999999523162842,0.3918179052170105,-0.30000001192092896,0.3103092908859253,0.4880341868976746,-0.30000001192092896,-0.30000001192092896,-0.30000001192092896,-0.30000001192092896,-0.30000001192092896,-0.30000001192092896,0.30000001192092896,-0.30000001192092896,0.30000001192092896,-0.30000001192092896,-0.29849182452523804
1.2999999523162842,0.4521008412170105,-0.30000001192092896,0.3103092908859253,0.5222222208976746,-0.30000001192092896,-0.30000001192092896,-0.30000001192092896,-0.30000001192092896,-0.30000001192092896,-0.30000001192092896,0.30000001192092896,-0.295850633920929,1.1746556309209288,-0.30000001192092896,-0.299178834525238
1.2999999523162842,0.5123837772170106,-0.30000001192092896,0.3103092908859253,0.5136752128976746,-0.30000001192092896,-0.30000001192092896,-0.30000001192092896,-0.30000001192092896,-0.30000001192092896,-0.30000001192092896,0.30000001192092896,-0.295850633920929,1.124763670920929,-0.30000001192092896,-0.299471335525238
1.2999999523162842,0.3054672942170105,-0.30000001192092896,0.3103092908859253,0.34273504189767456,-0.30000001192092896,-0.13870968892092894,-0.28989900192092893,-0.30000001192092896,-0.30000001192092896,-0.30000001192092896,1.062032097920929,-0.19626557192092897,0.979165439920929,-0.30000001192092896,-0.260327716525238
1.2999999523162842,0.3318378982170105,-0.30000001192092896,0.3103092908859253,0.3769230758976746,-0.30000001192092896,-0.29193549592092893,-0.28989900192092893,-0.30000001192092896,-0.30000001192092896,-0.30000001192092896,0.4610962689209289,0.18547716607907105,0.7382474989209289,-0.30000001192092896,-0.27342304552523805
1.2999999523162842,0.3045466922170105,-0.30000001192092896,0.3103092908859253,0.3512820498976746,-0.30000001192092896,-0.21935485092092893,-0.19898991092092894,-0.30000001192092896,-0.30000001192092896,-0.30000001192092896,0.30000001192092896,-0.30000001192092896,0.30000001192092896,-0.30000001192092896,-0.29983989952523804
1.2999999523162842,0.3303084082170105,-0.30000001192092896,0.4134020748859253,0.4367521358976746,-0.30000001192092896,-0.27580646392092895,-0.28989900192092893,-0.30000001192092896,-0.30000001192092896,-0.30000001192092896,0.6629679259209289,0.45103733207907104,0.828261539920929,-0.30000001192092896,-0.22126703552523802
1.2999999523162842,0.4530096292170105,-0.30000001192092896,0.3103092908859253,0.5222222208976746,-0.30000001192092896,-0.30000001192092896,-0.30000001192092896,-0.30000001192092896,-0.30000001192092896,-0.30000001192092896,0.30000001192092896,-0.30000001192092896,0.30000001192092896,-0.30000001192092896,-0.299900661325238
0.2999999523162842,0.3006073992170105,-0.13475323692092894,0.3000000128859253,0.3256410248976746,0.699999988079071,-0.30000001192092896,-0.30000001192092896,0.699999988079071,-0.23939395092092897,-0.14647304092092894,0.30000001192092896,-0.30000001192092896,0.30000001192092896,-0.23333334492092894,-0.29850845652523805
1.2999999523162842,0.5429493462170105,-0.30000001192092896,0.3103092908859253,0.5222222208976746,-0.30000001192092896,-0.30000001192092896,-0.30000001192092896,-0.30000001192092896,-0.30000001192092896,-0.30000001192092896,0.30000001192092896,-0.30000001192092896,0.30000001192092896,-0.30000001192092896,-0.29939970752523803
1.2999999523162842,0.5426767102170105,-0.30000001192092896,0.3103092908859253,0.5222222208976746,-0.30000001192092896,-0.30000001192092896,-0.30000001192092896,-0.30000001192092896,-0.30000001192092896,-0.30000001192092896,0.30000001192092896,-0.295850633920929,1.018495879920929,-0.30000001192092896,-0.29931211252523804
1.2999999523162842,0.6335555082170106,-0.30000001192092896,0.3103092908859253,0.3769230758976746,-0.30000001192092896,-0.30000001192092896,-0.30000001192092896,-0.30000001192092896,-0.30000001192092896,-0.30000001192092896,0.30000001192092896,-0.29170125692092896,0.8365443559209289,-0.30000001192092896,-0.29949284652523805
1.2999999523162842,0.3315298192170105,-0.30000001192092896,0.3103092908859253,0.34273504189767456,-0.30000001192092896,-0.26774194692092895,-0.259595971920929,-0.30000001192092896,-0.30000001192092896,-0.30000001192092896,0.30000001192092896,-0.30000001192092896,0.30000001192092896,-0.30000001192092896,-0.299835464525238
1.2999999523162842,0.5741813592170105,-0.30000001192092896,0.3103092908859253,0.5222222208976746,-0.30000001192092896,-0.30000001192092896,-0.30000001192092896,-0.30000001192092896,-0.30000001192092896,-0.30000001192092896,0.30000001192092896,-0.30000001192092896,0.30000001192092896,-0.30000001192092896,-0.299901104925238
1.2999999523162842,0.4521008412170105,-0.30000001192092896,0.3103092908859253,0.5136752128976746,-0.30000001192092896,-0.30000001192092896,-0.30000001192092896,-0.30000001192092896,-0.30000001192092896,-0.30000001192092896,0.30000001192092896,-0.30000001192092896,0.30000001192092896,-0.30000001192092896,-0.299899774525238
1.2999999523162842,0.3927266932170105,-0.30000001192092896,0.3103092908859253,0.5222222208976746,-0.30000001192092896,-0.30000001192092896,-0.30000001192092896,-0.30000001192092896,-0.30000001192092896,-0.30000001192092896,0.30000001192092896,-0.295850633920929,0.737751744920929,-0.30000001192092896,-0.29942454452523803
1.2999999523162842,0.3621296192170105,-0.30000001192092896,0.48556702288592535,0.5393162378976746,-0.30000001192092896,-0.30000001192092896,-0.30000001192092896,-0.30000001192092896,-0.30000001192092896,-0.30000001192092896,0.30000001192092896,-0.24605810292092894,0.808402569920929,-0.30000001192092896,-0.279754717525238
1.2999999523162842,0.4224137672170105,-0.30000001192092896,0.3103092908859253,0.5222222208976746,-0.30000001192092896,-0.30000001192092896,-0.30000001192092896,-0.30000001192092896,-0.30000001192092896,-0.30000001192092896,0.30000001192092896,-0.295850633920929,0.9899074149209289,-0.30000001192092896,-0.29918504452523803
1.2999999523162842,0.3618057882170105,-0.30000001192092896,0.3103092908859253,0.3256410248976746,-0.30000001192092896,-0.17903226992092897,-0.14848485992092897,-0.30000001192092896,-0.30000001192092896,-0.30000001192092896,0.30000001192092896,-0.30000001192092896,0.30000001192092896,-0.30000001192092896,-0.299842116525238
1.2999999523162842,0.5438884272170105,-0.30000001192092896,0.3103092908859253,0.5307692298976746,-0.30000001192092896,-0.30000001192092896,-0.30000001192092896,-0.30000001192092896,-0.30000001192092896,-0.30000001192092896,0.30000001192092896,-0.30000001192092896,0.30000001192092896,-0.30000001192092896,-0.299901104925238
1.2999999523162842,0.3321250752170105,-0.30000001192092896,0.3103092908859253,0.3512820498976746,-0.30000001192092896,-0.25161291492092897,-0.28989900192092893,-0.30000001192092896,-0.30000001192092896,-0.30000001192092896,0.825401081920929,-0.30000001192092896,0.30000001192092896,-0.30000001192092896,-0.299841229525238
1.2999999523162842,0.4521008412170105,-0.30000001192092896,0.3103092908859253,0.5136752128976746,-0.30000001192092896,-0.30000001192092896,-0.30000001192092896,-0.30000001192092896,-0.30000001192092896,-0.30000001192092896,0.30000001192092896,-0.30000001192092896,0.30000001192092896,-0.30000001192092896,-0.299900661325238
1.2999999523162842,0.8153049242170105,-0.30000001192092896,0.3103092908859253,0.3769230758976746,-0.30000001192092896,-0.30000001192092896,-0.30000001192092896,-0.30000001192092896,-0.30000001192092896,-0.30000001192092896,0.30000001192092896,-0.30000001192092896,0.30000001192092896,-0.30000001192092896,-0.29990465302523805
1.2999999523162842,0.5729696422170105,-0.30000001192092896,0.3103092908859253,0.5222222208976746,-0.30000001192092896,-0.30000001192092896,-0.30000001192092896,-0.30000001192092896,-0.30000001192092896,-0.30000001192092896,0.30000001192092896,-0.30000001192092896,0.30000001192092896,-0.30000001192092896,-0.29990132662523805
1.2999999523162842,0.3627063972170105,-0.30000001192092896,0.3103092908859253,0.3256410248976746,-0.30000001192092896,-0.24354839892092894,-0.22929294092092894,-0.30000001192092896,-0.30000001192092896,-0.30000001192092896,0.30000001192092896,-0.30000001192092896,0.30000001192092896,-0.30000001192092896,-0.29984854752523804
1.2999999523162842,0.4820908442170105,-0.30000001192092896,0.3103092908859253,0.5222222208976746,-0.30000001192092896,-0.30000001192092896,-0.30000001192092896,-0.30000001192092896,-0.30000001192092896,-0.30000001192092896,0.30000001192092896,-0.30000001192092896,0.30000001192092896,-0.30000001192092896,-0.299900661325238
1.2999999523162842,1.1179395012170104,-0.30000001192092896,0.3103092908859253,0.3769230758976746,-0.30000001192092896,-0.30000001192092896,-0.30000001192092896,-0.30000001192092896,-0.30000001192092896,-0.30000001192092896,0.30000001192092896,-0.30000001192092896,0.30000001192092896,-0.30000001192092896,-0.29975518752523805
1.2999999523162842,0.3612081082170105,-0.30000001192092896,0.48556702288592535,0.5393162378976746,-0.30000001192092896,-0.29193549592092893,-0.28989900192092893,-0.30000001192092896,-0.30000001192092896,-0.30000001192092896,0.30000001192092896,-0.30000001192092896,0.30000001192092896,-0.30000001192092896,-0.29893711752523805
1.2999999523162842,0.3306261812170105,-0.30000001192092896,0.3103092908859253,0.3512820498976746,-0.30000001192092896,-0.20322581792092898,-0.28989900192092893,-0.30000001192092896,-0.30000001192092896,-0.30000001192092896,0.981818193920929,-0.30000001192092896,0.30000001192092896,-0.30000001192092896,-0.29985342652523805
1.2999999523162842,0.3303126492170105,-0.30000001192092896,0.3103092908859253,0.3598290588976746,-0.30000001192092896,-0.21129033492092897,-0.18888890092092897,-0.30000001192092896,-0.30000001192092896,-0.30000001192092896,0.36016043992092894,0.07344397107907102,1.014219106920929,-0.30000001192092896,-0.25484161352523804
1.2999999523162842,0.5126861002170104,-0.30000001192092896,0.3103092908859253,0.5307692298976746,-0.30000001192092896,-0.30000001192092896,-0.30000001192092896,-0.30000001192092896,-0.30000001192092896,-0.30000001192092896,0.30000001192092896,-0.30000001192092896,0.30000001192092896,-0.30000001192092896,-0.299900661325238
1.2999999523162842,0.4212020502170105,-0.30000001192092896,0.3103092908859253,0.5222222208976746,-0.30000001192092896,-0.30000001192092896,-0.30000001192092896,-0.30000001192092896,-0.30000001192092896,-0.30000001192092896,0.30000001192092896,-0.2875518789209289,0.861063292920929,-0.30000001192092896,-0.28771365752523803
1.2999999523162842,0.48239377421701046,-0.30000001192092896,0.3103092908859253,0.5051282038976745,-0.30000001192092896,-0.30000001192092896,-0.30000001192092896,-0.30000001192092896,-0.30000001192092896,-0.30000001192092896,0.30000001192092896,-0.30000001192092896,0.30000001192092896,-0.30000001192092896,-0.299507038525238
1.2999999523162842,0.4829996322170105,-0.30000001192092896,0.3103092908859253,0.5136752128976746,-0.30000001192092896,-0.30000001192092896,-0.30000001192092896,-0.30000001192092896,-0.30000001192092896,-0.30000001192092896,0.30000001192092896,-0.295850633920929,1.1441927509209289,-0.30000001192092896,-0.299659165525238
1.2999999523162842,0.5435854982170105,-0.30000001192092896,0.3103092908859253,0.5222222208976746,-0.30000001192092896,-0.30000001192092896,-0.30000001192092896,-0.30000001192092896,-0.30000001192092896,-0.30000001192092896,0.30000001192092896,-0.29170125692092896,0.7509791739209289,-0.30000001192092896,-0.29946313052523804
1.2999999523162842,0.5126867062170105,-0.30000001192092896,0.3103092908859253,0.5136752128976746,-0.30000001192092896,-0.30000001192092896,-0.30000001192092896,-0.30000001192092896,-0.30000001192092896,-0.30000001192092896,0.30000001192092896,-0.30000001192092896,0.30000001192092896,-0.30000001192092896,-0.299900661325238
1.2999999523162842,0.42150497921701047,-0.30000001192092896,0.3103092908859253,0.5051282038976745,-0.30000001192092896,-0.30000001192092896,-0.30000001192092896,-0.30000001192092896,-0.30000001192092896,-0.30000001192092896,0.30000001192092896,-0.30000001192092896,0.30000001192092896,-0.30000001192092896,-0.29990132662523805
1.2999999523162842,0.3920932682170105,-0.30000001192092896,0.3103092908859253,0.4880341868976746,-0.30000001192092896,-0.29193549592092893,-0.28989900192092893,-0.30000001192092896,-0.30000001192092896,-0.30000001192092896,0.4610962689209289,-0.30000001192092896,0.30000001192092896,-0.30000001192092896,-0.299892899525238
1.2999999523162842,0.3009212342170105,-0.30000001192092896,0.3103092908859253,0.3769230758976746,-0.30000001192092896,-0.25161291492092897,-0.23939395092092897,-0.30000001192092896,-0.30000001192092896,-0.30000001192092896,0.30000001192092896,-0.30000001192092896,0.30000001192092896,-0.30000001192092896,-0.29984012152523803
1.2999999523162842,0.3930296222170105,-0.30000001192092896,0.3103092908859253,0.5222222208976746,-0.30000001192092896,-0.30000001192092896,-0.30000001192092896,-0.30000001192092896,-0.30000001192092896,-0.30000001192092896,0.30000001192092896,-0.295850633920929,0.721907532920929,-0.30000001192092896,-0.298751726525238
1.2999999523162842,0.3048681002170105,-0.30000001192092896,0.3103092908859253,0.3256410248976746,-0.30000001192092896,-0.24354839892092894,-0.22929294092092894,-0.30000001192092896,-0.30000001192092896,-0.30000001192092896,0.30000001192092896,-0.30000001192092896,0.30000001192092896,-0.30000001192092896,-0.29983945552523805
1.2999999523162842,0.3039481042170105,-0.30000001192092896,0.3103092908859253,0.3512820498976746,-0.30000001192092896,-0.15483872192092896,-0.28989900192092893,-0.30000001192092896,-0.30000001192092896,-0.30000001192092896,1.0459893169209291,-0.17136930692092894,0.6740299839209289,-0.30000001192092896,-0.25118169852523803
1.2999999523162842,0.4212020502170105,-0.30000001192092896,0.3103092908859253,0.41965811889767457,-0.30000001192092896,-0.28387097992092897,-0.28989900192092893,-0.30000001192092896,-0.30000001192092896,-0.30000001192092896,0.575401081920929,0.18547716607907105,1.003730975920929,-0.30000001192092896,-0.25198158352523803
1.2999999523162842,0.3915149762170105,-0.30000001192092896,0.3103092908859253,0.3940170928976746,-0.30000001192092896,-0.30000001192092896,-0.30000001192092896,-0.30000001192092896,-0.30000001192092896,-0.30000001192092896,0.30000001192092896,-0.30000001192092896,0.30000001192092896,-0.30000001192092896,-0.299870945525238
1.2999999523162842,0.3321296192170105,-0.30000001192092896,0.3103092908859253,0.33418803289767457,-0.30000001192092896,-0.14677420592092896,-0.10808081992092897,-0.30000001192092896,-0.30000001192092896,-0.30000001192092896,1.048663113920929,-0.05103735592092895,1.0270663139209288,-0.30000001192092896,-0.24854231952523803
1.2999999523162842,0.3054663862170105,-0.30000001192092896,0.3103092908859253,0.3512820498976746,-0.30000001192092896,-0.19516130192092895,-0.16868688092092896,-0.30000001192092896,-0.30000001192092896,-0.30000001192092896,0.35347594792092896,0.03195019507907104,0.766397456920929,-0.30000001192092896,-0.25550777852523804
1.2999999523162842,0.3006189112170105,-0.30000001192092896,0.3103092908859253,0.3256410248976746,-0.30000001192092896,-0.05806452792092895,0.0030302910790710458,-0.30000001192092896,-0.30000001192092896,-0.30000001192092896,0.30000001192092896,-0.30000001192092896,0.30000001192092896,-0.30000001192092896,-0.29983879052523804
1.2999999523162842,0.4820653982170105,-0.30000001192092896,0.4237113528859253,0.5393162378976746,-0.30000001192092896,-0.30000001192092896,-0.30000001192092896,-0.30000001192092896,-0.30000001192092896,-0.30000001192092896,0.30000001192092896,-0.24605810292092894,0.572031290920929,-0.30000001192092896,-0.29517430552523805
1.2999999523162842,0.5120669132170105,-0.30000001192092896,0.3103092908859253,0.3769230758976746,-0.30000001192092896,-0.30000001192092896,-0.30000001192092896,-0.30000001192092896,-0.30000001192092896,-0.30000001192092896,0.30000001192092896,-0.29170125692092896,1.003730975920929,-0.30000001192092896,-0.299902657225238
1.2999999523162842,0.3327166962170105,-0.30000001192092896,0.3103092908859253,0.3170940158976746,-0.30000001192092896,-0.09032259292092895,-0.03737374892092893,-0.30000001192092896,-0.30000001192092896,-0.30000001192092896,0.30000001192092896,-0.30000001192092896,0.30000001192092896,-0.30000001192092896,-0.299844999525238
1.2999999523162842,0.5729696422170105,-0.30000001192092896,0.3103092908859253,0.5136752128976746,-0.30000001192092896,-0.30000001192092896,-0.30000001192092896,-0.30000001192092896,-0.30000001192092896,-0.30000001192092896,0.30000001192092896,-0.30000001192092896,0.30000001192092896,-0.30000001192092896,-0.29990132662523805
1.2999999523162842,0.5126867062170105,-0.30000001192092896,0.3103092908859253,0.5222222208976746,-0.30000001192092896,-0.30000001192092896,-0.30000001192092896,-0.30000001192092896,-0.30000001192092896,-0.30000001192092896,0.30000001192092896,-0.30000001192092896,0.30000001192092896,-0.30000001192092896,-0.299138252525238
1.2999999523162842,0.33151800521701047,-0.30000001192092896,0.3103092908859253,0.33418803289767457,-0.30000001192092896,-0.15483872192092896,-0.11818182992092896,-0.30000001192092896,-0.30000001192092896,-0.30000001192092896,0.30000001192092896,-0.30000001192092896,0.30000001192092896,-0.30000001192092896,-0.29983901252523804
1.2999999523162842,0.3914855912170105,-0.30000001192092896,0.3103092908859253,0.34273504189767456,-0.30000001192092896,-0.29193549592092893,-0.28989900192092893,-0.30000001192092896,-0.30000001192092896,-0.30000001192092896,0.4610962689209289,0.699999988079071,1.131897453920929,-0.30000001192092896,-0.24152408152523802
1.2999999523162842,0.3609024522170105,-0.30000001192092896,0.3103092908859253,0.3598290588976746,-0.30000001192092896,-0.17903226992092897,-0.28989900192092893,-0.30000001192092896,-0.30000001192092896,-0.30000001192092896,1.021925145920929,-0.30000001192092896,0.30000001192092896,-0.30000001192092896,-0.299847217525238
1.2999999523162842,0.3618185112170105,-0.30000001192092896,0.3103092908859253,0.5136752128976746,-0.30000001192092896,-0.30000001192092896,-0.30000001192092896,-0.30000001192092896,-0.30000001192092896,-0.30000001192092896,0.30000001192092896,-0.295850633920929,0.737751744920929,-0.30000001192092896,-0.272225324525238
1.2999999523162842,0.3621050822170105,-0.30000001192092896,0.5371134148859253,0.5393162378976746,-0.30000001192092896,-0.30000001192092896,-0.30000001192092896,-0.30000001192092896,-0.30000001192092896,-0.30000001192092896,0.30000001192092896,-0.24605810292092894,0.9253503849209289,-0.30000001192092896,-0.254022878525238
1.2999999523162842,0.5729696422170105,-0.30000001192092896,0.3103092908859253,0.5222222208976746,-0.30000001192092896,-0.30000001192092896,-0.30000001192092896,-0.30000001192092896,-0.30000001192092896,-0.30000001192092896,0.30000001192092896,-0.30000001192092896,0.30000001192092896,-0.30000001192092896,-0.299901104925238
1.2999999523162842,0.3614949822170105,-0.30000001192092896,0.3103092908859253,0.3256410248976746,-0.30000001192092896,-0.19516130192092895,-0.16868688092092896,-0.30000001192092896,-0.30000001192092896,-0.30000001192092896,0.35347594792092896,0.03195019507907104,0.9747591699209289,-0.30000001192092896,-0.258645007525238
1.2999999523162842,0.42150497921701047,-0.30000001192092896,0.3103092908859253,0.5222222208976746,-0.30000001192092896,-0.30000001192092896,-0.30000001192092896,-0.30000001192092896,-0.30000001192092896,-0.30000001192092896,0.30000001192092896,-0.30000001192092896,0.30000001192092896,-0.30000001192092896,-0.299900661325238
1.2999999523162842,0.5423737802170105,-0.30000001192092896,0.3103092908859253,0.5136752128976746,-0.30000001192092896,-0.30000001192092896,-0.30000001192092896,-0.30000001192092896,-0.30000001192092896,-0.30000001192092896,0.30000001192092896,-0.30000001192092896,0.30000001192092896,-0.30000001192092896,-0.29965007352523804
1.2999999523162842,0.5426767102170105,-0.30000001192092896,0.3103092908859253,0.5222222208976746,-0.30000001192092896,-0.30000001192092896,-0.30000001192092896,-0.30000001192092896,-0.30000001192092896,-0.30000001192092896,0.30000001192092896,-0.30000001192092896,0.30000001192092896,-0.30000001192092896,-0.29922074752523803
1.2999999523162842,0.3605861942170105,-0.30000001192092896,0.3103092908859253,0.3769230758976746,-0.30000001192092896,-0.30000001192092896,-0.30000001192092896,-0.30000001192092896,-0.30000001192092896,-0.30000001192092896,0.30000001192092896,-0.30000001192092896,0.30000001192092896,-0.30000001192092896,-0.27792076752523803
1.2999999523162842,0.4517979122170105,-0.30000001192092896,0.3103092908859253,0.38547008389767456,-0.30000001192092896,-0.25967743092092893,-0.24949496092092896,-0.30000001192092896,-0.30000001192092896,-0.30000001192092896,0.30000001192092896,-0.30000001192092896,0.30000001192092896,-0.30000001192092896,-0.299856087525238
1.2999999523162842,0.4820908442170105,-0.30000001192092896,0.3103092908859253,0.5222222208976746,-0.30000001192092896,-0.30000001192092896,-0.30000001192092896,-0.30000001192092896,-0.30000001192092896,-0.30000001192092896,0.30000001192092896,-0.30000001192092896,0.30000001192092896,-0.30000001192092896,-0.29932785752523805
1.2999999523162842,0.6941413732170105,-0.30000001192092896,0.3103092908859253,0.3769230758976746,-0.30000001192092896,-0.30000001192092896,-0.30000001192092896,-0.30000001192092896,-0.30000001192092896,-0.30000001192092896,0.30000001192092896,-0.30000001192092896,0.30000001192092896,-0.30000001192092896,-0.299797321525238
1.2999999523162842,0.42150497921701047,-0.30000001192092896,0.3103092908859253,0.33418803289767457,-0.30000001192092896,-0.22741936692092896,-0.20909092092092896,-0.30000001192092896,-0.30000001192092896,-0.30000001192092896,0.30000001192092896,-0.30000001192092896,0.30000001192092896,-0.30000001192092896,-0.299855200525238
1.2999999523162842,0.3318148762170105,-0.30000001192092896,0.3103092908859253,0.3256410248976746,-0.30000001192092896,-0.20322581792092898,-0.28989900192092893,-0.30000001192092896,-0.30000001192092896,-0.30000001192092896,0.981818193920929,-0.13402490792092894,0.860955634920929,-0.30000001192092896,-0.23439607252523803
1.2999999523162842,0.3054688092170105,-0.30000001192092896,0.3103092908859253,0.3512820498976746,-0.30000001192092896,-0.17903226992092897,-0.14848485992092897,-0.30000001192092896,-0.30000001192092896,-0.30000001192092896,0.30000001192092896,-0.30000001192092896,0.30000001192092896,-0.30000001192092896,-0.29984012152523803
1.2999999523162842,1.1179395012170104,-0.30000001192092896,0.3103092908859253,0.3769230758976746,-0.30000001192092896,-0.30000001192092896,-0.30000001192092896,-0.30000001192092896,-0.30000001192092896,-0.30000001192092896,0.30000001192092896,-0.30000001192092896,0.30000001192092896,-0.30000001192092896,-0.29985475752523805
1.2999999523162842,0.5132925652170105,-0.30000001192092896,0.3103092908859253,0.5222222208976746,-0.30000001192092896,-0.30000001192092896,-0.30000001192092896,-0.30000001192092896,-0.30000001192092896,-0.30000001192092896,0.30000001192092896,-0.30000001192092896,0.30000001192092896,-0.30000001192092896,-0.29990043962523805
1.2999999523162842,0.5123825652170105,-0.30000001192092896,0.4546391878859253,0.5393162378976746,-0.30000001192092896,-0.30000001192092896,-0.30000001192092896,-0.30000001192092896,-0.30000001192092896,-0.30000001192092896,0.30000001192092896,-0.24605810292092894,0.808402569920929,-0.30000001192092896,-0.29546658452523805
1.2999999523162842,0.3024370922170105,-0.30000001192092896,0.3103092908859253,0.34273504189767456,-0.30000001192092896,-0.21935485092092893,-0.28989900192092893,-0.30000001192092896,-0.30000001192092896,-0.30000001192092896,0.9417112419209289,-0.30000001192092896,0.30000001192092896,-0.30000001192092896,-0.29983834652523805
1.2999999523162842,0.4214901352170105,-0.30000001192092896,0.3103092908859253,0.3598290588976746,-0.30000001192092896,-0.27580646392092895,-0.28989900192092893,-0.30000001192092896,-0.30000001192092896,-0.30000001192092896,0.6629679259209289,0.07759334907907106,0.828261539920929,-0.30000001192092896,-0.264285010525238
1.2999999523162842,0.42180790821701053,-0.30000001192092896,0.3103092908859253,0.5051282038976745,-0.30000001192092896,-0.30000001192092896,-0.30000001192092896,-0.30000001192092896,-0.30000001192092896,-0.30000001192092896,0.30000001192092896,-0.30000001192092896,0.30000001192092896,-0.30000001192092896,-0.29948685852523804
1.2999999523162842,0.3324310342170105,-0.30000001192092896,0.3103092908859253,0.2999999988976746,-0.30000001192092896,-0.30000001192092896,-0.30000001192092896,-0.30000001192092896,-0.30000001192092896,-0.30000001192092896,0.30066846092092897,-0.30000001192092896,0.30000001192092896,-0.30000001192092896,-0.299870945525238
1.2999999523162842,0.3921050822170105,-0.30000001192092896,0.3103092908859253,0.5136752128976746,-0.30000001192092896,-0.30000001192092896,-0.30000001192092896,-0.30000001192092896,-0.30000001192092896,-0.30000001192092896,0.30000001192092896,-0.29170125692092896,0.979165439920929,-0.30000001192092896,-0.29882158052523805
1.2999999523162842,0.33302629021701047,-0.30000001192092896,0.3103092908859253,0.3598290588976746,-0.30000001192092896,-0.21935485092092893,-0.28989900192092893,-0.30000001192092896,-0.30000001192092896,-0.30000001192092896,0.9417112419209289,-0.30000001192092896,0.30000001192092896,-0.30000001192092896,-0.29984189552523804
1.2999999523162842,0.3030565832170105,-0.30000001192092896,0.3103092908859253,0.3085470078976746,-0.30000001192092896,0.25645160107907106,-0.28989900192092893,-0.30000001192092896,-0.30000001192092896,-0.30000001192092896,1.1763369099209289,-0.23360997092092894,1.0151738689209289,-0.30000001192092896,-0.24977241752523804
1.2999999523162842,0.4530096292170105,-0.30000001192092896,0.3103092908859253,0.5222222208976746,-0.30000001192092896,-0.30000001192092896,-0.30000001192092896,-0.30000001192092896,-0.30000001192092896,-0.30000001192092896,0.30000001192092896,-0.30000001192092896,0.30000001192092896,-0.30000001192092896,-0.29990154842523803
1.2999999523162842,0.5426567162170105,-0.30000001192092896,0.7536082598859253,0.5393162378976746,-0.30000001192092896,-0.30000001192092896,-0.30000001192092896,-0.30000001192092896,-0.30000001192092896,-0.30000001192092896,0.30000001192092896,-0.24605810292092894,1.119382977920929,-0.30000001192092896,-0.29445891052523804
1.2999999523162842,0.4236254842170105,-0.30000001192092896,0.3103092908859253,0.5222222208976746,-0.30000001192092896,-0.30000001192092896,-0.30000001192092896,-0.30000001192092896,-0.30000001192092896,-0.30000001192092896,0.30000001192092896,-0.295850633920929,1.067763975920929,-0.30000001192092896,-0.29917240352523805
1.2999999523162842,0.3030411342170105,-0.30000001192092896,0.3103092908859253,0.3256410248976746,-0.30000001192092896,-0.18709678592092896,-0.28989900192092893,-0.30000001192092896,-0.30000001192092896,-0.30000001192092896,1.011229958920929,-0.30000001192092896,0.30000001192092896,-0.30000001192092896,-0.29983790352523804
1.2999999523162842,0.5741813592170105,-0.30000001192092896,0.3103092908859253,0.5136752128976746,-0.30000001192092896,-0.30000001192092896,-0.30000001192092896,-0.30000001192092896,-0.30000001192092896,-0.30000001192092896,0.30000001192092896,-0.30000001192092896,0.30000001192092896,-0.30000001192092896,-0.29950082952523804
1.2999999523162842,0.3330329542170105,-0.30000001192092896,0.4030927968859253,0.4538461528976746,-0.30000001192092896,-0.30000001192092896,-0.30000001192092896,-0.30000001192092896,-0.30000001192092896,-0.30000001192092896,0.30000001192092896,-0.24605810292092894,0.766397456920929,-0.30000001192092896,-0.277906131525238
1.2999999523162842,0.4521008412170105,-0.30000001192092896,0.3103092908859253,0.5051282038976745,-0.30000001192092896,-0.30000001192092896,-0.30000001192092896,-0.30000001192092896,-0.30000001192092896,-0.30000001192092896,0.30000001192092896,-0.295850633920929,0.917708219920929,-0.30000001192092896,-0.29870670952523803
1.2999999523162842,0.4521008412170105,-0.30000001192092896,0.3103092908859253,0.5222222208976746,-0.30000001192092896,-0.30000001192092896,-0.30000001192092896,-0.30000001192092896,-0.30000001192092896,-0.30000001192092896,0.30000001192092896,-0.30000001192092896,0.30000001192092896,-0.30000001192092896,-0.29989644752523803
1.2999999523162842,0.7241313762170105,-0.30000001192092896,0.3103092908859253,0.3769230758976746,-0.30000001192092896,-0.30000001192092896,-0.30000001192092896,-0.30000001192092896,-0.30000001192092896,-0.30000001192092896,0.30000001192092896,-0.30000001192092896,0.30000001192092896,-0.30000001192092896,-0.29972569352523803
1.2999999523162842,0.42150497921701047,-0.30000001192092896,0.3103092908859253,0.5136752128976746,-0.30000001192092896,-0.28387097992092897,-0.28989900192092893,-0.30000001192092896,-0.30000001192092896,-0.30000001192092896,0.575401081920929,-0.30000001192092896,0.30000001192092896,-0.30000001192092896,-0.299858527525238
1.2999999523162842,0.5126867062170105,-0.30000001192092896,0.3103092908859253,0.5136752128976746,-0.30000001192092896,-0.30000001192092896,-0.30000001192092896,-0.30000001192092896,-0.30000001192092896,-0.30000001192092896,0.30000001192092896,-0.30000001192092896,0.30000001192092896,-0.30000001192092896,-0.299900661325238
1.2999999523162842,0.5438884272170105,-0.30000001192092896,0.3103092908859253,0.5222222208976746,-0.30000001192092896,-0.30000001192092896,-0.30000001192092896,-0.30000001192092896,-0.30000001192092896,-0.30000001192092896,0.30000001192092896,-0.29170125692092896,1.046923599920929,-0.30000001192092896,-0.29892824652523803
1.2999999523162842,0.4212020502170105,-0.30000001192092896,0.3103092908859253,0.5051282038976745,-0.30000001192092896,-0.30000001192092896,-0.30000001192092896,-0.30000001192092896,-0.30000001192092896,-0.30000001192092896,0.30000001192092896,-0.29170125692092896,0.985206940920929,-0.30000001192092896,-0.29907216852523805
1.2999999523162842,0.5126867062170105,-0.30000001192092896,0.3103092908859253,0.5222222208976746,-0.30000001192092896,-0.30000001192092896,-0.30000001192092896,-0.30000001192092896,-0.30000001192092896,-0.30000001192092896,0.30000001192092896,-0.30000001192092896,0.30000001192092896,-0.30000001192092896,-0.29947111352523803
1.2999999523162842,0.42150497921701047,-0.30000001192092896,0.3103092908859253,0.5222222208976746,-0.30000001192092896,-0.30000001192092896,-0.30000001192092896,-0.30000001192092896,-0.30000001192092896,-0.30000001192092896,0.30000001192092896,-0.30000001192092896,0.30000001192092896,-0.30000001192092896,-0.299542741525238
1.2999999523162842,0.4530096292170105,-0.30000001192092896,0.3103092908859253,0.5393162378976746,-0.30000001192092896,-0.30000001192092896,-0.30000001192092896,-0.30000001192092896,-0.30000001192092896,-0.30000001192092896,0.30000001192092896,-0.30000001192092896,0.30000001192092896,-0.30000001192092896,-0.29889498252523805
1.2999999523162842,0.3048690092170105,-0.30000001192092896,0.3103092908859253,0.33418803289767457,-0.30000001192092896,-0.19516130192092895,-0.16868688092092896,-0.30000001192092896,-0.30000001192092896,-0.30000001192092896,0.30000001192092896,-0.30000001192092896,0.30000001192092896,-0.30000001192092896,-0.29983879052523804
1.2999999523162842,0.3923949852170105,-0.30000001192092896,0.3103092908859253,0.4880341868976746,-0.30000001192092896,-0.30000001192092896,-0.30000001192092896,-0.30000001192092896,-0.30000001192092896,-0.30000001192092896,0.30000001192092896,-0.30000001192092896,0.30000001192092896,-0.30000001192092896,-0.29989955252523803
1.2999999523162842,0.45207903021701046,-0.30000001192092896,0.3103092908859253,0.5222222208976746,-0.30000001192092896,-0.30000001192092896,-0.30000001192092896,-0.30000001192092896,-0.30000001192092896,-0.30000001192092896,0.30000001192092896,-0.295850633920929,0.927516626920929,-0.30000001192092896,-0.29897570352523806
1.2999999523162842,0.30184668321701047,-0.30000001192092896,0.3103092908859253,0.34273504189767456,-0.30000001192092896,-0.17096775392092894,-0.13838384992092895,-0.30000001192092896,-0.30000001192092896,-0.30000001192092896,1.0272727389209289,-0.01784233592092893,0.748362389920929,-0.30000001192092896,-0.24855895152523805
1.2999999523162842,0.3309248692170105,-0.30000001192092896,0.3103092908859253,0.34273504189767456,-0.30000001192092896,-0.05806452792092895,-0.28989900192092893,-0.30000001192092896,-0.30000001192092896,-0.30000001192092896,1.122192524920929,-0.30000001192092896,0.30000001192092896,-0.30000001192092896,-0.29984012152523803
1.2999999523162842,0.3609124492170105,-0.30000001192092896,0.4546391878859253,0.5393162378976746,-0.30000001192092896,-0.30000001192092896,-0.30000001192092896,-0.30000001192092896,-0.30000001192092896,-0.30000001192092896,0.30000001192092896,-0.24605810292092894,1.1279067129209288,-0.30000001192092896,-0.25160570152523803
1.2999999523162842,0.3315261842170105,-0.30000001192092896,0.3103092908859253,0.3512820498976746,-0.30000001192092896,-0.22741936692092896,-0.28989900192092893,-0.30000001192092896,-0.30000001192092896,-0.30000001192092896,0.919652417920929,-0.30000001192092896,0.30000001192092896,-0.30000001192092896,-0.299843890525238
1.2999999523162842,0.9970706992170105,-0.30000001192092896,0.3103092908859253,0.3769230758976746,-0.30000001192092896,-0.30000001192092896,-0.30000001192092896,-0.30000001192092896,-0.30000001192092896,-0.30000001192092896,0.30000001192092896,-0.295850633920929,0.765188056920929,-0.30000001192092896,-0.29968954652523805
1.2999999523162842,0.3330496162170105,-0.30000001192092896,0.3103092908859253,0.3170940158976746,-0.30000001192092896,-0.11451614092092896,-0.06767677992092896,-0.30000001192092896,-0.30000001192092896,-0.30000001192092896,0.33409092092092896,-0.30000001192092896,0.30000001192092896,-0.30000001192092896,-0.299847217525238
1.2999999523162842,0.4517979122170105,-0.30000001192092896,0.3103092908859253,0.5307692298976746,-0.30000001192092896,-0.30000001192092896,-0.30000001192092896,-0.30000001192092896,-0.30000001192092896,-0.30000001192092896,0.30000001192092896,-0.30000001192092896,0.30000001192092896,-0.30000001192092896,-0.29989733452523804
1.2999999523162842,0.4527067002170105,-0.30000001192092896,0.3103092908859253,0.4965811958976746,-0.30000001192092896,-0.30000001192092896,-0.30000001192092896,-0.30000001192092896,-0.30000001192092896,-0.30000001192092896,0.30000001192092896,-0.30000001192092896,0.30000001192092896,-0.30000001192092896,-0.29990154842523803
1.2999999523162842,0.4817879152170105,-0.30000001192092896,0.3103092908859253,0.5051282038976745,-0.30000001192092896,-0.30000001192092896,-0.30000001192092896,-0.30000001192092896,-0.30000001192092896,-0.30000001192092896,0.30000001192092896,-0.30000001192092896,0.30000001192092896,-0.30000001192092896,-0.29962767552523806
1.2999999523162842,0.3057844612170105,-0.30000001192092896,0.3103092908859253,0.3170940158976746,-0.30000001192092896,-0.08225807692092896,-0.28989900192092893,-0.30000001192092896,-0.30000001192092896,-0.30000001192092896,1.112165786920929,-0.30000001192092896,0.30000001192092896,-0.30000001192092896,-0.299836351525238
1.2999999523162842,0.3609082082170105,-0.30000001192092896,0.3618556828859253,0.5393162378976746,-0.30000001192092896,-0.30000001192092896,-0.30000001192092896,-0.30000001192092896,-0.30000001192092896,-0.30000001192092896,0.30000001192092896,-0.24605810292092894,0.9188818659209289,-0.30000001192092896,-0.26478862652523805
1.2999999523162842,0.3327197252170105,-0.30000001192092896,0.3103092908859253,0.34273504189767456,-0.30000001192092896,-0.28387097992092897,-0.28989900192092893,-0.30000001192092896,-0.30000001192092896,-0.30000001192092896,0.575401081920929,0.09834023707907102,0.856935626920929,-0.30000001192092896,-0.24592910752523803
1.2999999523162842,0.3009242632170105,-0.30000001192092896,0.3103092908859253,0.3512820498976746,-0.30000001192092896,-0.14677420592092896,-0.28989900192092893,-0.30000001192092896,-0.30000001192092896,-0.30000001192092896,1.062032097920929,-0.30000001192092896,0.30000001192092896,-0.30000001192092896,-0.29983989952523804
0.2999999523162842,0.3039629472170105,-0.23666969292092896,0.3000000128859253,0.3256410248976746,0.699999988079071,-0.30000001192092896,-0.30000001192092896,0.699999988079071,-0.23939395092092897,0.09834023707907102,0.30000001192092896,-0.30000001192092896,0.30000001192092896,-0.10000001192092894,-0.29644409952523804
1.2999999523162842,0.3915137642170105,-0.30000001192092896,0.3103092908859253,0.5222222208976746,-0.30000001192092896,-0.30000001192092896,-0.30000001192092896,-0.30000001192092896,-0.30000001192092896,-0.30000001192092896,0.30000001192092896,-0.30000001192092896,0.30000001192092896,-0.30000001192092896,-0.29947111352523803
1.2999999523162842,0.33120598821701047,-0.30000001192092896,0.3103092908859253,0.33418803289767457,-0.30000001192092896,-0.13064517292092895,-0.28989900192092893,-0.30000001192092896,-0.30000001192092896,-0.30000001192092896,1.072058835920929,-0.16307055092092895,0.6983733689209289,-0.30000001192092896,-0.25608634852523804
1.2999999523162842,0.3354666892170105,-0.30000001192092896,0.3103092908859253,0.33418803289767457,-0.30000001192092896,-0.041935495920928934,0.023232311079071033,-0.30000001192092896,-0.30000001192092896,-0.30000001192092896,0.30000001192092896,-0.30000001192092896,0.30000001192092896,-0.30000001192092896,-0.29984056452523805
1.2999999523162842,0.48239377421701046,-0.30000001192092896,0.3103092908859253,0.5222222208976746,-0.30000001192092896,-0.30000001192092896,-0.30000001192092896,-0.30000001192092896,-0.30000001192092896,-0.30000001192092896,0.30000001192092896,-0.29170125692092896,0.8920587219209289,-0.30000001192092896,-0.298608469525238
1.2999999523162842,0.3908933652170105,-0.30000001192092896,0.3103092908859253,0.5136752128976746,-0.30000001192092896,-0.30000001192092896,-0.30000001192092896,-0.30000001192092896,-0.30000001192092896,-0.30000001192092896,0.30000001192092896,-0.2875518789209289,0.979165439920929,-0.30000001192092896,-0.295957337525238
1.2999999523162842,0.4817879152170105,-0.30000001192092896,0.3103092908859253,0.5222222208976746,-0.30000001192092896,-0.30000001192092896,-0.30000001192092896,-0.30000001192092896,-0.30000001192092896,-0.30000001192092896,0.30000001192092896,-0.30000001192092896,0.30000001192092896,-0.30000001192092896,-0.29954163352523805
1.2999999523162842,0.5435854982170105,-0.30000001192092896,0.3103092908859253,0.5222222208976746,-0.30000001192092896,-0.30000001192092896,-0.30000001192092896,-0.30000001192092896,-0.30000001192092896,-0.30000001192092896,0.30000001192092896,-0.29170125692092896,0.755274616920929,-0.30000001192092896,-0.299465569525238
1.2999999523162842,0.3909091172170105,-0.30000001192092896,0.3103092908859253,0.33418803289767457,-0.30000001192092896,-0.21935485092092893,-0.19898991092092894,-0.30000001192092896,-0.30000001192092896,-0.30000001192092896,0.30000001192092896,-0.30000001192092896,0.30000001192092896,-0.30000001192092896,-0.299854091525238
1.2999999523162842,0.3909091172170105,-0.30000001192092896,0.3103092908859253,0.5051282038976745,-0.30000001192092896,-0.30000001192092896,-0.30000001192092896,-0.30000001192092896,-0.30000001192092896,-0.30000001192092896,0.30000001192092896,-0.30000001192092896,0.30000001192092896,-0.30000001192092896,-0.299901104925238
1.2999999523162842,0.42180790821701053,-0.30000001192092896,0.3103092908859253,0.44529914389767455,-0.30000001192092896,-0.30000001192092896,-0.30000001192092896,-0.30000001192092896,-0.30000001192092896,-0.30000001192092896,0.30000001192092896,-0.30000001192092896,0.30000001192092896,-0.30000001192092896,-0.299870945525238
1.2999999523162842,0.3006279982170105,-0.30000001192092896,0.4237113528859253,0.4282051268976746,-0.30000001192092896,0.280645149079071,-0.28989900192092893,-0.30000001192092896,-0.30000001192092896,-0.30000001192092896,1.166310171920929,-0.22531121492092895,0.973676295920929,-0.30000001192092896,-0.22113797152523804
1.2999999523162842,0.4523801422170105,-0.30000001192092896,0.3103092908859253,0.5136752128976746,-0.30000001192092896,-0.30000001192092896,-0.30000001192092896,-0.30000001192092896,-0.30000001192092896,-0.30000001192092896,0.30000001192092896,-0.30000001192092896,0.30000001192092896,-0.30000001192092896,-0.299896004525238
1.2999999523162842,0.4536154882170105,-0.30000001192092896,0.3103092908859253,0.5393162378976746,-0.30000001192092896,-0.30000001192092896,-0.30000001192092896,-0.30000001192092896,-0.30000001192092896,-0.30000001192092896,0.30000001192092896,-0.30000001192092896,0.30000001192092896,-0.30000001192092896,-0.299844112525238
1.2999999523162842,0.3312232552170105,-0.30000001192092896,0.3103092908859253,0.3512820498976746,-0.30000001192092896,-0.25967743092092893,-0.24949496092092896,-0.30000001192092896,-0.30000001192092896,-0.30000001192092896,0.39625669592092894,0.29751036107907103,0.891385137920929,-0.30000001192092896,-0.24761203852523803
1.2999999523162842,0.3606122462170105,-0.30000001192092896,0.3927835178859253,0.5393162378976746,-0.30000001192092896,-0.30000001192092896,-0.30000001192092896,-0.30000001192092896,-0.30000001192092896,-0.30000001192092896,0.30000001192092896,-0.24605810292092894,0.7354971079209289,-0.30000001192092896,-0.27650306052523804
1.2999999523162842,0.3030502212170105,-0.30000001192092896,0.3103092908859253,0.3769230758976746,-0.30000001192092896,-0.18709678592092896,-0.15858587092092896,-0.30000001192092896,-0.30000001192092896,-0.30000001192092896,0.30000001192092896,-0.30000001192092896,0.30000001192092896,-0.30000001192092896,-0.29984034252523806
1.2999999523162842,0.3912120462170105,-0.30000001192092896,0.3103092908859253,0.5136752128976746,-0.30000001192092896,-0.30000001192092896,-0.30000001192092896,-0.30000001192092896,-0.30000001192092896,-0.30000001192092896,0.30000001192092896,-0.295850633920929,0.755274616920929,-0.30000001192092896,-0.29950149452523805
1.2999999523162842,0.3621038702170105,-0.30000001192092896,0.4237113528859253,0.5393162378976746,-0.30000001192092896,-0.30000001192092896,-0.30000001192092896,-0.30000001192092896,-0.30000001192092896,-0.30000001192092896,0.30000001192092896,-0.24605810292092894,0.856935626920929,-0.30000001192092896,-0.275464561525238
1.2999999523162842,0.4829905442170105,-0.30000001192092896,0.3103092908859253,0.5136752128976746,-0.30000001192092896,-0.30000001192092896,-0.30000001192092896,-0.30000001192092896,-0.30000001192092896,-0.30000001192092896,0.30000001192092896,-0.29170125692092896,0.9734403289209289,-0.30000001192092896,-0.29972347552523804
1.2999999523162842,0.3000024496470105,-0.30000001192092896,0.3103092908859253,0.2999999988976746,-0.30000001192092896,-0.21129033492092897,-0.28989900192092893,-0.30000001192092896,-0.30000001192092896,-0.30000001192092896,0.961764717920929,-0.12157677492092894,0.897304123920929,-0.30000001192092896,-0.251680656525238
1.2999999523162842,0.7544243092170104,-0.30000001192092896,0.3103092908859253,0.3769230758976746,-0.30000001192092896,-0.30000001192092896,-0.30000001192092896,-0.30000001192092896,-0.30000001192092896,-0.30000001192092896,0.30000001192092896,-0.30000001192092896,0.30000001192092896,-0.30000001192092896,-0.29990509652523806
1.2999999523162842,0.30212325821701047,-0.30000001192092896,0.3103092908859253,0.34273504189767456,-0.30000001192092896,-0.18709678592092896,-0.15858587092092896,-0.30000001192092896,-0.30000001192092896,-0.30000001192092896,0.30000001192092896,-0.30000001192092896,0.30000001192092896,-0.30000001192092896,-0.29983945552523805
1.2999999523162842,0.5732725722170104,-0.30000001192092896,0.3103092908859253,0.5222222208976746,-0.30000001192092896,-0.30000001192092896,-0.30000001192092896,-0.30000001192092896,-0.30000001192092896,-0.30000001192092896,0.30000001192092896,-0.30000001192092896,0.30000001192092896,-0.30000001192092896,-0.29990088312523805
1.2999999523162842,0.5423507582170105,-0.30000001192092896,0.3103092908859253,0.3769230758976746,-0.30000001192092896,-0.30000001192092896,-0.30000001192092896,-0.30000001192092896,-0.30000001192092896,-0.30000001192092896,0.30000001192092896,-0.30000001192092896,0.30000001192092896,-0.30000001192092896,-0.29976139652523803
1.2999999523162842,0.4820908442170105,-0.30000001192092896,0.3103092908859253,0.5136752128976746,-0.30000001192092896,-0.30000001192092896,-0.30000001192092896,-0.30000001192092896,-0.30000001192092896,-0.30000001192092896,0.30000001192092896,-0.30000001192092896,0.30000001192092896,-0.30000001192092896,-0.299073720525238
1.2999999523162842,0.4517979122170105,-0.30000001192092896,0.3103092908859253,0.5051282038976745,-0.30000001192092896,-0.30000001192092896,-0.30000001192092896,-0.30000001192092896,-0.30000001192092896,-0.30000001192092896,0.30000001192092896,-0.295850633920929,0.965039404920929,-0.30000001192092896,-0.297541807525238
1.2999999523162842,0.5726667132170105,-0.30000001192092896,0.3103092908859253,0.4965811958976746,-0.30000001192092896,-0.30000001192092896,-0.30000001192092896,-0.30000001192092896,-0.30000001192092896,-0.30000001192092896,0.30000001192092896,-0.30000001192092896,0.30000001192092896,-0.30000001192092896,-0.29984278252523805
1.2999999523162842,0.4221108382170105,-0.30000001192092896,0.3103092908859253,0.5136752128976746,-0.30000001192092896,-0.30000001192092896,-0.30000001192092896,-0.30000001192092896,-0.30000001192092896,-0.30000001192092896,0.30000001192092896,-0.295850633920929,0.9747591699209289,-0.30000001192092896,-0.29943651952523803
1.2999999523162842,0.42180790821701053,-0.30000001192092896,0.3103092908859253,0.5222222208976746,-0.30000001192092896,-0.30000001192092896,-0.30000001192092896,-0.30000001192092896,-0.30000001192092896,-0.30000001192092896,0.30000001192092896,-0.30000001192092896,0.30000001192092896,-0.30000001192092896,-0.299583102525238
1.2999999523162842,0.3609191142170105,-0.30000001192092896,0.3103092908859253,0.3598290588976746,-0.30000001192092896,-0.30000001192092896,-0.30000001192092896,-0.30000001192092896,-0.30000001192092896,-0.30000001192092896,0.30000001192092896,-0.30000001192092896,0.30000001192092896,-0.30000001192092896,-0.29791724652523804
1.2999999523162842,0.4524037702170105,-0.30000001192092896,0.3103092908859253,0.5136752128976746,-0.30000001192092896,-0.30000001192092896,-0.30000001192092896,-0.30000001192092896,-0.30000001192092896,-0.30000001192092896,0.30000001192092896,-0.30000001192092896,0.30000001192092896,-0.30000001192092896,-0.299507260525238
1.2999999523162842,0.4524037702170105,-0.30000001192092896,0.3103092908859253,0.5222222208976746,-0.30000001192092896,-0.30000001192092896,-0.30000001192092896,-0.30000001192092896,-0.30000001192092896,-0.30000001192092896,0.30000001192092896,-0.30000001192092896,0.30000001192092896,-0.30000001192092896,-0.299685111525238
1.2999999523162842,0.5426767102170105,-0.30000001192092896,0.3103092908859253,0.5222222208976746,-0.30000001192092896,-0.30000001192092896,-0.30000001192092896,-0.30000001192092896,-0.30000001192092896,-0.30000001192092896,0.30000001192092896,-0.30000001192092896,0.30000001192092896,-0.30000001192092896,-0.29990088312523805
1.2999999523162842,0.3309003322170105,-0.30000001192092896,0.49587630188592535,0.3769230758976746,-0.30000001192092896,-0.24354839892092894,-0.28989900192092893,-0.30000001192092896,-0.30000001192092896,-0.30000001192092896,0.861497337920929,0.19792529907907103,0.9682757449209289,-0.30000001192092896,-0.22396407252523803
1.2999999523162842,0.30090911721701047,-0.30000001192092896,0.3103092908859253,0.33418803289767457,-0.30000001192092896,-0.11451614092092896,-0.28989900192092893,-0.30000001192092896,-0.30000001192092896,-0.30000001192092896,1.084090920920929,-0.19211619492092896,0.990216424920929,-0.30000001192092896,-0.25299081052523803
1.2999999523162842,0.4221108382170105,-0.30000001192092896,0.3103092908859253,0.5222222208976746,-0.30000001192092896,-0.29193549592092893,-0.28989900192092893,-0.30000001192092896,-0.30000001192092896,-0.30000001192092896,0.4610962689209289,0.18547716607907105,0.6844697329209289,-0.30000001192092896,-0.281655194525238
1.2999999523162842,0.3605952822170105,-0.30000001192092896,0.3103092908859253,0.3683760668976746,-0.30000001192092896,-0.29193549592092893,-0.28989900192092893,-0.30000001192092896,-0.30000001192092896,-0.30000001192092896,0.4610962689209289,0.20622405407907107,1.173585533920929,-0.30000001192092896,-0.24087077852523803
1.2999999523162842,0.3330356812170105,-0.30000001192092896,0.3103092908859253,0.38547008389767456,-0.30000001192092896,-0.21129033492092897,-0.28989900192092893,-0.30000001192092896,-0.30000001192092896,-0.30000001192092896,0.8802139159209289,-0.30000001192092896,0.30000001192092896,-0.30000001192092896,-0.251050416525238
1.2999999523162842,0.39242376421701053,-0.30000001192092896,0.3103092908859253,0.3256410248976746,-0.30000001192092896,-0.24354839892092894,-0.28989900192092893,-0.30000001192092896,-0.30000001192092896,-0.30000001192092896,0.861497337920929,-0.30000001192092896,0.30000001192092896,-0.30000001192092896,-0.299855865525238
1.2999999523162842,0.3630396192170105,-0.30000001192092896,0.3103092908859253,0.3512820498976746,-0.30000001192092896,-0.23548388292092895,-0.28989900192092893,-0.30000001192092896,-0.30000001192092896,-0.30000001192092896,0.893582899920929,-0.30000001192092896,0.30000001192092896,-0.30000001192092896,-0.29985564452523805
1.2999999523162842,0.4527030642170105,-0.30000001192092896,0.3103092908859253,0.5307692298976746,-0.30000001192092896,-0.30000001192092896,-0.30000001192092896,-0.30000001192092896,-0.30000001192092896,-0.30000001192092896,0.30000001192092896,-0.295850633920929,1.1335675959209288,-0.30000001192092896,-0.29958864652523803
1.2999999523162842,0.4214955882170105,-0.30000001192092896,0.3103092908859253,0.5222222208976746,-0.30000001192092896,-0.30000001192092896,-0.30000001192092896,-0.30000001192092896,-0.30000001192092896,-0.30000001192092896,0.30000001192092896,-0.30000001192092896,0.30000001192092896,-0.30000001192092896,-0.29979222152523805
1.2999999523162842,0.3009212342170105,-0.30000001192092896,0.3103092908859253,0.3256410248976746,-0.30000001192092896,0.232258053079071,-0.28989900192092893,-0.30000001192092896,-0.30000001192092896,-0.30000001192092896,1.182352952920929,-0.30000001192092896,0.30000001192092896,-0.30000001192092896,-0.29984012152523803
1.2999999523162842,0.4527067002170105,-0.30000001192092896,0.3103092908859253,0.5222222208976746,-0.30000001192092896,-0.30000001192092896,-0.30000001192092896,-0.30000001192092896,-0.30000001192092896,-0.30000001192092896,0.30000001192092896,-0.29170125692092896,1.014219106920929,-0.30000001192092896,-0.299757848525238
1.2999999523162842,0.45149498221701045,-0.30000001192092896,0.3103092908859253,0.3769230758976746,-0.30000001192092896,-0.30000001192092896,-0.30000001192092896,-0.30000001192092896,-0.30000001192092896,-0.30000001192092896,0.30000001192092896,-0.30000001192092896,0.30000001192092896,-0.30000001192092896,-0.29972569352523803
1.2999999523162842,0.3611944762170105,-0.30000001192092896,0.4237113528859253,0.5393162378976746,-0.30000001192092896,-0.30000001192092896,-0.30000001192092896,-0.30000001192092896,-0.30000001192092896,-0.30000001192092896,0.30000001192092896,-0.24605810292092894,1.088932179920929,-0.30000001192092896,-0.252170744525238
1.2999999523162842,0.3918091202170105,-0.30000001192092896,0.3103092908859253,0.3256410248976746,-0.30000001192092896,-0.24354839892092894,-0.28989900192092893,-0.30000001192092896,-0.30000001192092896,-0.30000001192092896,0.861497337920929,-0.06348548892092895,0.891385137920929,-0.30000001192092896,-0.21753992752523804
1.2999999523162842,0.3006198192170105,-0.30000001192092896,0.3103092908859253,0.33418803289767457,-0.30000001192092896,-0.13870968892092894,-0.09797980992092895,-0.30000001192092896,-0.30000001192092896,-0.30000001192092896,0.30000001192092896,-0.30000001192092896,0.30000001192092896,-0.30000001192092896,-0.29983812552523803
1.2999999523162842,0.5423434872170105,-0.30000001192092896,0.3103092908859253,0.5136752128976746,-0.30000001192092896,-0.30000001192092896,-0.30000001192092896,-0.30000001192092896,-0.30000001192092896,-0.30000001192092896,0.30000001192092896,-0.30000001192092896,0.30000001192092896,-0.30000001192092896,-0.29127245052523804
1.2999999523162842,0.3009278992170105,-0.30000001192092896,0.3103092908859253,0.3598290588976746,-0.30000001192092896,-0.050000011920928955,0.013131301079071067,-0.30000001192092896,-0.30000001192092896,-0.30000001192092896,0.30000001192092896,-0.30000001192092896,0.30000001192092896,-0.30000001192092896,-0.29984056452523805
1.2999999523162842,0.4233225552170105,-0.30000001192092896,0.3103092908859253,0.5136752128976746,-0.30000001192092896,-0.30000001192092896,-0.30000001192092896,-0.30000001192092896,-0.30000001192092896,-0.30000001192092896,0.30000001192092896,-0.295850633920929,0.6844697329209289,-0.30000001192092896,-0.29907394252523806
1.2999999523162842,0.5423737802170105,-0.30000001192092896,0.3103092908859253,0.5051282038976745,-0.30000001192092896,-0.30000001192092896,-0.30000001192092896,-0.30000001192092896,-0.30000001192092896,-0.30000001192092896,0.30000001192092896,-0.283402501920929,0.695747523920929,-0.30000001192092896,-0.29935868152523804
1.2999999523162842,0.3315349692170105,-0.30000001192092896,0.3103092908859253,0.34273504189767456,-0.30000001192092896,-0.30000001192092896,-0.30000001192092896,-0.30000001192092896,-0.30000001192092896,-0.30000001192092896,0.30000001192092896,-0.30000001192092896,0.30000001192092896,-0.30000001192092896,-0.299870723525238
1.2999999523162842,0.3318339602170105,-0.30000001192092896,0.3103092908859253,0.3170940158976746,-0.30000001192092896,-0.09032259292092895,-0.03737374892092893,-0.30000001192092896,-0.30000001192092896,-0.30000001192092896,0.30000001192092896,-0.30000001192092896,0.30000001192092896,-0.30000001192092896,-0.29983967752523805
1.2999999523162842,0.5429638872170105,-0.30000001192092896,0.3103092908859253,0.5222222208976746,-0.30000001192092896,-0.30000001192092896,-0.30000001192092896,-0.30000001192092896,-0.30000001192092896,-0.30000001192092896,0.30000001192092896,-0.30000001192092896,0.30000001192092896,-0.30000001192092896,-0.299899996525238
1.2999999523162842,0.3057799182170105,-0.30000001192092896,0.3103092908859253,0.34273504189767456,-0.30000001192092896,-0.19516130192092895,-0.16868688092092896,-0.30000001192092896,-0.30000001192092896,-0.30000001192092896,0.30000001192092896,-0.30000001192092896,0.30000001192092896,-0.30000001192092896,-0.29984078652523805
1.2999999523162842,0.3615095232170105,-0.30000001192092896,0.3103092908859253,0.3769230758976746,-0.30000001192092896,-0.27580646392092895,-0.26969698192092895,-0.30000001192092896,-0.30000001192092896,-0.30000001192092896,0.30000001192092896,-0.30000001192092896,0.30000001192092896,-0.30000001192092896,-0.299859857525238
1.2999999523162842,0.5432825682170105,-0.30000001192092896,0.3103092908859253,0.5136752128976746,-0.30000001192092896,-0.30000001192092896,-0.30000001192092896,-0.30000001192092896,-0.30000001192092896,-0.30000001192092896,0.30000001192092896,-0.30000001192092896,0.30000001192092896,-0.30000001192092896,-0.29990088312523805
1.2999999523162842,0.4517827652170105,-0.30000001192092896,0.3103092908859253,0.5222222208976746,-0.30000001192092896,-0.30000001192092896,-0.30000001192092896,-0.30000001192092896,-0.30000001192092896,-0.30000001192092896,0.30000001192092896,-0.30000001192092896,0.30000001192092896,-0.30000001192092896,-0.29911031152523804
1.2999999523162842,0.3915149762170105,-0.30000001192092896,0.3103092908859253,0.5222222208976746,-0.30000001192092896,-0.30000001192092896,-0.30000001192092896,-0.30000001192092896,-0.30000001192092896,-0.30000001192092896,0.30000001192092896,-0.30000001192092896,0.30000001192092896,-0.30000001192092896,-0.299668035525238
1.2999999523162842,0.4820908442170105,-0.30000001192092896,0.3103092908859253,0.5393162378976746,-0.30000001192092896,-0.30000001192092896,-0.30000001192092896,-0.30000001192092896,-0.30000001192092896,-0.30000001192092896,0.30000001192092896,-0.30000001192092896,0.30000001192092896,-0.30000001192092896,-0.299038017525238
1.2999999523162842,1.1179395012170104,-0.30000001192092896,0.3103092908859253,0.3769230758976746,-0.30000001192092896,-0.30000001192092896,-0.30000001192092896,-0.30000001192092896,-0.30000001192092896,-0.30000001192092896,0.30000001192092896,-0.2875518789209289,1.088932179920929,-0.30000001192092896,-0.299722145525238
1.2999999523162842,0.48239377421701046,-0.30000001192092896,0.3103092908859253,0.5222222208976746,-0.30000001192092896,-0.30000001192092896,-0.30000001192092896,-0.30000001192092896,-0.30000001192092896,-0.30000001192092896,0.30000001192092896,-0.27925312392092894,0.917708219920929,-0.30000001192092896,-0.29810596352523805
1.2999999523162842,0.5732725722170104,-0.30000001192092896,0.3103092908859253,0.5222222208976746,-0.30000001192092896,-0.30000001192092896,-0.30000001192092896,-0.30000001192092896,-0.30000001192092896,-0.30000001192092896,0.30000001192092896,-0.30000001192092896,0.30000001192092896,-0.30000001192092896,-0.299542963525238
1.2999999523162842,0.5432825682170105,-0.30000001192092896,0.3103092908859253,0.5051282038976745,-0.30000001192092896,-0.30000001192092896,-0.30000001192092896,-0.30000001192092896,-0.30000001192092896,-0.30000001192092896,0.30000001192092896,-0.30000001192092896,0.30000001192092896,-0.30000001192092896,-0.29990043962523805
1.2999999523162842,0.42180790821701053,-0.30000001192092896,0.3103092908859253,0.5222222208976746,-0.30000001192092896,-0.30000001192092896,-0.30000001192092896,-0.30000001192092896,-0.30000001192092896,-0.30000001192092896,0.30000001192092896,-0.29170125692092896,1.077492108920929,-0.30000001192092896,-0.29908392152523805
1.2999999523162842,0.5741813592170105,-0.30000001192092896,0.3103092908859253,0.5222222208976746,-0.30000001192092896,-0.30000001192092896,-0.30000001192092896,-0.30000001192092896,-0.30000001192092896,-0.30000001192092896,0.30000001192092896,-0.30000001192092896,0.30000001192092896,-0.30000001192092896,-0.29990132662523805
1.2999999523162842,0.3309097232170105,-0.30000001192092896,0.3103092908859253,0.3256410248976746,-0.30000001192092896,-0.10645162492092897,-0.28989900192092893,-0.30000001192092896,-0.30000001192092896,-0.30000001192092896,1.0540107069209288,-0.30000001192092896,0.30000001192092896,-0.30000001192092896,-0.29984034252523806
1.2999999523162842,0.4221108382170105,-0.30000001192092896,0.3103092908859253,0.5222222208976746,-0.30000001192092896,-0.29193549592092893,-0.28989900192092893,-0.30000001192092896,-0.30000001192092896,-0.30000001192092896,0.4610962689209289,0.15643152307907104,0.7071134619209289,-0.30000001192092896,-0.28130503652523803
1.2999999523162842,0.3915149762170105,-0.30000001192092896,0.3103092908859253,0.4025641018976746,-0.30000001192092896,-0.25967743092092893,-0.28989900192092893,-0.30000001192092896,-0.30000001192092896,-0.30000001192092896,0.780614984920929,0.01120330807907105,0.855148912920929,-0.30000001192092896,-0.255724880525238
1.2999999523162842,0.3608982112170105,-0.30000001192092896,0.3103092908859253,0.33418803289767457,-0.30000001192092896,-0.30000001192092896,-0.30000001192092896,-0.30000001192092896,-0.30000001192092896,-0.30000001192092896,0.30000001192092896,-0.30000001192092896,0.30000001192092896,-0.30000001192092896,-0.299870058525238
1.2999999523162842,0.6044742922170105,-0.30000001192092896,0.3103092908859253,0.5222222208976746,-0.30000001192092896,-0.30000001192092896,-0.30000001192092896,-0.30000001192092896,-0.30000001192092896,-0.30000001192092896,0.30000001192092896,-0.30000001192092896,0.30000001192092896,-0.30000001192092896,-0.29936422552523806
1.2999999523162842,0.4524037702170105,-0.30000001192092896,0.3103092908859253,0.5222222208976746,-0.30000001192092896,-0.30000001192092896,-0.30000001192092896,-0.30000001192092896,-0.30000001192092896,-0.30000001192092896,0.30000001192092896,-0.30000001192092896,0.30000001192092896,-0.30000001192092896,-0.299897113525238
1.2999999523162842,0.4521008412170105,-0.30000001192092896,0.3103092908859253,0.5222222208976746,-0.30000001192092896,-0.30000001192092896,-0.30000001192092896,-0.30000001192092896,-0.30000001192092896,-0.30000001192092896,0.30000001192092896,-0.30000001192092896,0.30000001192092896,-0.30000001192092896,-0.299516352525238
1.2999999523162842,0.4542213462170105,-0.30000001192092896,0.3103092908859253,0.5136752128976746,-0.30000001192092896,-0.30000001192092896,-0.30000001192092896,-0.30000001192092896,-0.30000001192092896,-0.30000001192092896,0.30000001192092896,-0.2875518789209289,0.917708219920929,-0.30000001192092896,-0.299289270525238
1.2999999523162842,0.3006073992170105,-0.30000001192092896,0.3103092908859253,0.3256410248976746,-0.30000001192092896,-0.017741946920928953,0.05353534207907107,-0.30000001192092896,-0.30000001192092896,-0.30000001192092896,0.30000001192092896,-0.30000001192092896,0.30000001192092896,-0.30000001192092896,-0.29983856852523805
1.2999999523162842,0.39090215021701047,-0.30000001192092896,0.3103092908859253,0.5136752128976746,-0.30000001192092896,-0.30000001192092896,-0.30000001192092896,-0.30000001192092896,-0.30000001192092896,-0.30000001192092896,0.30000001192092896,-0.30000001192092896,0.30000001192092896,-0.30000001192092896,-0.294814833525238
1.2999999523162842,1.1788282952170106,-0.30000001192092896,0.3103092908859253,0.3769230758976746,-0.30000001192092896,-0.30000001192092896,-0.30000001192092896,-0.30000001192092896,-0.30000001192092896,-0.30000001192092896,0.30000001192092896,-0.30000001192092896,0.30000001192092896,-0.30000001192092896,-0.29990465302523805
1.2999999523162842,0.5729420762170105,-0.30000001192092896,0.3103092908859253,0.5222222208976746,-0.30000001192092896,-0.30000001192092896,-0.30000001192092896,-0.30000001192092896,-0.30000001192092896,-0.30000001192092896,0.30000001192092896,-0.30000001192092896,0.30000001192092896,-0.30000001192092896,-0.299900661325238
1.2999999523162842,0.5429796392170105,-0.30000001192092896,0.3103092908859253,0.5222222208976746,-0.30000001192092896,-0.30000001192092896,-0.30000001192092896,-0.30000001192092896,-0.30000001192092896,-0.30000001192092896,0.30000001192092896,-0.30000001192092896,0.30000001192092896,-0.30000001192092896,-0.29940015052523805
1.2999999523162842,0.3012281012170105,-0.30000001192092896,0.3103092908859253,0.33418803289767457,-0.30000001192092896,-0.09032259292092895,-0.28989900192092893,-0.30000001192092896,-0.30000001192092896,-0.30000001192092896,1.099465252920929,-0.20456432692092896,1.003730975920929,-0.30000001192092896,-0.24834317952523804
1.2999999523162842,0.48206661021701047,-0.30000001192092896,0.3103092908859253,0.4880341868976746,-0.30000001192092896,-0.29193549592092893,-0.28989900192092893,-0.30000001192092896,-0.30000001192092896,-0.30000001192092896,0.4610962689209289,-0.30000001192092896,0.30000001192092896,-0.30000001192092896,-0.299894008525238
1.2999999523162842,0.3006061882170105,-0.30000001192092896,0.3103092908859253,0.3256410248976746,-0.30000001192092896,-0.050000011920928955,0.013131301079071067,-0.30000001192092896,-0.30000001192092896,-0.30000001192092896,0.32673797992092896,-0.13402490792092894,0.9747591699209289,-0.30000001192092896,-0.260510446525238
1.2999999523162842,0.3003290072170105,-0.30000001192092896,0.3103092908859253,0.2999999988976746,-0.30000001192092896,-0.03387097992092897,0.033333321079071054,-0.30000001192092896,-0.30000001192092896,-0.30000001192092896,0.30000001192092896,-0.30000001192092896,0.30000001192092896,-0.30000001192092896,-0.27538450652523805
1.2999999523162842,0.5129896362170105,-0.30000001192092896,0.3103092908859253,0.5136752128976746,-0.30000001192092896,-0.30000001192092896,-0.30000001192092896,-0.30000001192092896,-0.30000001192092896,-0.30000001192092896,0.30000001192092896,-0.30000001192092896,0.30000001192092896,-0.30000001192092896,-0.299614591525238
1.2999999523162842,0.33394143921701047,-0.30000001192092896,0.3103092908859253,0.34273504189767456,-0.30000001192092896,-0.08225807692092896,-0.027272738920928963,-0.30000001192092896,-0.30000001192092896,-0.30000001192092896,0.30000001192092896,-0.30000001192092896,0.30000001192092896,-0.30000001192092896,-0.29984278252523805
1.2999999523162842,0.3306046732170105,-0.30000001192092896,0.3103092908859253,0.3256410248976746,-0.30000001192092896,-0.19516130192092895,-0.28989900192092893,-0.30000001192092896,-0.30000001192092896,-0.30000001192092896,0.9951871779209289,-0.30000001192092896,0.30000001192092896,-0.30000001192092896,-0.29983901252523804
1.2999999523162842,0.3909091172170105,-0.30000001192092896,0.3103092908859253,0.4794871778976746,-0.30000001192092896,-0.30000001192092896,-0.30000001192092896,-0.30000001192092896,-0.30000001192092896,-0.30000001192092896,0.30000001192092896,-0.30000001192092896,0.30000001192092896,-0.30000001192092896,-0.299870945525238
1.2999999523162842,0.3036406312170105,-0.30000001192092896,0.3103092908859253,0.3512820498976746,-0.30000001192092896,-0.21129033492092897,-0.28989900192092893,-0.30000001192092896,-0.30000001192092896,-0.30000001192092896,0.961764717920929,-0.08423237692092894,0.713624865920929,-0.30000001192092896,-0.25093399352523804
1.2999999523162842,0.3639181142170105,-0.30000001192092896,0.3103092908859253,0.3512820498976746,-0.30000001192092896,-0.17096775392092894,-0.28989900192092893,-0.30000001192092896,-0.30000001192092896,-0.30000001192092896,1.0272727389209289,-0.12987553092092896,0.944194374920929,-0.30000001192092896,-0.24817087252523803
1.2999999523162842,0.4214980122170105,-0.30000001192092896,0.3103092908859253,0.3598290588976746,-0.30000001192092896,-0.27580646392092895,-0.28989900192092893,-0.30000001192092896,-0.30000001192092896,-0.30000001192092896,0.6629679259209289,0.11908712507907104,0.9897557319209289,-0.30000001192092896,-0.258378230525238
1.2999999523162842,0.3621308312170105,-0.30000001192092896,0.3103092908859253,0.5222222208976746,-0.30000001192092896,-0.30000001192092896,-0.30000001192092896,-0.30000001192092896,-0.30000001192092896,-0.30000001192092896,0.30000001192092896,-0.30000001192092896,0.30000001192092896,-0.30000001192092896,-0.29562780352523804
1.2999999523162842,0.4212008382170105,-0.30000001192092896,0.4340206318859253,0.5393162378976746,-0.30000001192092896,-0.30000001192092896,-0.30000001192092896,-0.30000001192092896,-0.30000001192092896,-0.30000001192092896,0.30000001192092896,-0.24605810292092894,0.808402569920929,-0.30000001192092896,-0.29548898252523803
1.2999999523162842,0.42180790821701053,-0.30000001192092896,0.3103092908859253,0.5136752128976746,-0.30000001192092896,-0.30000001192092896,-0.30000001192092896,-0.30000001192092896,-0.30000001192092896,-0.30000001192092896,0.30000001192092896,-0.30000001192092896,0.30000001192092896,-0.30000001192092896,-0.29914579252523804
1.2999999523162842,0.4539184172170105,-0.30000001192092896,0.3103092908859253,0.5222222208976746,-0.30000001192092896,-0.30000001192092896,-0.30000001192092896,-0.30000001192092896,-0.30000001192092896,-0.30000001192092896,0.30000001192092896,-0.30000001192092896,0.30000001192092896,-0.30000001192092896,-0.299004532525238
1.2999999523162842,0.5123837772170106,-0.30000001192092896,0.3103092908859253,0.5136752128976746,-0.30000001192092896,-0.30000001192092896,-0.30000001192092896,-0.30000001192092896,-0.30000001192092896,-0.30000001192092896,0.30000001192092896,-0.30000001192092896,0.30000001192092896,-0.30000001192092896,-0.299900217825238
1.2999999523162842,0.4826948852170105,-0.30000001192092896,0.3103092908859253,0.5222222208976746,-0.30000001192092896,-0.30000001192092896,-0.30000001192092896,-0.30000001192092896,-0.30000001192092896,-0.30000001192092896,0.30000001192092896,-0.30000001192092896,0.30000001192092896,-0.30000001192092896,-0.299396824525238
1.2999999523162842,0.3315349692170105,-0.30000001192092896,0.3103092908859253,0.33418803289767457,-0.30000001192092896,-0.15483872192092896,-0.28989900192092893,-0.30000001192092896,-0.30000001192092896,-0.30000001192092896,1.0459893169209291,-0.17136930692092894,1.126473973920929,-0.30000001192092896,-0.24841480752523803
1.2999999523162842,0.3914922562170105,-0.30000001192092896,0.3103092908859253,0.4025641018976746,-0.30000001192092896,-0.28387097992092897,-0.28989900192092893,-0.30000001192092896,-0.30000001192092896,-0.30000001192092896,0.575401081920929,-0.30000001192092896,0.30000001192092896,-0.30000001192092896,-0.29986185352523803
1.2999999523162842,0.4239284142170105,-0.30000001192092896,0.3103092908859253,0.5307692298976746,-0.30000001192092896,-0.30000001192092896,-0.30000001192092896,-0.30000001192092896,-0.30000001192092896,-0.30000001192092896,0.30000001192092896,-0.295850633920929,0.6740299839209289,-0.30000001192092896,-0.29910920252523804
1.2999999523162842,0.3605861942170105,-0.30000001192092896,0.4546391878859253,0.5393162378976746,-0.30000001192092896,-0.30000001192092896,-0.30000001192092896,0.699999988079071,-0.30000001192092896,-0.30000001192092896,0.30000001192092896,-0.24605810292092894,1.1978775169209288,-0.30000001192092896,-0.27044481852523805
1.2999999523162842,0.3615249722170105,-0.30000001192092896,0.3103092908859253,0.3769230758976746,-0.30000001192092896,-0.29193549592092893,-0.28989900192092893,-0.30000001192092896,-0.30000001192092896,-0.30000001192092896,0.4610962689209289,-0.30000001192092896,0.30000001192092896,-0.30000001192092896,-0.29986229652523805
1.2999999523162842,0.4820908442170105,-0.30000001192092896,0.3103092908859253,0.3769230758976746,-0.30000001192092896,-0.30000001192092896,-0.30000001192092896,-0.30000001192092896,-0.30000001192092896,-0.30000001192092896,0.30000001192092896,-0.295850633920929,0.901223653920929,-0.30000001192092896,-0.29972569352523803
1.2999999523162842,0.4517979122170105,-0.30000001192092896,0.3103092908859253,0.5136752128976746,-0.30000001192092896,-0.30000001192092896,-0.30000001192092896,-0.30000001192092896,-0.30000001192092896,-0.30000001192092896,0.30000001192092896,-0.283402501920929,1.1441927509209289,-0.30000001192092896,-0.29841531752523803
1.2999999523162842,0.4517979122170105,-0.30000001192092896,0.3103092908859253,0.41965811889767457,-0.30000001192092896,-0.28387097992092897,-0.28989900192092893,-0.30000001192092896,-0.30000001192092896,-0.30000001192092896,0.575401081920929,0.11493774707907106,1.105094860920929,-0.30000001192092896,-0.258905130525238
1.2999999523162842,0.3000063877370105,-0.30000001192092896,0.3103092908859253,0.2999999988976746,-0.30000001192092896,-0.11451614092092896,-0.28989900192092893,-0.30000001192092896,-0.30000001192092896,-0.30000001192092896,1.082085572920929,-0.17136930692092894,0.721141444920929,-0.30000001192092896,-0.252887470525238
1.2999999523162842,0.42271669621701047,-0.30000001192092896,0.3103092908859253,0.33418803289767457,-0.30000001192092896,-0.20322581792092898,-0.17878789092092895,-0.30000001192092896,-0.30000001192092896,-0.30000001192092896,0.30000001192092896,-0.30000001192092896,0.30000001192092896,-0.30000001192092896,-0.29985564452523805
1.2999999523162842,0.3015389072170105,-0.30000001192092896,0.3103092908859253,0.3512820498976746,-0.30000001192092896,-0.10645162492092897,-0.28989900192092893,-0.30000001192092896,-0.30000001192092896,-0.30000001192092896,1.086096268920929,-0.19211619492092896,1.1746556309209288,-0.30000001192092896,-0.250188660525238
1.2999999523162842,0.42271669621701047,-0.30000001192092896,0.3103092908859253,0.5222222208976746,-0.30000001192092896,-0.30000001192092896,-0.30000001192092896,-0.30000001192092896,-0.30000001192092896,-0.30000001192092896,0.30000001192092896,-0.30000001192092896,0.30000001192092896,-0.30000001192092896,-0.29932785752523805
1.2999999523162842,0.45179367121701053,-0.30000001192092896,0.3103092908859253,0.5222222208976746,-0.30000001192092896,-0.30000001192092896,-0.30000001192092896,-0.30000001192092896,-0.30000001192092896,-0.30000001192092896,0.30000001192092896,-0.295850633920929,0.846887934920929,-0.30000001192092896,-0.29909988852523806
1.2999999523162842,0.3909027552170105,-0.30000001192092896,0.4030927968859253,0.5393162378976746,-0.30000001192092896,-0.30000001192092896,-0.30000001192092896,-0.30000001192092896,-0.30000001192092896,-0.30000001192092896,0.30000001192092896,-0.24605810292092894,0.905518600920929,-0.30000001192092896,-0.28595976352523805
1.2999999523162842,0.39333255221701047,-0.30000001192092896,0.3103092908859253,0.4367521358976746,-0.30000001192092896,-0.28387097992092897,-0.28989900192092893,-0.30000001192092896,-0.30000001192092896,-0.30000001192092896,0.5747326319209289,-0.30000001192092896,0.30000001192092896,-0.30000001192092896,-0.299855865525238
1.2999999523162842,0.3309291102170105,-0.30000001192092896,0.3103092908859253,0.3512820498976746,-0.30000001192092896,-0.13870968892092894,-0.28989900192092893,-0.30000001192092896,-0.30000001192092896,-0.30000001192092896,1.062032097920929,-0.19626557192092897,1.126473973920929,-0.30000001192092896,-0.25460588352523805
1.2999999523162842,0.5129896362170105,-0.30000001192092896,0.3103092908859253,0.5136752128976746,-0.30000001192092896,-0.30000001192092896,-0.30000001192092896,-0.30000001192092896,-0.30000001192092896,-0.30000001192092896,0.30000001192092896,-0.295850633920929,0.748362389920929,-0.30000001192092896,-0.29961481352523806
0.2999999523162842,0.3036503242170105,-0.25334768292092896,0.3000000128859253,0.33418803289767457,0.699999988079071,-0.30000001192092896,-0.30000001192092896,0.699999988079071,-0.15858587092092896,-0.12157677492092894,0.30000001192092896,-0.30000001192092896,0.30000001192092896,-0.10000001192092894,-0.29834080652523803
1.2999999523162842,0.45149498221701045,-0.30000001192092896,0.3103092908859253,0.5222222208976746,-0.30000001192092896,-0.30000001192092896,-0.30000001192092896,-0.30000001192092896,-0.30000001192092896,-0.30000001192092896,0.30000001192092896,-0.29170125692092896,0.965039404920929,-0.30000001192092896,-0.29917861352523806
1.2999999523162842,0.42271669621701047,-0.30000001192092896,0.3103092908859253,0.5136752128976746,-0.30000001192092896,-0.30000001192092896,-0.30000001192092896,-0.30000001192092896,-0.30000001192092896,-0.30000001192092896,0.30000001192092896,-0.30000001192092896,0.30000001192092896,-0.30000001192092896,-0.29900586252523803
1.2999999523162842,0.3917982142170105,-0.30000001192092896,0.3103092908859253,0.38547008389767456,-0.30000001192092896,-0.27580646392092895,-0.28989900192092893,-0.30000001192092896,-0.30000001192092896,-0.30000001192092896,0.6629679259209289,-0.30000001192092896,0.30000001192092896,-0.30000001192092896,-0.29986163152523804
1.2999999523162842,0.30122476921701047,-0.30000001192092896,0.3103092908859253,0.3256410248976746,-0.30000001192092896,-0.001612914920928965,-0.28989900192092893,-0.30000001192092896,-0.30000001192092896,-0.30000001192092896,1.1409091029209288,-0.24190872592092896,1.018495879920929,-0.30000001192092896,-0.25423111052523806
1.2999999523162842,0.3012181052170105,-0.30000001192092896,0.3103092908859253,0.3512820498976746,-0.30000001192092896,-0.18709678592092896,-0.15858587092092896,-0.30000001192092896,-0.30000001192092896,-0.30000001192092896,0.30000001192092896,-0.30000001192092896,0.30000001192092896,-0.30000001192092896,-0.279606138525238
1.2999999523162842,0.5432825682170105,-0.30000001192092896,0.3103092908859253,0.5222222208976746,-0.30000001192092896,-0.30000001192092896,-0.30000001192092896,-0.30000001192092896,-0.30000001192092896,-0.30000001192092896,0.30000001192092896,-0.30000001192092896,0.30000001192092896,-0.30000001192092896,-0.29938662352523804
1.2999999523162842,0.3027333572170105,-0.30000001192092896,0.3103092908859253,0.3256410248976746,-0.30000001192092896,0.03870966507907103,-0.28989900192092893,-0.30000001192092896,-0.30000001192092896,-0.30000001192092896,1.142246000920929,-0.30000001192092896,0.30000001192092896,-0.30000001192092896,-0.29983945552523805
1.2999999523162842,0.4514810472170105,-0.30000001192092896,0.6814433118859253,0.5393162378976746,-0.30000001192092896,-0.30000001192092896,-0.30000001192092896,-0.30000001192092896,-0.30000001192092896,-0.30000001192092896,0.30000001192092896,-0.24605810292092894,1.300000011920929,-0.30000001192092896,-0.29350312752523805
1.2999999523162842,0.4530096292170105,-0.30000001192092896,0.3103092908859253,0.3940170928976746,-0.30000001192092896,-0.29193549592092893,-0.28989900192092893,-0.30000001192092896,-0.30000001192092896,-0.30000001192092896,0.460427818920929,0.695850610079071,0.806812255920929,-0.30000001192092896,-0.262772169525238
1.2999999523162842,0.3039396222170105,-0.30000001192092896,0.3103092908859253,0.2999999988976746,-0.30000001192092896,0.490322569079071,-0.28989900192092893,-0.30000001192092896,-0.30000001192092896,-0.30000001192092896,1.217112310920929,-0.30000001192092896,0.30000001192092896,-0.30000001192092896,-0.29983879052523804
1.2999999523162842,0.3051786032170105,-0.30000001192092896,0.3103092908859253,0.3170940158976746,-0.30000001192092896,0.441935472079071,-0.28989900192092893,-0.30000001192092896,-0.30000001192092896,-0.30000001192092896,1.160962578920929,-0.27510374592092895,0.7939963459209289,-0.30000001192092896,-0.269370838525238
1.2999999523162842,0.3009115402170105,-0.30000001192092896,0.3103092908859253,0.3256410248976746,-0.30000001192092896,0.030645149079071066,-0.28989900192092893,-0.30000001192092896,-0.30000001192092896,-0.30000001192092896,1.149598941920929,-0.30000001192092896,0.30000001192092896,-0.30000001192092896,-0.29984012152523803
1.2999999523162842,1.1485353632170106,-0.30000001192092896,0.3103092908859253,0.3769230758976746,-0.30000001192092896,-0.30000001192092896,-0.30000001192092896,-0.30000001192092896,-0.30000001192092896,-0.30000001192092896,0.30000001192092896,-0.295850633920929,0.765188056920929,-0.30000001192092896,-0.29953963752523804
1.2999999523162842,0.3606022502170105,-0.30000001192092896,0.5061855798859253,0.5307692298976746,-0.30000001192092896,-0.30000001192092896,-0.30000001192092896,-0.30000001192092896,-0.30000001192092896,-0.30000001192092896,0.30000001192092896,-0.24605810292092894,1.300000011920929,-0.30000001192092896,-0.29216858052523803
1.2999999523162842,0.4212020502170105,-0.30000001192092896,0.3103092908859253,0.3598290588976746,-0.30000001192092896,-0.19516130192092895,-0.16868688092092896,-0.30000001192092896,-0.30000001192092896,-0.30000001192092896,0.30000001192092896,-0.30000001192092896,0.30000001192092896,-0.30000001192092896,-0.299855865525238
1.2999999523162842,0.3621226522170105,-0.30000001192092896,0.3103092908859253,0.3598290588976746,-0.30000001192092896,-0.09838710892092895,-0.04747475892092895,-0.30000001192092896,-0.30000001192092896,-0.30000001192092896,0.33208557292092894,-0.10082988792092895,0.973676295920929,-0.30000001192092896,-0.25453713752523804
1.2999999523162842,0.3315131582170105,-0.30000001192092896,0.3103092908859253,0.3512820498976746,-0.30000001192092896,-0.21129033492092897,-0.28989900192092893,-0.30000001192092896,-0.30000001192092896,-0.30000001192092896,0.961764717920929,-0.30000001192092896,0.30000001192092896,-0.30000001192092896,-0.29983768152523804
1.2999999523162842,0.3912120462170105,-0.30000001192092896,0.3103092908859253,0.3598290588976746,-0.30000001192092896,-0.30000001192092896,-0.30000001192092896,-0.30000001192092896,-0.30000001192092896,-0.30000001192092896,0.30000001192092896,-0.30000001192092896,0.30000001192092896,-0.30000001192092896,-0.299870058525238
1.2999999523162842,0.4212020502170105,-0.30000001192092896,0.3103092908859253,0.5222222208976746,-0.30000001192092896,-0.30000001192092896,-0.30000001192092896,-0.30000001192092896,-0.30000001192092896,-0.30000001192092896,0.30000001192092896,-0.30000001192092896,0.30000001192092896,-0.30000001192092896,-0.299901104925238
1.2999999523162842,0.4533125582170105,-0.30000001192092896,0.3103092908859253,0.34273504189767456,-0.30000001192092896,-0.21935485092092893,-0.19898991092092894,-0.30000001192092896,-0.30000001192092896,-0.30000001192092896,0.30000001192092896,-0.30000001192092896,0.30000001192092896,-0.30000001192092896,-0.29985564452523805
1.2999999523162842,0.4524037702170105,-0.30000001192092896,0.3103092908859253,0.5222222208976746,-0.30000001192092896,-0.30000001192092896,-0.30000001192092896,-0.30000001192092896,-0.30000001192092896,-0.30000001192092896,0.30000001192092896,-0.30000001192092896,0.30000001192092896,-0.30000001192092896,-0.29968599852523803
1.2999999523162842,0.4212020502170105,-0.30000001192092896,0.3103092908859253,0.5136752128976746,-0.30000001192092896,-0.30000001192092896,-0.30000001192092896,-0.30000001192092896,-0.30000001192092896,-0.30000001192092896,0.30000001192092896,-0.30000001192092896,0.30000001192092896,-0.30000001192092896,-0.299614591525238
1.2999999523162842,0.4833025622170105,-0.30000001192092896,0.3103092908859253,0.5222222208976746,-0.30000001192092896,-0.30000001192092896,-0.30000001192092896,-0.30000001192092896,-0.30000001192092896,-0.30000001192092896,0.30000001192092896,-0.30000001192092896,0.30000001192092896,-0.30000001192092896,-0.29902426852523806
1.2999999523162842,0.5123819592170105,-0.30000001192092896,0.3103092908859253,0.5136752128976746,-0.30000001192092896,-0.30000001192092896,-0.30000001192092896,-0.30000001192092896,-0.30000001192092896,-0.30000001192092896,0.30000001192092896,-0.295850633920929,0.7584912959209289,-0.30000001192092896,-0.299647412525238
1.2999999523162842,0.4524001352170105,-0.30000001192092896,0.3103092908859253,0.5307692298976746,-0.30000001192092896,-0.30000001192092896,-0.30000001192092896,-0.30000001192092896,-0.30000001192092896,-0.30000001192092896,0.30000001192092896,-0.2875518789209289,1.1335675959209288,-0.30000001192092896,-0.298362317525238
1.2999999523162842,0.3018279022170105,-0.30000001192092896,0.4134020748859253,0.4794871778976746,-0.30000001192092896,-0.29193549592092893,-0.28989900192092893,-0.30000001192092896,-0.30000001192092896,-0.30000001192092896,0.4610962689209289,0.699999988079071,1.119382977920929,-0.30000001192092896,-0.210062647525238
1.2999999523162842,1.1482324332170104,-0.30000001192092896,0.3103092908859253,0.3769230758976746,-0.30000001192092896,-0.30000001192092896,-0.30000001192092896,-0.30000001192092896,-0.30000001192092896,-0.30000001192092896,0.30000001192092896,-0.29170125692092896,0.7782413209209289,-0.30000001192092896,-0.29959795952523804
1.2999999523162842,0.33123204021701047,-0.30000001192092896,0.3103092908859253,0.3940170928976746,-0.30000001192092896,-0.27580646392092895,-0.26969698192092895,-0.30000001192092896,-0.30000001192092896,-0.30000001192092896,0.32005348792092897,-0.30000001192092896,0.30000001192092896,-0.30000001192092896,-0.275228388525238
1.2999999523162842,0.5132925652170105,-0.30000001192092896,0.3103092908859253,0.5307692298976746,-0.30000001192092896,-0.30000001192092896,-0.30000001192092896,-0.30000001192092896,-0.30000001192092896,-0.30000001192092896,0.30000001192092896,-0.30000001192092896,0.30000001192092896,-0.30000001192092896,-0.29990043962523805
1.2999999523162842,0.4211938702170105,-0.30000001192092896,0.4752577448859253,0.5393162378976746,-0.30000001192092896,-0.30000001192092896,-0.30000001192092896,-0.30000001192092896,-0.30000001192092896,-0.30000001192092896,0.30000001192092896,-0.24605810292092894,0.973676295920929,-0.30000001192092896,-0.295152129525238
1.2999999523162842,0.3605874062170105,-0.30000001192092896,0.3103092908859253,0.33418803289767457,-0.30000001192092896,-0.20322581792092898,-0.17878789092092895,-0.30000001192092896,-0.30000001192092896,-0.30000001192092896,0.30000001192092896,-0.30000001192092896,0.30000001192092896,-0.30000001192092896,-0.299842116525238
1.2999999523162842,0.3912053822170105,-0.30000001192092896,0.3103092908859253,0.3598290588976746,-0.30000001192092896,-0.28387097992092897,-0.27979799192092897,-0.30000001192092896,-0.30000001192092896,-0.30000001192092896,0.32740642892092897,-0.30000001192092896,0.30000001192092896,-0.30000001192092896,-0.291513725525238
1.2999999523162842,0.3612071992170105,-0.30000001192092896,0.3103092908859253,0.2999999988976746,-0.30000001192092896,-0.30000001192092896,-0.30000001192092896,-0.30000001192092896,-0.30000001192092896,-0.30000001192092896,0.30000001192092896,-0.30000001192092896,0.30000001192092896,-0.30000001192092896,-0.299870723525238
1.2999999523162842,0.4536154882170105,-0.30000001192092896,0.3103092908859253,0.5307692298976746,-0.30000001192092896,-0.30000001192092896,-0.30000001192092896,-0.30000001192092896,-0.30000001192092896,-0.30000001192092896,0.30000001192092896,-0.30000001192092896,0.30000001192092896,-0.30000001192092896,-0.299327191525238
1.2999999523162842,0.5120808482170105,-0.30000001192092896,0.3103092908859253,0.5222222208976746,-0.30000001192092896,-0.30000001192092896,-0.30000001192092896,-0.30000001192092896,-0.30000001192092896,-0.30000001192092896,0.30000001192092896,-0.30000001192092896,0.30000001192092896,-0.30000001192092896,-0.299113415525238
1.2999999523162842,0.3303232522170105,-0.30000001192092896,0.3103092908859253,0.38547008389767456,-0.30000001192092896,-0.25967743092092893,-0.28989900192092893,-0.30000001192092896,-0.30000001192092896,-0.30000001192092896,0.780614984920929,-0.30000001192092896,0.30000001192092896,-0.30000001192092896,-0.254782625525238
1.2999999523162842,0.4214807452170105,-0.30000001192092896,0.3103092908859253,0.34273504189767456,-0.30000001192092896,-0.25967743092092893,-0.24949496092092896,-0.30000001192092896,-0.30000001192092896,-0.30000001192092896,0.30000001192092896,-0.30000001192092896,0.30000001192092896,-0.30000001192092896,-0.29986163152523804
1.2999999523162842,0.3021508242170105,-0.30000001192092896,0.3103092908859253,0.2999999988976746,-0.30000001192092896,-0.30000001192092896,-0.30000001192092896,-0.30000001192092896,-0.30000001192092896,-0.30000001192092896,0.30066846092092897,-0.30000001192092896,0.30000001192092896,-0.30000001192092896,-0.299867175525238
1.2999999523162842,0.5438884272170105,-0.30000001192092896,0.3103092908859253,0.5222222208976746,-0.30000001192092896,-0.30000001192092896,-0.30000001192092896,-0.30000001192092896,-0.30000001192092896,-0.30000001192092896,0.30000001192092896,-0.30000001192092896,0.30000001192092896,-0.30000001192092896,-0.299900661325238
1.2999999523162842,0.5132925652170105,-0.30000001192092896,0.3103092908859253,0.5222222208976746,-0.30000001192092896,-0.30000001192092896,-0.30000001192092896,-0.30000001192092896,-0.30000001192092896,-0.30000001192092896,0.30000001192092896,-0.30000001192092896,0.30000001192092896,-0.30000001192092896,-0.29990043962523805
1.2999999523162842,0.5432825682170105,-0.30000001192092896,0.3103092908859253,0.5136752128976746,-0.30000001192092896,-0.30000001192092896,-0.30000001192092896,-0.30000001192092896,-0.30000001192092896,-0.30000001192092896,0.30000001192092896,-0.30000001192092896,0.30000001192092896,-0.30000001192092896,-0.29940015052523805
1.2999999523162842,0.3606149732170105,-0.30000001192092896,0.33092784788592533,0.5051282038976745,-0.30000001192092896,-0.30000001192092896,-0.30000001192092896,0.699999988079071,-0.30000001192092896,-0.30000001192092896,0.30000001192092896,-0.24605810292092894,0.9026445069209289,-0.30000001192092896,-0.278798934525238
0.2999999523162842,0.3003078022170105,-0.007475119920928974,0.3000000128859253,0.3512820498976746,0.699999988079071,-0.30000001192092896,-0.30000001192092896,0.699999988079071,0.33636362407907106,-0.21701245992092894,0.30000001192092896,-0.30000001192092896,0.30000001192092896,0.033333321079071054,-0.29908414352523804
1.2999999523162842,0.4820632782170105,-0.30000001192092896,0.3103092908859253,0.5222222208976746,-0.30000001192092896,-0.30000001192092896,-0.30000001192092896,-0.30000001192092896,-0.30000001192092896,-0.30000001192092896,0.30000001192092896,-0.30000001192092896,0.30000001192092896,-0.30000001192092896,-0.29990043962523805
1.2999999523162842,0.4527067002170105,-0.30000001192092896,0.3103092908859253,0.34273504189767456,-0.30000001192092896,-0.28387097992092897,-0.27979799192092897,-0.30000001192092896,-0.30000001192092896,-0.30000001192092896,0.30000001192092896,-0.30000001192092896,0.30000001192092896,-0.30000001192092896,-0.29986185352523803
1.2999999523162842,0.4533125582170105,-0.30000001192092896,0.3103092908859253,0.5136752128976746,-0.30000001192092896,-0.30000001192092896,-0.30000001192092896,-0.30000001192092896,-0.30000001192092896,-0.30000001192092896,0.30000001192092896,-0.2875518789209289,0.8997136619209289,-0.30000001192092896,-0.29863463752523806
1.2999999523162842,0.5729696422170105,-0.30000001192092896,0.3103092908859253,0.5222222208976746,-0.30000001192092896,-0.30000001192092896,-0.30000001192092896,-0.30000001192092896,-0.30000001192092896,-0.30000001192092896,0.30000001192092896,-0.295850633920929,0.944194374920929,-0.30000001192092896,-0.299507260525238
1.2999999523162842,0.3027506242170105,-0.30000001192092896,0.3103092908859253,0.38547008389767456,-0.30000001192092896,-0.25967743092092893,-0.24949496092092896,-0.30000001192092896,-0.30000001192092896,-0.30000001192092896,0.30000001192092896,-0.30000001192092896,0.30000001192092896,-0.30000001192092896,-0.278031425525238
1.2999999523162842,0.4236221522170105,-0.30000001192092896,0.3103092908859253,0.5136752128976746,-0.30000001192092896,-0.30000001192092896,-0.30000001192092896,-0.30000001192092896,-0.30000001192092896,-0.30000001192092896,0.30000001192092896,-0.30000001192092896,0.30000001192092896,-0.30000001192092896,-0.29987050252523806
1.2999999523162842,0.3015270932170105,-0.30000001192092896,0.3103092908859253,0.34273504189767456,-0.30000001192092896,-0.17096775392092894,-0.13838384992092895,-0.30000001192092896,-0.30000001192092896,-0.30000001192092896,0.30000001192092896,-0.30000001192092896,0.30000001192092896,-0.30000001192092896,-0.29984034252523806
1.2999999523162842,0.3306225462170105,-0.30000001192092896,0.5577319718859253,0.5393162378976746,-0.30000001192092896,-0.30000001192092896,-0.30000001192092896,-0.30000001192092896,-0.30000001192092896,-0.30000001192092896,0.30000001192092896,-0.24605810292092894,0.7381502899209289,-0.30000001192092896,-0.26836139052523805
1.2999999523162842,0.42180790821701053,-0.30000001192092896,0.3103092908859253,0.5222222208976746,-0.30000001192092896,-0.30000001192092896,-0.30000001192092896,-0.30000001192092896,-0.30000001192092896,-0.30000001192092896,0.30000001192092896,-0.30000001192092896,0.30000001192092896,-0.30000001192092896,-0.29936378252523804
1.2999999523162842,0.5132925652170105,-0.30000001192092896,0.3103092908859253,0.5222222208976746,-0.30000001192092896,-0.30000001192092896,-0.30000001192092896,-0.30000001192092896,-0.30000001192092896,-0.30000001192092896,0.30000001192092896,-0.295850633920929,0.9899074149209289,-0.30000001192092896,-0.29957911052523806
1.2999999523162842,0.5429796392170105,-0.30000001192092896,0.3103092908859253,0.5222222208976746,-0.30000001192092896,-0.30000001192092896,-0.30000001192092896,-0.30000001192092896,-0.30000001192092896,-0.30000001192092896,0.30000001192092896,-0.30000001192092896,0.30000001192092896,-0.30000001192092896,-0.29990088312523805
1.2999999523162842,0.5129593432170105,-0.30000001192092896,0.3103092908859253,0.5222222208976746,-0.30000001192092896,-0.30000001192092896,-0.30000001192092896,-0.30000001192092896,-0.30000001192092896,-0.30000001192092896,0.30000001192092896,-0.30000001192092896,0.30000001192092896,-0.30000001192092896,-0.29923560552523804
1.2999999523162842,0.3030423452170105,-0.30000001192092896,0.3103092908859253,0.3170940158976746,-0.30000001192092896,-0.05806452792092895,-0.28989900192092893,-0.30000001192092896,-0.30000001192092896,-0.30000001192092896,1.122192524920929,-0.30000001192092896,0.30000001192092896,-0.30000001192092896,-0.29983479852523803
1.2999999523162842,0.3321408282170105,-0.30000001192092896,0.3103092908859253,0.4111111098976746,-0.30000001192092896,-0.30000001192092896,-0.30000001192092896,-0.30000001192092896,-0.30000001192092896,-0.30000001192092896,0.30000001192092896,-0.30000001192092896,0.30000001192092896,-0.30000001192092896,-0.266826815525238
1.2999999523162842,0.3042683002170105,-0.30000001192092896,0.3103092908859253,0.3598290588976746,-0.30000001192092896,-0.16290323792092895,-0.12828283992092895,-0.30000001192092896,-0.30000001192092896,-0.30000001192092896,0.30000001192092896,-0.30000001192092896,0.30000001192092896,-0.30000001192092896,-0.29984189552523804
1.2999999523162842,0.3927100322170105,-0.30000001192092896,0.3103092908859253,0.3512820498976746,-0.30000001192092896,-0.25161291492092897,-0.23939395092092897,-0.30000001192092896,-0.30000001192092896,-0.30000001192092896,0.30000001192092896,-0.30000001192092896,0.30000001192092896,-0.30000001192092896,-0.29985564452523805
1.2999999523162842,0.48239377421701046,-0.30000001192092896,0.3103092908859253,0.5222222208976746,-0.30000001192092896,-0.30000001192092896,-0.30000001192092896,-0.30000001192092896,-0.30000001192092896,-0.30000001192092896,0.30000001192092896,-0.2875518789209289,0.917944533920929,-0.30000001192092896,-0.299143131525238
1.2999999523162842,0.3033455772170105,-0.30000001192092896,0.3103092908859253,0.33418803289767457,-0.30000001192092896,-0.27580646392092895,-0.28989900192092893,-0.30000001192092896,-0.30000001192092896,-0.30000001192092896,0.6629679259209289,-0.30000001192092896,0.30000001192092896,-0.30000001192092896,-0.29983923452523803
1.2999999523162842,0.3009151752170105,-0.30000001192092896,0.3103092908859253,0.33418803289767457,-0.30000001192092896,-0.11451614092092896,-0.28989900192092893,-0.30000001192092896,-0.30000001192092896,-0.30000001192092896,1.084090920920929,-0.16721992892092896,0.9290501899209289,-0.30000001192092896,-0.25242598952523804
1.2999999523162842,0.4520835742170105,-0.30000001192092896,0.3103092908859253,0.3683760668976746,-0.30000001192092896,-0.28387097992092897,-0.27979799192092897,-0.30000001192092896,-0.30000001192092896,-0.30000001192092896,0.30000001192092896,-0.30000001192092896,0.30000001192092896,-0.30000001192092896,-0.299862075525238
1.2999999523162842,0.5729696422170105,-0.30000001192092896,0.3103092908859253,0.5222222208976746,-0.30000001192092896,-0.30000001192092896,-0.30000001192092896,-0.30000001192092896,-0.30000001192092896,-0.30000001192092896,0.30000001192092896,-0.30000001192092896,0.30000001192092896,-0.30000001192092896,-0.29990132662523805
1.2999999523162842,0.42150497921701047,-0.30000001192092896,0.3103092908859253,0.5136752128976746,-0.30000001192092896,-0.30000001192092896,-0.30000001192092896,-0.30000001192092896,-0.30000001192092896,-0.30000001192092896,0.30000001192092896,-0.29170125692092896,0.962630361920929,-0.30000001192092896,-0.299403698525238
1.2999999523162842,0.3324189172170105,-0.30000001192092896,0.4134020748859253,0.5393162378976746,-0.30000001192092896,-0.30000001192092896,-0.30000001192092896,0.699999988079071,-0.30000001192092896,-0.30000001192092896,0.30000001192092896,-0.24605810292092894,0.713624865920929,-0.30000001192092896,-0.24443844152523803
1.2999999523162842,0.3006346632170105,-0.30000001192092896,0.3103092908859253,0.3598290588976746,-0.30000001192092896,-0.17096775392092894,-0.28989900192092893,-0.30000001192092896,-0.30000001192092896,-0.30000001192092896,1.0272727389209289,-0.30000001192092896,0.30000001192092896,-0.30000001192092896,-0.29984034252523806
1.2999999523162842,0.3345388162170105,-0.30000001192092896,0.3103092908859253,0.3598290588976746,-0.30000001192092896,-0.25967743092092893,-0.28989900192092893,-0.30000001192092896,-0.30000001192092896,-0.30000001192092896,0.7812834339209289,-0.02199171292092894,0.9164036419209289,-0.30000001192092896,-0.24583641252523802
1.2999999523162842,0.5123837772170106,-0.30000001192092896,0.3103092908859253,0.5222222208976746,-0.30000001192092896,-0.30000001192092896,-0.30000001192092896,-0.30000001192092896,-0.30000001192092896,-0.30000001192092896,0.30000001192092896,-0.30000001192092896,0.30000001192092896,-0.30000001192092896,-0.29963743352523803
1.2999999523162842,0.3606034612170105,-0.30000001192092896,0.3103092908859253,0.3598290588976746,-0.30000001192092896,-0.20322581792092898,-0.17878789092092895,-0.30000001192092896,-0.30000001192092896,-0.30000001192092896,0.30000001192092896,-0.30000001192092896,0.30000001192092896,-0.30000001192092896,-0.28602473952523805
1.2999999523162842,0.5429796392170105,-0.30000001192092896,0.3103092908859253,0.5222222208976746,-0.30000001192092896,-0.30000001192092896,-0.30000001192092896,-0.30000001192092896,-0.30000001192092896,-0.30000001192092896,0.30000001192092896,-0.30000001192092896,0.30000001192092896,-0.30000001192092896,-0.299900661325238
1.2999999523162842,0.4517800392170105,-0.30000001192092896,0.3103092908859253,0.5222222208976746,-0.30000001192092896,-0.30000001192092896,-0.30000001192092896,-0.30000001192092896,-0.30000001192092896,-0.30000001192092896,0.30000001192092896,-0.30000001192092896,0.30000001192092896,-0.30000001192092896,-0.29939970752523803
1.2999999523162842,0.42391902321701047,-0.30000001192092896,0.3103092908859253,0.5222222208976746,-0.30000001192092896,-0.30000001192092896,-0.30000001192092896,-0.30000001192092896,-0.30000001192092896,-0.30000001192092896,0.30000001192092896,-0.30000001192092896,0.30000001192092896,-0.30000001192092896,-0.29957733652523805
1.2999999523162842,0.4521008412170105,-0.30000001192092896,0.3103092908859253,0.5307692298976746,-0.30000001192092896,-0.30000001192092896,-0.30000001192092896,-0.30000001192092896,-0.30000001192092896,-0.30000001192092896,0.30000001192092896,-0.30000001192092896,0.30000001192092896,-0.30000001192092896,-0.29907394252523806
1.2999999523162842,0.4817679222170105,-0.30000001192092896,0.4340206318859253,0.5393162378976746,-0.30000001192092896,-0.30000001192092896,-0.30000001192092896,-0.30000001192092896,-0.30000001192092896,-0.30000001192092896,0.30000001192092896,-0.24605810292092894,1.119382977920929,-0.30000001192092896,-0.29453186852523805
1.2999999523162842,0.7847172412170105,-0.30000001192092896,0.3103092908859253,0.3683760668976746,-0.30000001192092896,-0.30000001192092896,-0.30000001192092896,-0.30000001192092896,-0.30000001192092896,-0.30000001192092896,0.30000001192092896,-0.295850633920929,1.018495879920929,-0.30000001192092896,-0.299616365525238
1.2999999523162842,0.3918115432170105,-0.30000001192092896,0.3103092908859253,0.5307692298976746,-0.30000001192092896,-0.30000001192092896,-0.30000001192092896,-0.30000001192092896,-0.30000001192092896,-0.30000001192092896,0.30000001192092896,-0.29170125692092896,0.8365443559209289,-0.30000001192092896,-0.299379970525238
1.2999999523162842,0.3912120462170105,-0.30000001192092896,0.3103092908859253,0.3769230758976746,-0.30000001192092896,-0.30000001192092896,-0.30000001192092896,-0.30000001192092896,-0.30000001192092896,-0.30000001192092896,0.30000001192092896,-0.30000001192092896,0.30000001192092896,-0.30000001192092896,-0.299761618525238
1.2999999523162842,0.4823771122170105,-0.30000001192092896,0.3103092908859253,0.5222222208976746,-0.30000001192092896,-0.30000001192092896,-0.30000001192092896,-0.30000001192092896,-0.30000001192092896,-0.30000001192092896,0.30000001192092896,-0.295850633920929,0.8893623089209289,-0.30000001192092896,-0.29925046352523804
1.2999999523162842,0.3048608302170105,-0.30000001192092896,0.3103092908859253,0.34273504189767456,-0.30000001192092896,-0.21935485092092893,-0.28989900192092893,-0.30000001192092896,-0.30000001192092896,-0.30000001192092896,0.9417112419209289,-0.03443984592092897,0.798222310920929,-0.30000001192092896,-0.24788169852523803
1.2999999523162842,0.3000269869170105,-0.30000001192092896,0.3103092908859253,0.2999999988976746,-0.30000001192092896,-0.17903226992092897,-0.28989900192092893,-0.30000001192092896,-0.30000001192092896,-0.30000001192092896,1.021925145920929,-0.12572615292092895,1.0424097209209289,-0.30000001192092896,-0.24645933452523802
1.2999999523162842,0.3909091172170105,-0.30000001192092896,0.3103092908859253,0.3769230758976746,-0.30000001192092896,-0.30000001192092896,-0.30000001192092896,-0.30000001192092896,-0.30000001192092896,-0.30000001192092896,0.30000001192092896,-0.30000001192092896,0.30000001192092896,-0.30000001192092896,-0.29961215252523804
1.2999999523162842,0.45149498221701045,-0.30000001192092896,0.3103092908859253,0.5136752128976746,-0.30000001192092896,-0.30000001192092896,-0.30000001192092896,-0.30000001192092896,-0.30000001192092896,-0.30000001192092896,0.30000001192092896,-0.30000001192092896,0.30000001192092896,-0.30000001192092896,-0.299896226525238
1.2999999523162842,0.3054666892170105,-0.30000001192092896,0.3103092908859253,0.3256410248976746,-0.30000001192092896,-0.18709678592092896,-0.15858587092092896,-0.30000001192092896,-0.30000001192092896,-0.30000001192092896,0.30000001192092896,-0.30000001192092896,0.30000001192092896,-0.30000001192092896,-0.29983989952523804
1.2999999523162842,0.3021477952170105,-0.30000001192092896,0.3103092908859253,0.3170940158976746,-0.30000001192092896,-0.16290323792092895,-0.12828283992092895,-0.30000001192092896,-0.30000001192092896,-0.30000001192092896,0.30000001192092896,-0.30000001192092896,0.30000001192092896,-0.30000001192092896,-0.29983745952523805
1.2999999523162842,0.48239377421701046,-0.30000001192092896,0.3103092908859253,0.5136752128976746,-0.30000001192092896,-0.30000001192092896,-0.30000001192092896,-0.30000001192092896,-0.30000001192092896,-0.30000001192092896,0.30000001192092896,-0.30000001192092896,0.30000001192092896,-0.30000001192092896,-0.299507038525238
1.2999999523162842,0.3930296222170105,-0.30000001192092896,0.3103092908859253,0.3085470078976746,-0.30000001192092896,-0.25161291492092897,-0.23939395092092897,-0.30000001192092896,-0.30000001192092896,-0.30000001192092896,0.30000001192092896,-0.30000001192092896,0.30000001192092896,-0.30000001192092896,-0.299851209525238
1.2999999523162842,0.3036509302170105,-0.30000001192092896,0.3103092908859253,0.34273504189767456,-0.30000001192092896,-0.18709678592092896,-0.15858587092092896,-0.30000001192092896,-0.30000001192092896,-0.30000001192092896,0.30000001192092896,-0.30000001192092896,0.30000001192092896,-0.30000001192092896,-0.29984056452523805
1.2999999523162842,0.4239284142170105,-0.30000001192092896,0.3103092908859253,0.5136752128976746,-0.30000001192092896,-0.30000001192092896,-0.30000001192092896,-0.30000001192092896,-0.30000001192092896,-0.30000001192092896,0.30000001192092896,-0.30000001192092896,0.30000001192092896,-0.30000001192092896,-0.299114302525238
1.2999999523162842,0.3042449752170105,-0.30000001192092896,0.3103092908859253,0.3598290588976746,-0.30000001192092896,-0.25161291492092897,-0.28989900192092893,-0.30000001192092896,-0.30000001192092896,-0.30000001192092896,0.825401081920929,-0.03858922392092895,0.695747523920929,-0.30000001192092896,-0.25001480052523806
1.2999999523162842,0.4524037702170105,-0.30000001192092896,0.3103092908859253,0.5307692298976746,-0.30000001192092896,-0.30000001192092896,-0.30000001192092896,-0.30000001192092896,-0.30000001192092896,-0.30000001192092896,0.30000001192092896,-0.295850633920929,1.0151738689209289,-0.30000001192092896,-0.29880827552523803
1.2999999523162842,0.3030296222170105,-0.30000001192092896,0.3103092908859253,0.33418803289767457,-0.30000001192092896,0.240322569079071,-0.28989900192092893,-0.30000001192092896,-0.30000001192092896,-0.30000001192092896,1.170320867920929,-0.30000001192092896,0.30000001192092896,-0.30000001192092896,-0.29984278252523805
1.2999999523162842,0.3345639592170105,-0.30000001192092896,0.3103092908859253,0.34273504189767456,-0.30000001192092896,-0.24354839892092894,-0.22929294092092894,-0.30000001192092896,-0.30000001192092896,-0.30000001192092896,0.30000001192092896,-0.30000001192092896,0.30000001192092896,-0.30000001192092896,-0.29984078652523805
0.2999999523162842,0.3018197222170105,-0.27082754192092895,0.3000000128859253,0.3512820498976746,0.699999988079071,-0.30000001192092896,-0.30000001192092896,0.699999988079071,-0.07777778992092896,-0.10082988792092895,0.30000001192092896,-0.30000001192092896,0.30000001192092896,-0.16666667892092896,-0.29817470852523803
1.2999999523162842,0.4524037702170105,-0.30000001192092896,0.3103092908859253,0.5136752128976746,-0.30000001192092896,-0.30000001192092896,-0.30000001192092896,-0.30000001192092896,-0.30000001192092896,-0.30000001192092896,0.30000001192092896,-0.30000001192092896,0.30000001192092896,-0.30000001192092896,-0.29990088312523805
1.2999999523162842,0.3615249722170105,-0.30000001192092896,0.3103092908859253,0.34273504189767456,-0.30000001192092896,-0.28387097992092897,-0.28989900192092893,-0.30000001192092896,-0.30000001192092896,-0.30000001192092896,0.575401081920929,0.09004148207907103,0.708840948920929,-0.30000001192092896,-0.253895588525238
1.2999999523162842,0.3027263902170105,-0.30000001192092896,0.3103092908859253,0.34273504189767456,-0.30000001192092896,-0.26774194692092895,-0.259595971920929,-0.30000001192092896,-0.30000001192092896,-0.30000001192092896,0.30000001192092896,-0.30000001192092896,0.30000001192092896,-0.30000001192092896,-0.281184842525238
1.2999999523162842,0.3045742592170105,-0.30000001192092896,0.3103092908859253,0.3512820498976746,-0.30000001192092896,-0.24354839892092894,-0.28989900192092893,-0.30000001192092896,-0.30000001192092896,-0.30000001192092896,0.861497337920929,-0.05103735592092895,1.159883051920929,-0.30000001192092896,-0.25227474952523804
1.2999999523162842,0.4517979122170105,-0.30000001192092896,0.3103092908859253,0.5136752128976746,-0.30000001192092896,-0.30000001192092896,-0.30000001192092896,-0.30000001192092896,-0.30000001192092896,-0.30000001192092896,0.30000001192092896,-0.29170125692092896,0.9044411749209289,-0.30000001192092896,-0.29924114952523806
1.2999999523162842,0.3306013412170105,-0.30000001192092896,0.3103092908859253,0.34273504189767456,-0.30000001192092896,-0.22741936692092896,-0.28989900192092893,-0.30000001192092896,-0.30000001192092896,-0.30000001192092896,0.919652417920929,-0.30000001192092896,0.30000001192092896,-0.30000001192092896,-0.29983989952523804
1.2999999523162842,0.3912120462170105,-0.30000001192092896,0.3103092908859253,0.3769230758976746,-0.30000001192092896,-0.25161291492092897,-0.28989900192092893,-0.30000001192092896,-0.30000001192092896,-0.30000001192092896,0.8233957339209289,0.002904552079071032,1.110981954920929,-0.30000001192092896,-0.24952072152523802
1.2999999523162842,0.5432825682170105,-0.30000001192092896,0.3103092908859253,0.5307692298976746,-0.30000001192092896,-0.30000001192092896,-0.30000001192092896,-0.30000001192092896,-0.30000001192092896,-0.30000001192092896,0.30000001192092896,-0.30000001192092896,0.30000001192092896,-0.30000001192092896,-0.29939948552523804
1.2999999523162842,0.4530096292170105,-0.30000001192092896,0.3103092908859253,0.4111111098976746,-0.30000001192092896,-0.29193549592092893,-0.28989900192092893,-0.30000001192092896,-0.30000001192092896,-0.30000001192092896,0.442379690920929,0.583817415079071,1.003730975920929,-0.30000001192092896,-0.24144203052523802
1.2999999523162842,0.3627366902170105,-0.30000001192092896,0.3103092908859253,0.3598290588976746,-0.30000001192092896,-0.28387097992092897,-0.27979799192092897,-0.30000001192092896,-0.30000001192092896,-0.30000001192092896,0.30000001192092896,-0.30000001192092896,0.30000001192092896,-0.30000001192092896,-0.298056732525238
1.2999999523162842,0.3921208342170105,-0.30000001192092896,0.3103092908859253,0.5222222208976746,-0.30000001192092896,-0.30000001192092896,-0.30000001192092896,-0.30000001192092896,-0.30000001192092896,-0.30000001192092896,0.30000001192092896,-0.30000001192092896,0.30000001192092896,-0.30000001192092896,-0.299900661325238
1.2999999523162842,0.3024467862170105,-0.30000001192092896,0.3103092908859253,0.34273504189767456,-0.30000001192092896,-0.12258065692092895,-0.28989900192092893,-0.30000001192092896,-0.30000001192092896,-0.30000001192092896,1.0794117769209288,-0.21286308292092895,0.7509791739209289,-0.30000001192092896,-0.265143662525238
1.2999999523162842,0.4817879152170105,-0.30000001192092896,0.3103092908859253,0.5222222208976746,-0.30000001192092896,-0.30000001192092896,-0.30000001192092896,-0.30000001192092896,-0.30000001192092896,-0.30000001192092896,0.30000001192092896,-0.29170125692092896,0.9188818659209289,-0.30000001192092896,-0.29900763652523804
1.2999999523162842,0.4221078082170105,-0.30000001192092896,0.3103092908859253,0.4709401698976746,-0.30000001192092896,-0.30000001192092896,-0.30000001192092896,-0.30000001192092896,-0.30000001192092896,-0.30000001192092896,0.30000001192092896,-0.30000001192092896,0.30000001192092896,-0.30000001192092896,-0.299870945525238
1.2999999523162842,0.42180790821701053,-0.30000001192092896,0.3103092908859253,0.5136752128976746,-0.30000001192092896,-0.30000001192092896,-0.30000001192092896,-0.30000001192092896,-0.30000001192092896,-0.30000001192092896,0.30000001192092896,-0.295850633920929,0.7382474989209289,-0.30000001192092896,-0.29932253452523805
1.2999999523162842,0.3318272962170105,-0.30000001192092896,0.3103092908859253,0.3256410248976746,-0.30000001192092896,-0.13870968892092894,-0.28989900192092893,-0.30000001192092896,-0.30000001192092896,-0.30000001192092896,1.050668460920929,-0.19211619492092896,1.014219106920929,-0.30000001192092896,-0.254479258525238
1.2999999523162842,0.3033592092170105,-0.30000001192092896,0.3103092908859253,0.3256410248976746,-0.30000001192092896,-0.10645162492092897,-0.28989900192092893,-0.30000001192092896,-0.30000001192092896,-0.30000001192092896,1.086096268920929,-0.19626557192092897,1.0424097209209289,-0.30000001192092896,-0.250839080525238
1.2999999523162842,0.3303114372170105,-0.30000001192092896,0.3103092908859253,0.3598290588976746,-0.30000001192092896,-0.06612904392092894,-0.007070718920928976,-0.30000001192092896,-0.30000001192092896,-0.30000001192092896,0.30000001192092896,-0.30000001192092896,0.30000001192092896,-0.30000001192092896,-0.29983879052523804
1.2999999523162842,0.4230196262170105,-0.30000001192092896,0.3103092908859253,0.3683760668976746,-0.30000001192092896,-0.25161291492092897,-0.23939395092092897,-0.30000001192092896,-0.30000001192092896,-0.30000001192092896,0.30000001192092896,-0.30000001192092896,0.30000001192092896,-0.30000001192092896,-0.29985653152523806
1.2999999523162842,0.4829996322170105,-0.30000001192092896,0.3103092908859253,0.5222222208976746,-0.30000001192092896,-0.30000001192092896,-0.30000001192092896,-0.30000001192092896,-0.30000001192092896,-0.30000001192092896,0.30000001192092896,-0.30000001192092896,0.30000001192092896,-0.30000001192092896,-0.29900564052523804
1.2999999523162842,0.4529793362170105,-0.30000001192092896,0.3103092908859253,0.5222222208976746,-0.30000001192092896,-0.30000001192092896,-0.30000001192092896,-0.30000001192092896,-0.30000001192092896,-0.30000001192092896,0.30000001192092896,-0.30000001192092896,0.30000001192092896,-0.30000001192092896,-0.299899996525238
1.2999999523162842,0.3609191142170105,-0.30000001192092896,0.3103092908859253,0.33418803289767457,-0.30000001192092896,-0.25967743092092893,-0.28989900192092893,-0.30000001192092896,-0.30000001192092896,-0.30000001192092896,0.7451871779209289,-0.30000001192092896,0.30000001192092896,-0.30000001192092896,-0.29943319252523803
1.2999999523162842,0.3609191142170105,-0.30000001192092896,0.3103092908859253,0.38547008389767456,-0.30000001192092896,-0.30000001192092896,-0.30000001192092896,-0.30000001192092896,-0.30000001192092896,-0.30000001192092896,0.30000001192092896,-0.27095436892092895,0.940819772920929,-0.30000001192092896,-0.28816116852523804
1.2999999523162842,0.3909009382170105,-0.30000001192092896,0.4546391878859253,0.4282051268976746,-0.30000001192092896,-0.30000001192092896,-0.30000001192092896,-0.30000001192092896,-0.30000001192092896,-0.30000001192092896,0.30000001192092896,-0.24605810292092894,0.973676295920929,-0.30000001192092896,-0.28580830252523803
1.2999999523162842,0.3921208342170105,-0.30000001192092896,0.3103092908859253,0.5136752128976746,-0.30000001192092896,-0.30000001192092896,-0.30000001192092896,-0.30000001192092896,-0.30000001192092896,-0.30000001192092896,0.30000001192092896,-0.30000001192092896,0.30000001192092896,-0.30000001192092896,-0.299900661325238
1.2999999523162842,0.4514868032170105,-0.30000001192092896,0.5268041368859253,0.5393162378976746,-0.30000001192092896,-0.30000001192092896,-0.30000001192092896,-0.30000001192092896,-0.30000001192092896,-0.30000001192092896,0.30000001192092896,-0.24605810292092894,0.973676295920929,-0.30000001192092896,-0.295136163525238
1.2999999523162842,0.3909091172170105,-0.30000001192092896,0.3103092908859253,0.4794871778976746,-0.30000001192092896,-0.30000001192092896,-0.30000001192092896,-0.30000001192092896,-0.30000001192092896,-0.30000001192092896,0.30000001192092896,-0.30000001192092896,0.30000001192092896,-0.30000001192092896,-0.27212420152523803
1.2999999523162842,0.4224137672170105,-0.30000001192092896,0.3103092908859253,0.5136752128976746,-0.30000001192092896,-0.30000001192092896,-0.30000001192092896,-0.30000001192092896,-0.30000001192092896,-0.30000001192092896,0.30000001192092896,-0.30000001192092896,0.30000001192092896,-0.30000001192092896,-0.299901104925238
1.2999999523162842,0.3915086142170105,-0.30000001192092896,0.3103092908859253,0.5051282038976745,-0.30000001192092896,-0.30000001192092896,-0.30000001192092896,-0.30000001192092896,-0.30000001192092896,-0.30000001192092896,0.30000001192092896,-0.283402501920929,0.8365443559209289,-0.30000001192092896,-0.298755718525238
1.2999999523162842,0.9058659492170105,-0.30000001192092896,0.3103092908859253,0.3769230758976746,-0.30000001192092896,-0.30000001192092896,-0.30000001192092896,-0.30000001192092896,-0.30000001192092896,-0.30000001192092896,0.30000001192092896,-0.30000001192092896,0.30000001192092896,-0.30000001192092896,-0.299761618525238
1.2999999523162842,0.3045579012170105,-0.30000001192092896,0.3103092908859253,0.3256410248976746,-0.30000001192092896,-0.12258065692092895,-0.28989900192092893,-0.30000001192092896,-0.30000001192092896,-0.30000001192092896,1.0794117769209288,-0.21701245992092894,1.054287704920929,-0.30000001192092896,-0.24810567552523805
1.2999999523162842,0.3348456842170105,-0.30000001192092896,0.3103092908859253,0.33418803289767457,-0.30000001192092896,-0.25967743092092893,-0.24949496092092896,-0.30000001192092896,-0.30000001192092896,-0.30000001192092896,0.30000001192092896,-0.30000001192092896,0.30000001192092896,-0.30000001192092896,-0.299842116525238
1.2999999523162842,0.4224137672170105,-0.30000001192092896,0.3103092908859253,0.5051282038976745,-0.30000001192092896,-0.30000001192092896,-0.30000001192092896,-0.30000001192092896,-0.30000001192092896,-0.30000001192092896,0.30000001192092896,-0.30000001192092896,0.30000001192092896,-0.30000001192092896,-0.29990088312523805
1.2999999523162842,0.4236254842170105,-0.30000001192092896,0.3103092908859253,0.5136752128976746,-0.30000001192092896,-0.30000001192092896,-0.30000001192092896,-0.30000001192092896,-0.30000001192092896,-0.30000001192092896,0.30000001192092896,-0.30000001192092896,0.30000001192092896,-0.30000001192092896,-0.299897113525238
1.2999999523162842,0.3918179052170105,-0.30000001192092896,0.3103092908859253,0.3683760668976746,-0.30000001192092896,-0.25161291492092897,-0.28989900192092893,-0.30000001192092896,-0.30000001192092896,-0.30000001192092896,0.8247326319209289,-0.30000001192092896,0.30000001192092896,-0.30000001192092896,-0.299855865525238
1.2999999523162842,1.0576565652170105,-0.30000001192092896,0.3103092908859253,0.3769230758976746,-0.30000001192092896,-0.30000001192092896,-0.30000001192092896,-0.30000001192092896,-0.30000001192092896,-0.30000001192092896,0.30000001192092896,-0.30000001192092896,0.30000001192092896,-0.30000001192092896,-0.29990487482523803
1.2999999523162842,0.3609079052170105,-0.30000001192092896,0.4340206318859253,0.5393162378976746,-0.30000001192092896,-0.30000001192092896,-0.30000001192092896,-0.30000001192092896,-0.30000001192092896,-0.30000001192092896,0.30000001192092896,-0.24605810292092894,0.913875549920929,-0.30000001192092896,-0.294843884525238
1.2999999523162842,0.3021214402170105,-0.30000001192092896,0.3103092908859253,0.3512820498976746,-0.30000001192092896,-0.20322581792092898,-0.28989900192092893,-0.30000001192092896,-0.30000001192092896,-0.30000001192092896,0.981818193920929,-0.13402490792092894,0.721907532920929,-0.30000001192092896,-0.24475977152523803
1.2999999523162842,0.45149498221701045,-0.30000001192092896,0.3103092908859253,0.5051282038976745,-0.30000001192092896,-0.29193549592092893,-0.28989900192092893,-0.30000001192092896,-0.30000001192092896,-0.30000001192092896,0.4610962689209289,-0.30000001192092896,0.30000001192092896,-0.30000001192092896,-0.29989423052523806
1.2999999523162842,0.5735755012170105,-0.30000001192092896,0.3103092908859253,0.5222222208976746,-0.30000001192092896,-0.30000001192092896,-0.30000001192092896,-0.30000001192092896,-0.30000001192092896,-0.30000001192092896,0.30000001192092896,-0.30000001192092896,0.30000001192092896,-0.30000001192092896,-0.29961414852523804
1.2999999523162842,0.3309233552170105,-0.30000001192092896,0.3103092908859253,0.3085470078976746,-0.30000001192092896,0.14354837507907103,0.255555544079071,-0.30000001192092896,-0.30000001192092896,-0.30000001192092896,0.30000001192092896,-0.30000001192092896,0.30000001192092896,-0.30000001192092896,-0.29983856852523805
1.2999999523162842,0.4239284142170105,-0.30000001192092896,0.3103092908859253,0.3598290588976746,-0.30000001192092896,-0.23548388292092895,-0.21919193092092895,-0.30000001192092896,-0.30000001192092896,-0.30000001192092896,0.30000001192092896,-0.30000001192092896,0.30000001192092896,-0.30000001192092896,-0.299856087525238
1.2999999523162842,0.3039526482170105,-0.30000001192092896,0.3103092908859253,0.3256410248976746,-0.30000001192092896,-0.10645162492092897,-0.28989900192092893,-0.30000001192092896,-0.30000001192092896,-0.30000001192092896,1.086096268920929,-0.13402490792092894,0.979165439920929,-0.30000001192092896,-0.25113535052523805
1.2999999523162842,0.4533125582170105,-0.30000001192092896,0.3103092908859253,0.5051282038976745,-0.30000001192092896,-0.30000001192092896,-0.30000001192092896,-0.30000001192092896,-0.30000001192092896,-0.30000001192092896,0.30000001192092896,-0.30000001192092896,0.30000001192092896,-0.30000001192092896,-0.298680098525238
1.2999999523162842,0.48239377421701046,-0.30000001192092896,0.3103092908859253,0.5136752128976746,-0.30000001192092896,-0.30000001192092896,-0.30000001192092896,-0.30000001192092896,-0.30000001192092896,-0.30000001192092896,0.30000001192092896,-0.30000001192092896,0.30000001192092896,-0.30000001192092896,-0.29990043962523805
1.2999999523162842,0.3321175022170105,-0.30000001192092896,0.3103092908859253,0.3512820498976746,-0.30000001192092896,-0.16290323792092895,-0.12828283992092895,-0.30000001192092896,-0.30000001192092896,-0.30000001192092896,0.30000001192092896,-0.30000001192092896,0.30000001192092896,-0.30000001192092896,-0.29984100852523804
1.2999999523162842,0.3030399222170105,-0.30000001192092896,0.3103092908859253,0.3512820498976746,-0.30000001192092896,-0.25161291492092897,-0.28989900192092893,-0.30000001192092896,-0.30000001192092896,-0.30000001192092896,0.825401081920929,0.007053930079071069,0.7089505379209289,-0.30000001192092896,-0.252469897525238
1.2999999523162842,0.3003244632170105,-0.30000001192092896,0.4134020748859253,0.5307692298976746,-0.30000001192092896,-0.30000001192092896,-0.30000001192092896,0.699999988079071,-0.30000001192092896,-0.30000001192092896,0.5747326319209289,-0.24605810292092894,0.891385137920929,-0.30000001192092896,-0.28037919152523805
1.2999999523162842,0.3012362812170105,-0.30000001192092896,0.4237113528859253,0.4282051268976746,-0.30000001192092896,-0.30000001192092896,-0.30000001192092896,-0.30000001192092896,-0.30000001192092896,-0.30000001192092896,0.30000001192092896,-0.24605810292092894,1.0881057259209288,-0.30000001192092896,-0.250233899525238
1.2999999523162842,0.5132913532170105,-0.30000001192092896,0.3103092908859253,0.5222222208976746,-0.30000001192092896,-0.30000001192092896,-0.30000001192092896,-0.30000001192092896,-0.30000001192092896,-0.30000001192092896,0.30000001192092896,-0.295850633920929,0.748362389920929,-0.30000001192092896,-0.299608826525238
1.2999999523162842,0.3054748682170105,-0.30000001192092896,0.3103092908859253,0.3512820498976746,-0.30000001192092896,-0.13870968892092894,-0.09797980992092895,-0.30000001192092896,-0.30000001192092896,-0.30000001192092896,0.30000001192092896,-0.30000001192092896,0.30000001192092896,-0.30000001192092896,-0.29984034252523806
1.2999999523162842,0.3336533542170105,-0.30000001192092896,0.3103092908859253,0.3598290588976746,-0.30000001192092896,-0.25161291492092897,-0.28989900192092893,-0.30000001192092896,-0.30000001192092896,-0.30000001192092896,0.825401081920929,-0.30000001192092896,0.30000001192092896,-0.30000001192092896,-0.299843225525238
1.2999999523162842,0.9664748372170104,-0.30000001192092896,0.3103092908859253,0.3769230758976746,-0.30000001192092896,-0.30000001192092896,-0.30000001192092896,-0.30000001192092896,-0.30000001192092896,-0.30000001192092896,0.30000001192092896,-0.2875518789209289,0.8365443559209289,-0.30000001192092896,-0.29943740652523804
1.2999999523162842,0.4517979122170105,-0.30000001192092896,0.3103092908859253,0.5222222208976746,-0.30000001192092896,-0.30000001192092896,-0.30000001192092896,-0.30000001192092896,-0.30000001192092896,-0.30000001192092896,0.30000001192092896,-0.295850633920929,1.003730975920929,-0.30000001192092896,-0.299745873525238
1.2999999523162842,0.4230050852170105,-0.30000001192092896,0.3103092908859253,0.3170940158976746,-0.30000001192092896,-0.28387097992092897,-0.28989900192092893,-0.30000001192092896,-0.30000001192092896,-0.30000001192092896,0.575401081920929,-0.30000001192092896,0.30000001192092896,-0.30000001192092896,-0.299854978525238
1.2999999523162842,0.4229987232170105,-0.30000001192092896,0.3103092908859253,0.34273504189767456,-0.30000001192092896,-0.30000001192092896,-0.30000001192092896,-0.30000001192092896,-0.30000001192092896,-0.30000001192092896,0.30000001192092896,-0.29170125692092896,1.173585533920929,-0.30000001192092896,-0.29819267152523804
1.2999999523162842,0.8455830132170105,-0.30000001192092896,0.3103092908859253,0.3769230758976746,-0.30000001192092896,-0.30000001192092896,-0.30000001192092896,-0.30000001192092896,-0.30000001192092896,-0.30000001192092896,0.30000001192092896,-0.283402501920929,0.860955634920929,-0.30000001192092896,-0.299327413525238
1.2999999523162842,0.4212020502170105,-0.30000001192092896,0.3103092908859253,0.5136752128976746,-0.30000001192092896,-0.30000001192092896,-0.30000001192092896,-0.30000001192092896,-0.30000001192092896,-0.30000001192092896,0.30000001192092896,-0.30000001192092896,0.30000001192092896,-0.30000001192092896,-0.29906839852523803
1.2999999523162842,1.1182424302170104,-0.30000001192092896,0.3103092908859253,0.3769230758976746,-0.30000001192092896,-0.30000001192092896,-0.30000001192092896,-0.30000001192092896,-0.30000001192092896,-0.30000001192092896,0.30000001192092896,-0.30000001192092896,0.30000001192092896,-0.30000001192092896,-0.29990465302523805
1.2999999523162842,0.3318345662170105,-0.30000001192092896,0.48556702288592535,0.5393162378976746,-0.30000001192092896,-0.30000001192092896,-0.30000001192092896,-0.30000001192092896,-0.30000001192092896,-0.30000001192092896,0.30000001192092896,-0.24605810292092894,0.979299344920929,-0.30000001192092896,-0.24549734252523803
1.2999999523162842,0.3618279022170105,-0.30000001192092896,0.3103092908859253,0.5307692298976746,-0.30000001192092896,-0.30000001192092896,-0.30000001192092896,-0.30000001192092896,-0.30000001192092896,-0.30000001192092896,0.30000001192092896,-0.295850633920929,1.020383467920929,-0.30000001192092896,-0.299174177525238
1.2999999523162842,0.3003093172170105,-0.30000001192092896,0.3103092908859253,0.3170940158976746,-0.30000001192092896,-0.05806452792092895,-0.28989900192092893,-0.30000001192092896,-0.30000001192092896,-0.30000001192092896,1.122192524920929,-0.30000001192092896,0.30000001192092896,-0.30000001192092896,-0.29983967752523805
1.2999999523162842,0.3048665862170105,-0.30000001192092896,0.3103092908859253,0.3170940158976746,-0.30000001192092896,-0.14677420592092896,-0.10808081992092897,-0.30000001192092896,-0.30000001192092896,-0.30000001192092896,0.340106963920929,-0.05103735592092895,1.014219106920929,-0.30000001192092896,-0.26193569352523804
1.2999999523162842,0.4521008412170105,-0.30000001192092896,0.3103092908859253,0.5051282038976745,-0.30000001192092896,-0.30000001192092896,-0.30000001192092896,-0.30000001192092896,-0.30000001192092896,-0.30000001192092896,0.30000001192092896,-0.30000001192092896,0.30000001192092896,-0.30000001192092896,-0.299899774525238
1.2999999523162842,0.42180790821701053,-0.30000001192092896,0.3103092908859253,0.5051282038976745,-0.30000001192092896,-0.30000001192092896,-0.30000001192092896,-0.30000001192092896,-0.30000001192092896,-0.30000001192092896,0.30000001192092896,-0.2875518789209289,0.9188818659209289,-0.30000001192092896,-0.299128495525238
1.2999999523162842,0.6032625752170104,-0.30000001192092896,0.3103092908859253,0.3769230758976746,-0.30000001192092896,-0.30000001192092896,-0.30000001192092896,-0.30000001192092896,-0.30000001192092896,-0.30000001192092896,0.30000001192092896,-0.30000001192092896,0.30000001192092896,-0.30000001192092896,-0.299833246525238
1.2999999523162842,0.3612075022170105,-0.30000001192092896,0.3103092908859253,0.3769230758976746,-0.30000001192092896,-0.21935485092092893,-0.19898991092092894,-0.30000001192092896,-0.30000001192092896,-0.30000001192092896,0.30000001192092896,-0.30000001192092896,0.30000001192092896,-0.30000001192092896,-0.299843225525238
1.2999999523162842,0.3315113402170105,-0.30000001192092896,0.4752577448859253,0.5393162378976746,-0.30000001192092896,-0.30000001192092896,-0.30000001192092896,0.699999988079071,-0.30000001192092896,-0.30000001192092896,0.30000001192092896,-0.24605810292092894,0.6907916699209289,-0.30000001192092896,-0.275543064525238
1.2999999523162842,0.30274274821701047,-0.30000001192092896,0.3103092908859253,0.3170940158976746,-0.30000001192092896,-0.16290323792092895,-0.12828283992092895,-0.30000001192092896,-0.30000001192092896,-0.30000001192092896,1.038636375920929,-0.030290467920928932,0.7165446179209289,-0.30000001192092896,-0.25286773452523803
1.2999999523162842,0.3033598152170105,-0.30000001192092896,0.3103092908859253,0.3683760668976746,-0.30000001192092896,-0.23548388292092895,-0.28989900192092893,-0.30000001192092896,-0.30000001192092896,-0.30000001192092896,0.893582899920929,-0.08008299992092896,0.962630361920929,-0.30000001192092896,-0.24917876852523801
1.2999999523162842,0.42150497921701047,-0.30000001192092896,0.3103092908859253,0.3598290588976746,-0.30000001192092896,-0.25161291492092897,-0.23939395092092897,-0.30000001192092896,-0.30000001192092896,-0.30000001192092896,0.30000001192092896,-0.30000001192092896,0.30000001192092896,-0.30000001192092896,-0.29985564452523805
1.2999999523162842,0.5735755012170105,-0.30000001192092896,0.3103092908859253,0.5136752128976746,-0.30000001192092896,-0.30000001192092896,-0.30000001192092896,-0.30000001192092896,-0.30000001192092896,-0.30000001192092896,0.30000001192092896,-0.295850633920929,1.094716369920929,-0.30000001192092896,-0.299394163525238
1.2999999523162842,0.4533125582170105,-0.30000001192092896,0.3103092908859253,0.5136752128976746,-0.30000001192092896,-0.30000001192092896,-0.30000001192092896,-0.30000001192092896,-0.30000001192092896,-0.30000001192092896,0.30000001192092896,-0.30000001192092896,0.30000001192092896,-0.30000001192092896,-0.29902072052523804
1.2999999523162842,0.3915149762170105,-0.30000001192092896,0.3103092908859253,0.5136752128976746,-0.30000001192092896,-0.30000001192092896,-0.30000001192092896,-0.30000001192092896,-0.30000001192092896,-0.30000001192092896,0.30000001192092896,-0.30000001192092896,0.30000001192092896,-0.30000001192092896,-0.291272229525238
1.2999999523162842,0.6029596462170105,-0.30000001192092896,0.3103092908859253,0.4965811958976746,-0.30000001192092896,-0.30000001192092896,-0.30000001192092896,-0.30000001192092896,-0.30000001192092896,-0.30000001192092896,0.30000001192092896,-0.30000001192092896,0.30000001192092896,-0.30000001192092896,-0.29990088312523805
1.2999999523162842,0.4233225552170105,-0.30000001192092896,0.3103092908859253,0.5222222208976746,-0.30000001192092896,-0.30000001192092896,-0.30000001192092896,-0.30000001192092896,-0.30000001192092896,-0.30000001192092896,0.30000001192092896,-0.30000001192092896,0.30000001192092896,-0.30000001192092896,-0.299896226525238
1.2999999523162842,0.3330435572170105,-0.30000001192092896,0.3103092908859253,0.3598290588976746,-0.30000001192092896,-0.25161291492092897,-0.28989900192092893,-0.30000001192092896,-0.30000001192092896,-0.30000001192092896,0.7946524179209289,-0.30000001192092896,0.30000001192092896,-0.30000001192092896,-0.29984100852523804
1.2999999523162842,0.3303093172170105,-0.30000001192092896,0.3515464048859253,0.5136752128976746,-0.30000001192092896,-0.30000001192092896,-0.30000001192092896,-0.30000001192092896,-0.30000001192092896,-0.30000001192092896,0.30000001192092896,-0.24605810292092894,1.003730975920929,-0.30000001192092896,-0.27706588552523803
1.2999999523162842,0.42271669621701047,-0.30000001192092896,0.3103092908859253,0.5136752128976746,-0.30000001192092896,-0.30000001192092896,-0.30000001192092896,-0.30000001192092896,-0.30000001192092896,-0.30000001192092896,0.30000001192092896,-0.30000001192092896,0.30000001192092896,-0.30000001192092896,-0.29990132662523805
1.2999999523162842,0.3618218432170105,-0.30000001192092896,0.3103092908859253,0.3598290588976746,-0.30000001192092896,-0.21935485092092893,-0.28989900192092893,-0.30000001192092896,-0.30000001192092896,-0.30000001192092896,0.9417112419209289,-0.30000001192092896,0.30000001192092896,-0.30000001192092896,-0.29984766052523804
1.2999999523162842,0.4224137672170105,-0.30000001192092896,0.3103092908859253,0.5136752128976746,-0.30000001192092896,-0.30000001192092896,-0.30000001192092896,-0.30000001192092896,-0.30000001192092896,-0.30000001192092896,0.30000001192092896,-0.30000001192092896,0.30000001192092896,-0.30000001192092896,-0.299901104925238
1.2999999523162842,0.3921208342170105,-0.30000001192092896,0.3103092908859253,0.5136752128976746,-0.30000001192092896,-0.30000001192092896,-0.30000001192092896,-0.30000001192092896,-0.30000001192092896,-0.30000001192092896,0.30000001192092896,-0.30000001192092896,0.30000001192092896,-0.30000001192092896,-0.299870723525238
1.2999999523162842,0.3030577952170105,-0.30000001192092896,0.3103092908859253,0.3598290588976746,-0.30000001192092896,-0.26774194692092895,-0.259595971920929,-0.30000001192092896,-0.30000001192092896,-0.30000001192092896,0.7278074989209289,0.363900403079071,0.7584912959209289,-0.30000001192092896,-0.24723416152523803
1.2999999523162842,0.3914971032170105,-0.30000001192092896,0.3103092908859253,0.5222222208976746,-0.30000001192092896,-0.30000001192092896,-0.30000001192092896,-0.30000001192092896,-0.30000001192092896,-0.30000001192092896,0.30000001192092896,-0.30000001192092896,0.30000001192092896,-0.30000001192092896,-0.29947111352523803
1.2999999523162842,0.4533125582170105,-0.30000001192092896,0.3103092908859253,0.5051282038976745,-0.30000001192092896,-0.30000001192092896,-0.30000001192092896,-0.30000001192092896,-0.30000001192092896,-0.30000001192092896,0.30000001192092896,-0.30000001192092896,0.30000001192092896,-0.30000001192092896,-0.29867965452523804
1.2999999523162842,0.6032625752170104,-0.30000001192092896,0.3103092908859253,0.5222222208976746,-0.30000001192092896,-0.30000001192092896,-0.30000001192092896,-0.30000001192092896,-0.30000001192092896,-0.30000001192092896,0.30000001192092896,-0.29170125692092896,0.979299344920929,-0.30000001192092896,-0.299214981525238
1.2999999523162842,0.5120808482170105,-0.30000001192092896,0.3103092908859253,0.5222222208976746,-0.30000001192092896,-0.29193549592092893,-0.28989900192092893,-0.30000001192092896,-0.30000001192092896,-0.30000001192092896,0.4610962689209289,-0.30000001192092896,0.30000001192092896,-0.30000001192092896,-0.299894895525238
1.2999999523162842,0.3039384102170105,-0.30000001192092896,0.3103092908859253,0.34273504189767456,-0.30000001192092896,-0.17903226992092897,-0.14848485992092897,-0.30000001192092896,-0.30000001192092896,-0.30000001192092896,0.30000001192092896,-0.30000001192092896,0.30000001192092896,-0.30000001192092896,-0.29983967752523805
1.2999999523162842,0.3633425482170105,-0.30000001192092896,0.3103092908859253,0.5051282038976745,-0.30000001192092896,-0.30000001192092896,-0.30000001192092896,-0.30000001192092896,-0.30000001192092896,-0.30000001192092896,0.30000001192092896,-0.295850633920929,0.992381329920929,-0.30000001192092896,-0.28987181952523805
1.2999999523162842,0.4230196262170105,-0.30000001192092896,0.3103092908859253,0.5307692298976746,-0.30000001192092896,-0.30000001192092896,-0.30000001192092896,-0.30000001192092896,-0.30000001192092896,-0.30000001192092896,0.30000001192092896,-0.30000001192092896,0.30000001192092896,-0.30000001192092896,-0.299896891525238
1.2999999523162842,0.4212020502170105,-0.30000001192092896,0.3103092908859253,0.4367521358976746,-0.30000001192092896,-0.25161291492092897,-0.28989900192092893,-0.30000001192092896,-0.30000001192092896,-0.30000001192092896,0.8040107069209289,-0.30000001192092896,0.30000001192092896,-0.30000001192092896,-0.299857196525238
1.2999999523162842,0.42271669621701047,-0.30000001192092896,0.3103092908859253,0.3512820498976746,-0.30000001192092896,-0.25967743092092893,-0.24949496092092896,-0.30000001192092896,-0.30000001192092896,-0.30000001192092896,0.30000001192092896,-0.30000001192092896,0.30000001192092896,-0.30000001192092896,-0.299855865525238
1.2999999523162842,0.3306231522170105,-0.30000001192092896,0.3927835178859253,0.46239316089767457,-0.30000001192092896,-0.27580646392092895,-0.28989900192092893,-0.30000001192092896,-0.30000001192092896,-0.30000001192092896,0.658957230920929,0.4468879550790711,0.746756823920929,-0.30000001192092896,-0.218489944525238
1.2999999523162842,0.30123082821701047,-0.30000001192092896,0.3103092908859253,0.3170940158976746,-0.30000001192092896,-0.14677420592092896,-0.28989900192092893,-0.30000001192092896,-0.30000001192092896,-0.30000001192092896,1.062032097920929,-0.15062241892092895,0.913875549920929,-0.30000001192092896,-0.25326690052523804
1.2999999523162842,0.4833025622170105,-0.30000001192092896,0.3103092908859253,0.5222222208976746,-0.30000001192092896,-0.30000001192092896,-0.30000001192092896,-0.30000001192092896,-0.30000001192092896,-0.30000001192092896,0.30000001192092896,-0.30000001192092896,0.30000001192092896,-0.30000001192092896,-0.299900661325238
1.2999999523162842,0.3921208342170105,-0.30000001192092896,0.3103092908859253,0.4025641018976746,-0.30000001192092896,-0.29193549592092893,-0.28989900192092893,-0.30000001192092896,-0.30000001192092896,-0.30000001192092896,0.4610962689209289,0.13983401307907106,0.9832251139209289,-0.30000001192092896,-0.250756363525238
1.2999999523162842,0.4530096292170105,-0.30000001192092896,0.3103092908859253,0.5222222208976746,-0.30000001192092896,-0.30000001192092896,-0.30000001192092896,-0.30000001192092896,-0.30000001192092896,-0.30000001192092896,0.30000001192092896,-0.30000001192092896,0.30000001192092896,-0.30000001192092896,-0.29990043962523805
1.2999999523162842,0.5429796392170105,-0.30000001192092896,0.3103092908859253,0.5222222208976746,-0.30000001192092896,-0.30000001192092896,-0.30000001192092896,-0.30000001192092896,-0.30000001192092896,-0.30000001192092896,0.30000001192092896,-0.27510374592092895,1.126473973920929,-0.30000001192092896,-0.29887746352523803
1.2999999523162842,0.4820669132170105,-0.30000001192092896,0.3103092908859253,0.5136752128976746,-0.30000001192092896,-0.30000001192092896,-0.30000001192092896,-0.30000001192092896,-0.30000001192092896,-0.30000001192092896,0.30000001192092896,-0.30000001192092896,0.30000001192092896,-0.30000001192092896,-0.299900661325238
1.2999999523162842,0.3003238572170105,-0.30000001192092896,0.3103092908859253,0.3598290588976746,-0.30000001192092896,-0.13870968892092894,-0.28989900192092893,-0.30000001192092896,-0.30000001192092896,-0.30000001192092896,1.062032097920929,-0.30000001192092896,0.30000001192092896,-0.30000001192092896,-0.29984012152523803
1.2999999523162842,0.4215037672170105,-0.30000001192092896,0.3103092908859253,0.4282051268976746,-0.30000001192092896,-0.27580646392092895,-0.28989900192092893,-0.30000001192092896,-0.30000001192092896,-0.30000001192092896,0.660294129920929,0.08174272707907104,0.748362389920929,-0.30000001192092896,-0.26190664252523804
1.2999999523162842,0.3312044732170105,-0.30000001192092896,0.3103092908859253,0.3683760668976746,-0.30000001192092896,-0.22741936692092896,-0.20909092092092896,-0.30000001192092896,-0.30000001192092896,-0.30000001192092896,0.30000001192092896,-0.30000001192092896,0.30000001192092896,-0.30000001192092896,-0.29984078652523805
1.2999999523162842,0.5120554012170104,-0.30000001192092896,0.4649484668859253,0.5393162378976746,-0.30000001192092896,-0.30000001192092896,-0.30000001192092896,-0.30000001192092896,-0.30000001192092896,-0.30000001192092896,0.30000001192092896,-0.24605810292092894,0.572031290920929,-0.30000001192092896,-0.29517607952523806
1.2999999523162842,0.4829996322170105,-0.30000001192092896,0.3103092908859253,0.5222222208976746,-0.30000001192092896,-0.30000001192092896,-0.30000001192092896,-0.30000001192092896,-0.30000001192092896,-0.30000001192092896,0.30000001192092896,-0.30000001192092896,0.30000001192092896,-0.30000001192092896,-0.29939992852523806
1.2999999523162842,0.48239377421701046,-0.30000001192092896,0.3103092908859253,0.5222222208976746,-0.30000001192092896,-0.30000001192092896,-0.30000001192092896,-0.30000001192092896,-0.30000001192092896,-0.30000001192092896,0.30000001192092896,-0.30000001192092896,0.30000001192092896,-0.30000001192092896,-0.299901104925238
1.2999999523162842,0.4230196262170105,-0.30000001192092896,0.3103092908859253,0.5051282038976745,-0.30000001192092896,-0.30000001192092896,-0.30000001192092896,-0.30000001192092896,-0.30000001192092896,-0.30000001192092896,0.30000001192092896,-0.30000001192092896,0.30000001192092896,-0.30000001192092896,-0.299903544225238
1.2999999523162842,0.4527067002170105,-0.30000001192092896,0.3103092908859253,0.5222222208976746,-0.30000001192092896,-0.30000001192092896,-0.30000001192092896,-0.30000001192092896,-0.30000001192092896,-0.30000001192092896,0.30000001192092896,-0.30000001192092896,0.30000001192092896,-0.30000001192092896,-0.299900217825238
1.2999999523162842,0.45149498221701045,-0.30000001192092896,0.3103092908859253,0.4538461528976746,-0.30000001192092896,-0.28387097992092897,-0.27979799192092897,-0.30000001192092896,-0.30000001192092896,-0.30000001192092896,0.30000001192092896,-0.30000001192092896,0.30000001192092896,-0.30000001192092896,-0.298798295525238
1.2999999523162842,0.3006158812170105,-0.30000001192092896,0.3103092908859253,0.3256410248976746,-0.30000001192092896,-0.07419355992092896,-0.28989900192092893,-0.30000001192092896,-0.30000001192092896,-0.30000001192092896,1.104812845920929,-0.30000001192092896,0.30000001192092896,-0.30000001192092896,-0.29983967752523805
1.2999999523162842,0.4520720632170105,-0.30000001192092896,0.3103092908859253,0.5222222208976746,-0.30000001192092896,-0.30000001192092896,-0.30000001192092896,-0.30000001192092896,-0.30000001192092896,-0.30000001192092896,0.30000001192092896,-0.295850633920929,0.9682757449209289,-0.30000001192092896,-0.299006084525238
1.2999999523162842,0.4524037702170105,-0.30000001192092896,0.3103092908859253,0.5307692298976746,-0.30000001192092896,-0.30000001192092896,-0.30000001192092896,-0.30000001192092896,-0.30000001192092896,-0.30000001192092896,0.30000001192092896,-0.283402501920929,0.8573142639209289,-0.30000001192092896,-0.298098201525238
1.2999999523162842,0.45270457921701046,-0.30000001192092896,0.3103092908859253,0.5136752128976746,-0.30000001192092896,-0.30000001192092896,-0.30000001192092896,-0.30000001192092896,-0.30000001192092896,-0.30000001192092896,0.30000001192092896,-0.30000001192092896,0.30000001192092896,-0.30000001192092896,-0.29922119052523805
1.2999999523162842,0.4536154882170105,-0.30000001192092896,0.3103092908859253,0.5393162378976746,-0.30000001192092896,-0.30000001192092896,-0.30000001192092896,-0.30000001192092896,-0.30000001192092896,-0.30000001192092896,0.30000001192092896,-0.30000001192092896,0.30000001192092896,-0.30000001192092896,-0.299288605525238
1.2999999523162842,0.39242376421701053,-0.30000001192092896,0.3103092908859253,0.5136752128976746,-0.30000001192092896,-0.30000001192092896,-0.30000001192092896,-0.30000001192092896,-0.30000001192092896,-0.30000001192092896,0.30000001192092896,-0.295850633920929,0.9026445069209289,-0.30000001192092896,-0.299328300525238
1.2999999523162842,0.8150101742170105,-0.30000001192092896,0.3103092908859253,0.3769230758976746,-0.30000001192092896,-0.30000001192092896,-0.30000001192092896,-0.30000001192092896,-0.30000001192092896,-0.30000001192092896,0.30000001192092896,-0.30000001192092896,0.30000001192092896,-0.30000001192092896,-0.29968999052523804
1.2999999523162842,0.3608915472170105,-0.30000001192092896,0.4237113528859253,0.5393162378976746,-0.30000001192092896,-0.30000001192092896,-0.30000001192092896,-0.30000001192092896,-0.30000001192092896,-0.30000001192092896,0.30000001192092896,-0.24605810292092894,1.088932179920929,-0.30000001192092896,-0.24308437952523804
1.2999999523162842,0.4817879152170105,-0.30000001192092896,0.3103092908859253,0.5222222208976746,-0.30000001192092896,-0.30000001192092896,-0.30000001192092896,-0.30000001192092896,-0.30000001192092896,-0.30000001192092896,0.30000001192092896,-0.30000001192092896,0.30000001192092896,-0.30000001192092896,-0.299429422525238
1.2999999523162842,0.4517979122170105,-0.30000001192092896,0.3103092908859253,0.5222222208976746,-0.30000001192092896,-0.30000001192092896,-0.30000001192092896,-0.30000001192092896,-0.30000001192092896,-0.30000001192092896,0.30000001192092896,-0.2875518789209289,0.8485767959209289,-0.30000001192092896,-0.29596731652523806
1.2999999523162842,0.5429796392170105,-0.30000001192092896,0.3103092908859253,0.5222222208976746,-0.30000001192092896,-0.30000001192092896,-0.30000001192092896,-0.30000001192092896,-0.30000001192092896,-0.30000001192092896,0.30000001192092896,-0.30000001192092896,0.30000001192092896,-0.30000001192092896,-0.299899996525238
1.2999999523162842,0.3057581072170105,-0.30000001192092896,0.3103092908859253,0.3598290588976746,-0.30000001192092896,-0.21129033492092897,-0.18888890092092897,-0.30000001192092896,-0.30000001192092896,-0.30000001192092896,0.30000001192092896,-0.30000001192092896,0.30000001192092896,-0.30000001192092896,-0.29983923452523803
1.2999999523162842,0.4533113462170105,-0.30000001192092896,0.3103092908859253,0.5136752128976746,-0.30000001192092896,-0.30000001192092896,-0.30000001192092896,-0.30000001192092896,-0.30000001192092896,-0.30000001192092896,0.30000001192092896,-0.295850633920929,0.748362389920929,-0.30000001192092896,-0.299029369525238
1.2999999523162842,0.3045448752170105,-0.30000001192092896,0.3103092908859253,0.3512820498976746,-0.30000001192092896,0.05483869807907105,0.14444443207907104,-0.30000001192092896,-0.30000001192092896,-0.30000001192092896,0.30000001192092896,-0.30000001192092896,0.30000001192092896,-0.30000001192092896,-0.299836129525238
1.2999999523162842,0.45298478921701046,-0.30000001192092896,0.3103092908859253,0.5222222208976746,-0.30000001192092896,-0.30000001192092896,-0.30000001192092896,-0.30000001192092896,-0.30000001192092896,-0.30000001192092896,0.30000001192092896,-0.30000001192092896,0.30000001192092896,-0.30000001192092896,-0.29990088312523805
1.2999999523162842,0.4829996322170105,-0.30000001192092896,0.3103092908859253,0.5222222208976746,-0.30000001192092896,-0.30000001192092896,-0.30000001192092896,-0.30000001192092896,-0.30000001192092896,-0.30000001192092896,0.30000001192092896,-0.30000001192092896,0.30000001192092896,-0.30000001192092896,-0.29984256052523806
1.2999999523162842,0.5132759042170105,-0.30000001192092896,0.3103092908859253,0.5136752128976746,-0.30000001192092896,-0.30000001192092896,-0.30000001192092896,-0.30000001192092896,-0.30000001192092896,-0.30000001192092896,0.30000001192092896,-0.30000001192092896,0.30000001192092896,-0.30000001192092896,-0.299077934525238
1.2999999523162842,0.4233225552170105,-0.30000001192092896,0.3103092908859253,0.5136752128976746,-0.30000001192092896,-0.30000001192092896,-0.30000001192092896,-0.30000001192092896,-0.30000001192092896,-0.30000001192092896,0.30000001192092896,-0.30000001192092896,0.30000001192092896,-0.30000001192092896,-0.299005419525238
1.2999999523162842,0.3339420452170105,-0.30000001192092896,0.3103092908859253,0.3769230758976746,-0.30000001192092896,-0.26774194692092895,-0.28989900192092893,-0.30000001192092896,-0.30000001192092896,-0.30000001192092896,0.7278074989209289,-0.30000001192092896,0.30000001192092896,-0.30000001192092896,-0.299844556525238
1.2999999523162842,0.4521008412170105,-0.30000001192092896,0.3103092908859253,0.5307692298976746,-0.30000001192092896,-0.30000001192092896,-0.30000001192092896,-0.30000001192092896,-0.30000001192092896,-0.30000001192092896,0.30000001192092896,-0.29170125692092896,0.7939963459209289,-0.30000001192092896,-0.298588733525238
1.2999999523162842,0.4829996322170105,-0.30000001192092896,0.3103092908859253,0.4880341868976746,-0.30000001192092896,-0.30000001192092896,-0.30000001192092896,-0.30000001192092896,-0.30000001192092896,-0.30000001192092896,0.30000001192092896,-0.30000001192092896,0.30000001192092896,-0.30000001192092896,-0.29990088312523805
1.2999999523162842,0.3030302282170105,-0.30000001192092896,0.3103092908859253,0.34273504189767456,-0.30000001192092896,-0.21129033492092897,-0.18888890092092897,-0.30000001192092896,-0.30000001192092896,-0.30000001192092896,0.30000001192092896,-0.30000001192092896,0.30000001192092896,-0.30000001192092896,-0.29984034252523806
1.2999999523162842,0.4520766072170105,-0.30000001192092896,0.3103092908859253,0.34273504189767456,-0.30000001192092896,-0.23548388292092895,-0.21919193092092895,-0.30000001192092896,-0.30000001192092896,-0.30000001192092896,0.30000001192092896,-0.30000001192092896,0.30000001192092896,-0.30000001192092896,-0.29985542252523806
1.2999999523162842,0.3003126492170105,-0.30000001192092896,0.5164948578859253,0.4880341868976746,-0.30000001192092896,0.17580644007907104,-0.28989900192092893,-0.30000001192092896,-0.30000001192092896,-0.30000001192092896,1.167647070920929,-0.20871370492092894,1.010245103920929,-0.30000001192092896,-0.24938367352523805
1.2999999523162842,0.6032625752170104,-0.30000001192092896,0.3103092908859253,0.5222222208976746,-0.30000001192092896,-0.30000001192092896,-0.30000001192092896,-0.30000001192092896,-0.30000001192092896,-0.30000001192092896,0.30000001192092896,-0.30000001192092896,0.30000001192092896,-0.30000001192092896,-0.29990177012523805
1.2999999523162842,0.3611920532170105,-0.30000001192092896,0.3927835178859253,0.5393162378976746,-0.30000001192092896,-0.30000001192092896,-0.30000001192092896,-0.30000001192092896,-0.30000001192092896,-0.30000001192092896,0.30000001192092896,-0.24605810292092894,1.1978775169209288,-0.30000001192092896,-0.277625827525238
1.2999999523162842,0.5129896362170105,-0.30000001192092896,0.3103092908859253,0.5136752128976746,-0.30000001192092896,-0.30000001192092896,-0.30000001192092896,-0.30000001192092896,-0.30000001192092896,-0.30000001192092896,0.30000001192092896,-0.30000001192092896,0.30000001192092896,-0.30000001192092896,-0.299041344525238
1.2999999523162842,0.4536154882170105,-0.30000001192092896,0.3103092908859253,0.5222222208976746,-0.30000001192092896,-0.30000001192092896,-0.30000001192092896,-0.30000001192092896,-0.30000001192092896,-0.30000001192092896,0.30000001192092896,-0.29170125692092896,0.855148912920929,-0.30000001192092896,-0.29911008952523804
1.2999999523162842,0.4221108382170105,-0.30000001192092896,0.3103092908859253,0.5136752128976746,-0.30000001192092896,-0.30000001192092896,-0.30000001192092896,-0.30000001192092896,-0.30000001192092896,-0.30000001192092896,0.30000001192092896,-0.30000001192092896,0.30000001192092896,-0.30000001192092896,-0.299682006525238
1.2999999523162842,0.3039565862170105,-0.30000001192092896,0.3103092908859253,0.3512820498976746,-0.30000001192092896,-0.21935485092092893,-0.28989900192092893,-0.30000001192092896,-0.30000001192092896,-0.30000001192092896,0.9417112419209289,-0.30000001192092896,0.30000001192092896,-0.30000001192092896,-0.29984100852523804
1.2999999523162842,0.3000003291460105,-0.30000001192092896,0.3103092908859253,0.2999999988976746,-0.30000001192092896,-0.25161291492092897,-0.28989900192092893,-0.30000001192092896,-0.30000001192092896,-0.30000001192092896,0.825401081920929,-0.30000001192092896,0.30000001192092896,-0.30000001192092896,-0.29994967012523804
1.2999999523162842,0.3909054822170105,-0.30000001192092896,0.33092784788592533,0.5393162378976746,-0.30000001192092896,-0.30000001192092896,-0.30000001192092896,-0.30000001192092896,-0.30000001192092896,-0.30000001192092896,0.30000001192092896,-0.24605810292092894,0.7381502899209289,-0.30000001192092896,-0.29513594152523803
1.2999999523162842,0.3909039672170105,-0.30000001192092896,0.3103092908859253,0.34273504189767456,-0.30000001192092896,-0.29193549592092893,-0.28989900192092893,-0.30000001192092896,-0.30000001192092896,-0.30000001192092896,0.4610962689209289,0.699999988079071,0.708840948920929,-0.30000001192092896,-0.26252668152523806
1.2999999523162842,0.5423737802170105,-0.30000001192092896,0.3103092908859253,0.5136752128976746,-0.30000001192092896,-0.30000001192092896,-0.30000001192092896,-0.30000001192092896,-0.30000001192092896,-0.30000001192092896,0.30000001192092896,-0.30000001192092896,0.30000001192092896,-0.30000001192092896,-0.29990088312523805
1.2999999523162842,0.6032625752170104,-0.30000001192092896,0.3103092908859253,0.5222222208976746,-0.30000001192092896,-0.30000001192092896,-0.30000001192092896,-0.30000001192092896,-0.30000001192092896,-0.30000001192092896,0.30000001192092896,-0.30000001192092896,0.30000001192092896,-0.30000001192092896,-0.29990154842523803
1.2999999523162842,0.4529817592170105,-0.30000001192092896,0.3103092908859253,0.5222222208976746,-0.30000001192092896,-0.30000001192092896,-0.30000001192092896,-0.30000001192092896,-0.30000001192092896,-0.30000001192092896,0.30000001192092896,-0.30000001192092896,0.30000001192092896,-0.30000001192092896,-0.299002314525238
1.2999999523162842,0.3930296222170105,-0.30000001192092896,0.3103092908859253,0.5222222208976746,-0.30000001192092896,-0.30000001192092896,-0.30000001192092896,-0.30000001192092896,-0.30000001192092896,-0.30000001192092896,0.30000001192092896,-0.29170125692092896,0.8893623089209289,-0.30000001192092896,-0.298800069525238
1.2999999523162842,0.3309239602170105,-0.30000001192092896,0.5164948578859253,0.5307692298976746,-0.30000001192092896,-0.30000001192092896,-0.30000001192092896,0.699999988079071,-0.30000001192092896,-0.30000001192092896,0.43770054692092897,-0.24605810292092894,0.708840948920929,-0.30000001192092896,-0.27650217352523804
1.2999999523162842,0.3908933652170105,-0.30000001192092896,0.3103092908859253,0.33418803289767457,-0.30000001192092896,-0.20322581792092898,-0.28989900192092893,-0.30000001192092896,-0.30000001192092896,-0.30000001192092896,0.981818193920929,-0.10497926492092896,0.979165439920929,-0.30000001192092896,-0.24811144052523804
1.2999999523162842,0.4527067002170105,-0.30000001192092896,0.3103092908859253,0.5307692298976746,-0.30000001192092896,-0.30000001192092896,-0.30000001192092896,-0.30000001192092896,-0.30000001192092896,-0.30000001192092896,0.30000001192092896,-0.30000001192092896,0.30000001192092896,-0.30000001192092896,-0.299757848525238
1.2999999523162842,0.4533125582170105,-0.30000001192092896,0.3103092908859253,0.33418803289767457,-0.30000001192092896,-0.23548388292092895,-0.21919193092092895,-0.30000001192092896,-0.30000001192092896,-0.30000001192092896,0.30000001192092896,-0.30000001192092896,0.30000001192092896,-0.30000001192092896,-0.299855865525238
1.2999999523162842,0.3012356752170105,-0.30000001192092896,0.3103092908859253,0.3170940158976746,-0.30000001192092896,0.2645161170790711,-0.28989900192092893,-0.30000001192092896,-0.30000001192092896,-0.30000001192092896,1.1890374449209289,-0.30000001192092896,0.30000001192092896,-0.30000001192092896,-0.29983945552523805
1.2999999523162842,0.3057784032170105,-0.30000001192092896,0.3103092908859253,0.34273504189767456,-0.30000001192092896,-0.22741936692092896,-0.20909092092092896,-0.30000001192092896,-0.30000001192092896,-0.30000001192092896,0.30000001192092896,-0.30000001192092896,0.30000001192092896,-0.30000001192092896,-0.29983967752523805
1.2999999523162842,0.3912087142170105,-0.30000001192092896,0.3103092908859253,0.3598290588976746,-0.30000001192092896,-0.26774194692092895,-0.28989900192092893,-0.30000001192092896,-0.30000001192092896,-0.30000001192092896,0.7278074989209289,-0.30000001192092896,0.30000001192092896,-0.30000001192092896,-0.29986140952523804
1.2999999523162842,0.4211720602170105,-0.30000001192092896,0.3103092908859253,0.3598290588976746,-0.30000001192092896,-0.28387097992092897,-0.27979799192092897,-0.30000001192092896,-0.30000001192092896,-0.30000001192092896,0.30000001192092896,-0.30000001192092896,0.30000001192092896,-0.30000001192092896,-0.283637500525238
1.2999999523162842,0.30424285421701047,-0.30000001192092896,0.3103092908859253,0.3512820498976746,-0.30000001192092896,-0.26774194692092895,-0.259595971920929,-0.30000001192092896,-0.30000001192092896,-0.30000001192092896,0.30000001192092896,-0.30000001192092896,0.30000001192092896,-0.30000001192092896,-0.29984034252523806
1.2999999523162842,0.42150497921701047,-0.30000001192092896,0.3103092908859253,0.5136752128976746,-0.30000001192092896,-0.30000001192092896,-0.30000001192092896,-0.30000001192092896,-0.30000001192092896,-0.30000001192092896,0.30000001192092896,-0.30000001192092896,0.30000001192092896,-0.30000001192092896,-0.299256672525238
1.2999999523162842,0.3003320372170105,-0.30000001192092896,0.3103092908859253,0.33418803289767457,-0.30000001192092896,-0.050000011920928955,0.013131301079071067,-0.30000001192092896,-0.30000001192092896,-0.30000001192092896,0.30000001192092896,-0.30000001192092896,0.30000001192092896,-0.30000001192092896,-0.29984034252523806
1.2999999523162842,0.4239284142170105,-0.30000001192092896,0.3103092908859253,0.5222222208976746,-0.30000001192092896,-0.30000001192092896,-0.30000001192092896,-0.30000001192092896,-0.30000001192092896,-0.30000001192092896,0.30000001192092896,-0.295850633920929,0.8893623089209289,-0.30000001192092896,-0.299730571525238
1.2999999523162842,0.7544161302170105,-0.30000001192092896,0.3103092908859253,0.3769230758976746,-0.30000001192092896,-0.30000001192092896,-0.30000001192092896,-0.30000001192092896,-0.30000001192092896,-0.30000001192092896,0.30000001192092896,-0.30000001192092896,0.30000001192092896,-0.30000001192092896,-0.29990487482523803
1.2999999523162842,0.3000269869170105,-0.30000001192092896,0.3103092908859253,0.2999999988976746,-0.30000001192092896,-0.23548388292092895,-0.28989900192092893,-0.30000001192092896,-0.30000001192092896,-0.30000001192092896,0.893582899920929,-0.30000001192092896,0.30000001192092896,-0.30000001192092896,-0.299950335425238
1.2999999523162842,0.3611920532170105,-0.30000001192092896,0.3515464048859253,0.5393162378976746,-0.30000001192092896,-0.30000001192092896,-0.30000001192092896,-0.30000001192092896,-0.30000001192092896,-0.30000001192092896,0.30000001192092896,-0.24605810292092894,1.1978775169209288,-0.30000001192092896,-0.281876731525238
1.2999999523162842,0.5429796392170105,-0.30000001192092896,0.3103092908859253,0.5222222208976746,-0.30000001192092896,-0.30000001192092896,-0.30000001192092896,-0.30000001192092896,-0.30000001192092896,-0.30000001192092896,0.30000001192092896,-0.30000001192092896,0.30000001192092896,-0.30000001192092896,-0.29990088312523805
1.2999999523162842,0.3921208342170105,-0.30000001192092896,0.3103092908859253,0.5136752128976746,-0.30000001192092896,-0.30000001192092896,-0.30000001192092896,-0.30000001192092896,-0.30000001192092896,-0.30000001192092896,0.30000001192092896,-0.30000001192092896,0.30000001192092896,-0.30000001192092896,-0.292524725525238
1.2999999523162842,0.3333361872170105,-0.30000001192092896,0.3103092908859253,0.3256410248976746,-0.30000001192092896,-0.12258065692092895,-0.07777778992092896,-0.30000001192092896,-0.30000001192092896,-0.30000001192092896,0.30000001192092896,-0.30000001192092896,0.30000001192092896,-0.30000001192092896,-0.299841229525238
1.2999999523162842,0.6332525782170104,-0.30000001192092896,0.3103092908859253,0.3769230758976746,-0.30000001192092896,-0.30000001192092896,-0.30000001192092896,-0.30000001192092896,-0.30000001192092896,-0.30000001192092896,0.30000001192092896,-0.30000001192092896,0.30000001192092896,-0.30000001192092896,-0.29990465302523805
1.2999999523162842,0.3012353722170105,-0.30000001192092896,0.3103092908859253,0.3256410248976746,-0.30000001192092896,-0.13064517292092895,-0.28989900192092893,-0.30000001192092896,-0.30000001192092896,-0.30000001192092896,1.072058835920929,-0.30000001192092896,0.30000001192092896,-0.30000001192092896,-0.29983945552523805
1.2999999523162842,0.3915149762170105,-0.30000001192092896,0.3103092908859253,0.4794871778976746,-0.30000001192092896,-0.30000001192092896,-0.30000001192092896,-0.30000001192092896,-0.30000001192092896,-0.30000001192092896,0.30000001192092896,-0.30000001192092896,0.30000001192092896,-0.30000001192092896,-0.282643131525238
1.2999999523162842,0.3633131642170105,-0.30000001192092896,0.3103092908859253,0.34273504189767456,-0.30000001192092896,-0.24354839892092894,-0.28989900192092893,-0.30000001192092896,-0.30000001192092896,-0.30000001192092896,0.861497337920929,-0.30000001192092896,0.30000001192092896,-0.30000001192092896,-0.29984965652523804
1.2999999523162842,0.3609191142170105,-0.30000001192092896,0.3103092908859253,0.33418803289767457,-0.30000001192092896,-0.22741936692092896,-0.20909092092092896,-0.30000001192092896,-0.30000001192092896,-0.30000001192092896,0.368850278920929,0.12738588007907103,0.917708219920929,-0.30000001192092896,-0.22523164852523803
1.2999999523162842,0.4221108382170105,-0.30000001192092896,0.3103092908859253,0.5136752128976746,-0.30000001192092896,-0.30000001192092896,-0.30000001192092896,-0.30000001192092896,-0.30000001192092896,-0.30000001192092896,0.30000001192092896,-0.27095436892092895,0.944194374920929,-0.30000001192092896,-0.298831338525238
1.2999999523162842,0.3003280982170105,-0.30000001192092896,0.3103092908859253,0.3256410248976746,-0.30000001192092896,-0.13870968892092894,-0.09797980992092895,-0.30000001192092896,-0.30000001192092896,-0.30000001192092896,0.30000001192092896,-0.30000001192092896,0.30000001192092896,-0.30000001192092896,-0.29984078652523805
1.2999999523162842,0.5426594432170104,-0.30000001192092896,0.3103092908859253,0.5222222208976746,-0.30000001192092896,-0.30000001192092896,-0.30000001192092896,-0.30000001192092896,-0.30000001192092896,-0.30000001192092896,0.30000001192092896,-0.30000001192092896,0.30000001192092896,-0.30000001192092896,-0.29950681652523803
1.2999999523162842,0.8149901812170105,-0.30000001192092896,0.3103092908859253,0.3769230758976746,-0.30000001192092896,-0.30000001192092896,-0.30000001192092896,-0.30000001192092896,-0.30000001192092896,-0.30000001192092896,0.30000001192092896,-0.30000001192092896,0.30000001192092896,-0.30000001192092896,-0.299761618525238
1.2999999523162842,0.30123082821701047,-0.30000001192092896,0.3103092908859253,0.33418803289767457,-0.30000001192092896,-0.12258065692092895,-0.28989900192092893,-0.30000001192092896,-0.30000001192092896,-0.30000001192092896,1.0794117769209288,-0.30000001192092896,0.30000001192092896,-0.30000001192092896,-0.29984012152523803
1.2999999523162842,0.4817879152170105,-0.30000001192092896,0.3103092908859253,0.5222222208976746,-0.30000001192092896,-0.30000001192092896,-0.30000001192092896,-0.30000001192092896,-0.30000001192092896,-0.30000001192092896,0.30000001192092896,-0.29170125692092896,0.8542434229209289,-0.30000001192092896,-0.296511070525238
1.2999999523162842,0.42271669621701047,-0.30000001192092896,0.3103092908859253,0.4965811958976746,-0.30000001192092896,-0.30000001192092896,-0.30000001192092896,-0.30000001192092896,-0.30000001192092896,-0.30000001192092896,0.30000001192092896,-0.295850633920929,1.127981340920929,-0.30000001192092896,-0.298966611525238
1.2999999523162842,0.5741813592170105,-0.30000001192092896,0.3103092908859253,0.5222222208976746,-0.30000001192092896,-0.30000001192092896,-0.30000001192092896,-0.30000001192092896,-0.30000001192092896,-0.30000001192092896,0.30000001192092896,-0.30000001192092896,0.30000001192092896,-0.30000001192092896,-0.29990088312523805
1.2999999523162842,0.3618279022170105,-0.30000001192092896,0.3103092908859253,0.4538461528976746,-0.30000001192092896,-0.30000001192092896,-0.30000001192092896,-0.30000001192092896,-0.30000001192092896,-0.30000001192092896,0.30000001192092896,-0.30000001192092896,0.30000001192092896,-0.30000001192092896,-0.28146071152523805
1.2999999523162842,0.42271669621701047,-0.30000001192092896,0.3103092908859253,0.5222222208976746,-0.30000001192092896,-0.29193549592092893,-0.28989900192092893,-0.30000001192092896,-0.30000001192092896,-0.30000001192092896,0.4610962689209289,-0.30000001192092896,0.30000001192092896,-0.30000001192092896,-0.299858305525238
1.2999999523162842,0.39242376421701053,-0.30000001192092896,0.3103092908859253,0.3256410248976746,-0.30000001192092896,-0.26774194692092895,-0.28989900192092893,-0.30000001192092896,-0.30000001192092896,-0.30000001192092896,0.7278074989209289,-0.30000001192092896,0.30000001192092896,-0.30000001192092896,-0.29985342652523805
1.2999999523162842,0.3909091172170105,-0.30000001192092896,0.3103092908859253,0.3683760668976746,-0.30000001192092896,-0.26774194692092895,-0.28989900192092893,-0.30000001192092896,-0.30000001192092896,-0.30000001192092896,0.7278074989209289,0.03609957307907102,1.0424097209209289,-0.30000001192092896,-0.25209800752523803
1.2999999523162842,1.2391100202170104,-0.30000001192092896,0.3103092908859253,0.3769230758976746,-0.30000001192092896,-0.30000001192092896,-0.30000001192092896,-0.30000001192092896,-0.30000001192092896,-0.30000001192092896,0.30000001192092896,-0.30000001192092896,0.30000001192092896,-0.30000001192092896,-0.29990465302523805
0.2999999523162842,0.3006073992170105,-0.14774889592092896,0.3000000128859253,0.3256410248976746,0.699999988079071,-0.30000001192092896,-0.30000001192092896,0.699999988079071,-0.20909092092092896,-0.14647304092092894,0.30000001192092896,-0.30000001192092896,0.30000001192092896,-0.23333334492092894,-0.29851643952523804
1.2999999523162842,0.39118448021701047,-0.30000001192092896,0.4340206318859253,0.4282051268976746,-0.30000001192092896,-0.30000001192092896,-0.30000001192092896,-0.30000001192092896,-0.30000001192092896,-0.30000001192092896,0.30000001192092896,-0.24605810292092894,1.088932179920929,-0.30000001192092896,-0.295140154525238
1.2999999523162842,0.4826967032170105,-0.30000001192092896,0.3103092908859253,0.5222222208976746,-0.30000001192092896,-0.30000001192092896,-0.30000001192092896,-0.30000001192092896,-0.30000001192092896,-0.30000001192092896,0.30000001192092896,-0.30000001192092896,0.30000001192092896,-0.30000001192092896,-0.299901104925238
1.2999999523162842,0.3306167902170105,-0.30000001192092896,0.48556702288592535,0.5393162378976746,-0.30000001192092896,-0.30000001192092896,-0.30000001192092896,-0.30000001192092896,-0.30000001192092896,-0.30000001192092896,0.30000001192092896,-0.24605810292092894,0.765188056920929,-0.30000001192092896,-0.29089812152523803
1.2999999523162842,0.3605989172170105,-0.30000001192092896,0.3412371258859253,0.5393162378976746,-0.30000001192092896,-0.30000001192092896,-0.30000001192092896,-0.30000001192092896,-0.30000001192092896,-0.30000001192092896,0.30000001192092896,-0.24605810292092894,1.046923599920929,-0.30000001192092896,-0.27628107952523806
1.2999999523162842,0.3912120462170105,-0.30000001192092896,0.3103092908859253,0.5136752128976746,-0.30000001192092896,-0.30000001192092896,-0.30000001192092896,-0.30000001192092896,-0.30000001192092896,-0.30000001192092896,0.30000001192092896,-0.295850633920929,0.9994728719209289,-0.30000001192092896,-0.29885861452523804
1.2999999523162842,0.5120808482170105,-0.30000001192092896,0.3103092908859253,0.5136752128976746,-0.30000001192092896,-0.30000001192092896,-0.30000001192092896,-0.30000001192092896,-0.30000001192092896,-0.30000001192092896,0.30000001192092896,-0.29170125692092896,0.7584912959209289,-0.30000001192092896,-0.29957822352523805
1.2999999523162842,0.4817879152170105,-0.30000001192092896,0.3103092908859253,0.5222222208976746,-0.30000001192092896,-0.30000001192092896,-0.30000001192092896,-0.30000001192092896,-0.30000001192092896,-0.30000001192092896,0.30000001192092896,-0.30000001192092896,0.30000001192092896,-0.30000001192092896,-0.299901104925238
1.2999999523162842,0.7544243092170104,-0.30000001192092896,0.3103092908859253,0.3769230758976746,-0.30000001192092896,-0.30000001192092896,-0.30000001192092896,-0.30000001192092896,-0.30000001192092896,-0.30000001192092896,0.30000001192092896,-0.283402501920929,0.981370357920929,-0.30000001192092896,-0.29974942152523804
1.2999999523162842,0.3336382072170105,-0.30000001192092896,0.3103092908859253,0.3256410248976746,-0.30000001192092896,-0.19516130192092895,-0.16868688092092896,-0.30000001192092896,-0.30000001192092896,-0.30000001192092896,0.30000001192092896,-0.30000001192092896,0.30000001192092896,-0.30000001192092896,-0.299846330525238
1.2999999523162842,1.0273636322170105,-0.30000001192092896,0.3103092908859253,0.3769230758976746,-0.30000001192092896,-0.30000001192092896,-0.30000001192092896,-0.30000001192092896,-0.30000001192092896,-0.30000001192092896,0.30000001192092896,-0.30000001192092896,0.30000001192092896,-0.30000001192092896,-0.29990465302523805
1.2999999523162842,0.3315267902170105,-0.30000001192092896,0.3103092908859253,0.3512820498976746,-0.30000001192092896,-0.10645162492092897,-0.05757576992092894,-0.30000001192092896,-0.30000001192092896,-0.30000001192092896,0.30000001192092896,-0.30000001192092896,0.30000001192092896,-0.30000001192092896,-0.29984034252523806
1.2999999523162842,0.4820908442170105,-0.30000001192092896,0.3103092908859253,0.5222222208976746,-0.30000001192092896,-0.30000001192092896,-0.30000001192092896,-0.30000001192092896,-0.30000001192092896,-0.30000001192092896,0.30000001192092896,-0.30000001192092896,0.30000001192092896,-0.30000001192092896,-0.29932785752523805
1.2999999523162842,0.3302990172170105,-0.30000001192092896,0.3103092908859253,0.34273504189767456,-0.30000001192092896,-0.10645162492092897,-0.28989900192092893,-0.30000001192092896,-0.30000001192092896,-0.30000001192092896,1.086096268920929,-0.30000001192092896,0.30000001192092896,-0.30000001192092896,-0.29984012152523803
1.2999999523162842,0.39242376421701053,-0.30000001192092896,0.3103092908859253,0.5222222208976746,-0.30000001192092896,-0.30000001192092896,-0.30000001192092896,-0.30000001192092896,-0.30000001192092896,-0.30000001192092896,0.30000001192092896,-0.30000001192092896,0.30000001192092896,-0.30000001192092896,-0.29881581452523803
1.2999999523162842,0.4239284142170105,-0.30000001192092896,0.3103092908859253,0.5393162378976746,-0.30000001192092896,-0.30000001192092896,-0.30000001192092896,-0.30000001192092896,-0.30000001192092896,-0.30000001192092896,0.30000001192092896,-0.30000001192092896,0.30000001192092896,-0.30000001192092896,-0.29989755652523803
1.2999999523162842,0.4536154882170105,-0.30000001192092896,0.3103092908859253,0.5307692298976746,-0.30000001192092896,-0.30000001192092896,-0.30000001192092896,-0.30000001192092896,-0.30000001192092896,-0.30000001192092896,0.30000001192092896,-0.295850633920929,1.1382667819209291,-0.30000001192092896,-0.29928882752523805
1.2999999523162842,0.4820647922170105,-0.30000001192092896,0.3103092908859253,0.4965811958976746,-0.30000001192092896,-0.30000001192092896,-0.30000001192092896,-0.30000001192092896,-0.30000001192092896,-0.30000001192092896,0.30000001192092896,-0.283402501920929,0.6983733689209289,-0.30000001192092896,-0.29914379652523804
1.2999999523162842,0.4820908442170105,-0.30000001192092896,0.3103092908859253,0.5136752128976746,-0.30000001192092896,-0.30000001192092896,-0.30000001192092896,-0.30000001192092896,-0.30000001192092896,-0.30000001192092896,0.30000001192092896,-0.30000001192092896,0.30000001192092896,-0.30000001192092896,-0.299806635525238
1.2999999523162842,0.3042461862170105,-0.30000001192092896,0.3103092908859253,0.3256410248976746,-0.30000001192092896,-0.13064517292092895,-0.08787879992092895,-0.30000001192092896,-0.30000001192092896,-0.30000001192092896,0.30000001192092896,-0.30000001192092896,0.30000001192092896,-0.30000001192092896,-0.29983812552523803
1.2999999523162842,0.3015419362170105,-0.30000001192092896,0.3103092908859253,0.3170940158976746,-0.30000001192092896,0.24838708507907103,0.3868686750790711,-0.30000001192092896,-0.30000001192092896,-0.30000001192092896,0.30000001192092896,-0.30000001192092896,0.30000001192092896,-0.30000001192092896,-0.29983856852523805
1.2999999523162842,0.3051734532170105,-0.30000001192092896,0.3103092908859253,0.3256410248976746,-0.30000001192092896,0.11129031107907106,-0.28989900192092893,-0.30000001192092896,-0.30000001192092896,-0.30000001192092896,1.138235305920929,-0.30000001192092896,0.30000001192092896,-0.30000001192092896,-0.29984056452523805
1.2999999523162842,0.3309179022170105,-0.30000001192092896,0.3412371258859253,0.5051282038976745,-0.30000001192092896,-0.30000001192092896,-0.30000001192092896,-0.30000001192092896,-0.30000001192092896,-0.30000001192092896,0.30000001192092896,-0.24605810292092894,0.913875549920929,-0.30000001192092896,-0.292301192525238
1.2999999523162842,0.3621308312170105,-0.30000001192092896,0.3103092908859253,0.3769230758976746,-0.30000001192092896,-0.27580646392092895,-0.26969698192092895,-0.30000001192092896,-0.30000001192092896,-0.30000001192092896,0.30000001192092896,-0.30000001192092896,0.30000001192092896,-0.30000001192092896,-0.29986229652523805
1.2999999523162842,0.3915149762170105,-0.30000001192092896,0.3103092908859253,0.3769230758976746,-0.30000001192092896,-0.28387097992092897,-0.27979799192092897,-0.30000001192092896,-0.30000001192092896,-0.30000001192092896,0.30000001192092896,-0.30000001192092896,0.30000001192092896,-0.30000001192092896,-0.29985653152523806
1.2999999523162842,0.4215031612170105,-0.30000001192092896,0.3103092908859253,0.5222222208976746,-0.30000001192092896,-0.30000001192092896,-0.30000001192092896,-0.30000001192092896,-0.30000001192092896,-0.30000001192092896,0.30000001192092896,-0.295850633920929,0.7584912959209289,-0.30000001192092896,-0.29903580052523804
1.2999999523162842,0.4820908442170105,-0.30000001192092896,0.3103092908859253,0.5136752128976746,-0.30000001192092896,-0.30000001192092896,-0.30000001192092896,-0.30000001192092896,-0.30000001192092896,-0.30000001192092896,0.30000001192092896,-0.30000001192092896,0.30000001192092896,-0.30000001192092896,-0.299900217825238
1.2999999523162842,0.4211805422170105,-0.30000001192092896,0.3103092908859253,0.5136752128976746,-0.30000001192092896,-0.30000001192092896,-0.30000001192092896,-0.30000001192092896,-0.30000001192092896,-0.30000001192092896,0.30000001192092896,-0.2875518789209289,1.044382434920929,-0.30000001192092896,-0.298928912525238
1.2999999523162842,0.4817879152170105,-0.30000001192092896,0.3103092908859253,0.5222222208976746,-0.30000001192092896,-0.30000001192092896,-0.30000001192092896,-0.30000001192092896,-0.30000001192092896,-0.30000001192092896,0.30000001192092896,-0.30000001192092896,0.30000001192092896,-0.30000001192092896,-0.299900661325238
1.2999999523162842,0.36061618421701047,-0.30000001192092896,0.3103092908859253,0.33418803289767457,-0.30000001192092896,-0.30000001192092896,-0.30000001192092896,-0.30000001192092896,-0.30000001192092896,-0.30000001192092896,0.30000001192092896,-0.30000001192092896,0.30000001192092896,-0.30000001192092896,-0.29965029552523803
1.2999999523162842,0.39150619121701047,-0.30000001192092896,0.3103092908859253,0.3683760668976746,-0.30000001192092896,-0.30000001192092896,-0.30000001192092896,-0.30000001192092896,-0.30000001192092896,-0.30000001192092896,0.30000001192092896,-0.2875518789209289,0.891385137920929,-0.30000001192092896,-0.29699783252523804
1.2999999523162842,0.3006086112170105,-0.30000001192092896,0.3103092908859253,0.3170940158976746,-0.30000001192092896,0.07096773007907103,-0.28989900192092893,-0.30000001192092896,-0.30000001192092896,-0.30000001192092896,1.160962578920929,-0.30000001192092896,0.30000001192092896,-0.30000001192092896,-0.29983901252523804
1.2999999523162842,0.4820769092170105,-0.30000001192092896,0.5783505278859253,0.5393162378976746,-0.30000001192092896,-0.30000001192092896,-0.30000001192092896,-0.30000001192092896,-0.30000001192092896,-0.30000001192092896,0.30000001192092896,-0.24605810292092894,1.300000011920929,-0.30000001192092896,-0.293561450525238
1.2999999523162842,0.5423737802170105,-0.30000001192092896,0.3103092908859253,0.3769230758976746,-0.30000001192092896,-0.30000001192092896,-0.30000001192092896,-0.30000001192092896,-0.30000001192092896,-0.30000001192092896,0.30000001192092896,-0.295850633920929,0.7782413209209289,-0.30000001192092896,-0.29982282352523804
1.2999999523162842,0.4226960972170105,-0.30000001192092896,0.3103092908859253,0.5307692298976746,-0.30000001192092896,-0.30000001192092896,-0.30000001192092896,-0.30000001192092896,-0.30000001192092896,-0.30000001192092896,0.30000001192092896,-0.27925312392092894,1.110981954920929,-0.30000001192092896,-0.298199102525238
1.2999999523162842,0.3615237612170105,-0.30000001192092896,0.48556702288592535,0.5393162378976746,-0.30000001192092896,-0.30000001192092896,-0.30000001192092896,-0.30000001192092896,-0.30000001192092896,-0.30000001192092896,0.30000001192092896,-0.24605810292092894,0.808402569920929,-0.30000001192092896,-0.272634691525238
1.2999999523162842,0.3912084112170105,-0.30000001192092896,0.3103092908859253,0.3769230758976746,-0.30000001192092896,-0.30000001192092896,-0.30000001192092896,-0.30000001192092896,-0.30000001192092896,-0.30000001192092896,0.30000001192092896,-0.30000001192092896,0.30000001192092896,-0.30000001192092896,-0.299904431225238
1.2999999523162842,0.4233074082170105,-0.30000001192092896,0.3103092908859253,0.5307692298976746,-0.30000001192092896,-0.30000001192092896,-0.30000001192092896,-0.30000001192092896,-0.30000001192092896,-0.30000001192092896,0.30000001192092896,-0.295850633920929,0.992381329920929,-0.30000001192092896,-0.28872643252523805
1.2999999523162842,0.3021508242170105,-0.30000001192092896,0.3103092908859253,0.34273504189767456,-0.30000001192092896,-0.18709678592092896,-0.28989900192092893,-0.30000001192092896,-0.30000001192092896,-0.30000001192092896,1.011229958920929,-0.15062241892092895,0.861063292920929,-0.30000001192092896,-0.23895145152523803
1.2999999523162842,0.4517979122170105,-0.30000001192092896,0.3103092908859253,0.5222222208976746,-0.30000001192092896,-0.30000001192092896,-0.30000001192092896,-0.30000001192092896,-0.30000001192092896,-0.30000001192092896,0.30000001192092896,-0.30000001192092896,0.30000001192092896,-0.30000001192092896,-0.29907394252523806
1.2999999523162842,0.4239284142170105,-0.30000001192092896,0.3103092908859253,0.5136752128976746,-0.30000001192092896,-0.30000001192092896,-0.30000001192092896,-0.30000001192092896,-0.30000001192092896,-0.30000001192092896,0.30000001192092896,-0.30000001192092896,0.30000001192092896,-0.30000001192092896,-0.298966389525238
1.2999999523162842,0.30546153921701047,-0.30000001192092896,0.3103092908859253,0.33418803289767457,-0.30000001192092896,-0.19516130192092895,-0.16868688092092896,-0.30000001192092896,-0.30000001192092896,-0.30000001192092896,0.30000001192092896,-0.30000001192092896,0.30000001192092896,-0.30000001192092896,-0.29983590752523803
1.2999999523162842,0.4829996322170105,-0.30000001192092896,0.3103092908859253,0.5222222208976746,-0.30000001192092896,-0.30000001192092896,-0.30000001192092896,-0.30000001192092896,-0.30000001192092896,-0.30000001192092896,0.30000001192092896,-0.30000001192092896,0.30000001192092896,-0.30000001192092896,-0.29897060252523805
1.2999999523162842,0.4521008412170105,-0.30000001192092896,0.3103092908859253,0.5222222208976746,-0.30000001192092896,-0.30000001192092896,-0.30000001192092896,-0.30000001192092896,-0.30000001192092896,-0.30000001192092896,0.30000001192092896,-0.30000001192092896,0.30000001192092896,-0.30000001192092896,-0.299073720525238
1.2999999523162842,0.3911950822170105,-0.30000001192092896,0.3103092908859253,0.3512820498976746,-0.30000001192092896,-0.25161291492092897,-0.28989900192092893,-0.30000001192092896,-0.30000001192092896,-0.30000001192092896,0.825401081920929,-0.04688797892092894,0.920659170920929,-0.30000001192092896,-0.260417085525238
1.2999999523162842,0.4517979122170105,-0.30000001192092896,0.3103092908859253,0.5222222208976746,-0.30000001192092896,-0.30000001192092896,-0.30000001192092896,-0.30000001192092896,-0.30000001192092896,-0.30000001192092896,0.30000001192092896,-0.30000001192092896,0.30000001192092896,-0.30000001192092896,-0.29989733452523804
1.2999999523162842,0.5129896362170105,-0.30000001192092896,0.3103092908859253,0.5136752128976746,-0.30000001192092896,-0.30000001192092896,-0.30000001192092896,-0.30000001192092896,-0.30000001192092896,-0.30000001192092896,0.30000001192092896,-0.29170125692092896,0.917944533920929,-0.30000001192092896,-0.29914379652523804
1.2999999523162842,0.3306192142170105,-0.30000001192092896,0.3103092908859253,0.3512820498976746,-0.30000001192092896,-0.14677420592092896,-0.28989900192092893,-0.30000001192092896,-0.30000001192092896,-0.30000001192092896,1.033957230920929,-0.30000001192092896,0.30000001192092896,-0.30000001192092896,-0.29983989952523804
1.2999999523162842,0.39363548121701053,-0.30000001192092896,0.3103092908859253,0.44529914389767455,-0.30000001192092896,-0.28387097992092897,-0.28989900192092893,-0.30000001192092896,-0.30000001192092896,-0.30000001192092896,0.5747326319209289,-0.30000001192092896,0.30000001192092896,-0.30000001192092896,-0.299857418525238
1.2999999523162842,0.4211802392170105,-0.30000001192092896,0.3103092908859253,0.33418803289767457,-0.30000001192092896,-0.23548388292092895,-0.28989900192092893,-0.30000001192092896,-0.30000001192092896,-0.30000001192092896,0.893582899920929,-0.30000001192092896,0.30000001192092896,-0.30000001192092896,-0.29985542252523806
1.2999999523162842,0.33123204021701047,-0.30000001192092896,0.3103092908859253,0.3940170928976746,-0.30000001192092896,-0.27580646392092895,-0.26969698192092895,-0.30000001192092896,-0.30000001192092896,-0.30000001192092896,0.32807487792092893,-0.30000001192092896,0.30000001192092896,-0.30000001192092896,-0.28146958152523804
1.2999999523162842,0.4817879152170105,-0.30000001192092896,0.3103092908859253,0.5222222208976746,-0.30000001192092896,-0.30000001192092896,-0.30000001192092896,-0.30000001192092896,-0.30000001192092896,-0.30000001192092896,0.30000001192092896,-0.30000001192092896,0.30000001192092896,-0.30000001192092896,-0.299252902525238
1.2999999523162842,0.36333588421701046,-0.30000001192092896,0.3103092908859253,0.3256410248976746,-0.30000001192092896,-0.18709678592092896,-0.28989900192092893,-0.30000001192092896,-0.30000001192092896,-0.30000001192092896,1.011229958920929,-0.12157677492092894,1.1279067129209288,-0.30000001192092896,-0.25281872552523804
1.2999999523162842,0.5738784302170106,-0.30000001192092896,0.3103092908859253,0.5222222208976746,-0.30000001192092896,-0.30000001192092896,-0.30000001192092896,-0.30000001192092896,-0.30000001192092896,-0.30000001192092896,0.30000001192092896,-0.30000001192092896,0.30000001192092896,-0.30000001192092896,-0.29965029552523803
1.2999999523162842,0.4212020502170105,-0.30000001192092896,0.3103092908859253,0.33418803289767457,-0.30000001192092896,-0.30000001192092896,-0.30000001192092896,-0.30000001192092896,-0.30000001192092896,-0.30000001192092896,0.30000001192092896,-0.30000001192092896,0.30000001192092896,-0.30000001192092896,-0.298761705525238
1.2999999523162842,0.3918166932170105,-0.30000001192092896,0.3103092908859253,0.34273504189767456,-0.30000001192092896,-0.27580646392092895,-0.26969698192092895,-0.30000001192092896,-0.30000001192092896,-0.30000001192092896,0.37887701692092896,0.18962654407907104,0.9026445069209289,-0.30000001192092896,-0.26570138752523803
1.2999999523162842,0.33090336121701047,-0.30000001192092896,0.3721649608859253,0.5307692298976746,-0.30000001192092896,-0.30000001192092896,-0.30000001192092896,0.699999988079071,-0.30000001192092896,-0.30000001192092896,0.41965241792092894,-0.24605810292092894,0.9253503849209289,-0.30000001192092896,-0.24275351452523802
1.2999999523162842,0.4226948852170105,-0.30000001192092896,0.3103092908859253,0.5136752128976746,-0.30000001192092896,-0.30000001192092896,-0.30000001192092896,-0.30000001192092896,-0.30000001192092896,-0.30000001192092896,0.30000001192092896,-0.295850633920929,0.927516626920929,-0.30000001192092896,-0.29892824652523803
1.2999999523162842,0.3009251722170105,-0.30000001192092896,0.3103092908859253,0.34273504189767456,-0.30000001192092896,-0.17096775392092894,-0.13838384992092895,-0.30000001192092896,-0.30000001192092896,-0.30000001192092896,0.30000001192092896,-0.30000001192092896,0.30000001192092896,-0.30000001192092896,-0.29984012152523803
1.2999999523162842,0.4527067002170105,-0.30000001192092896,0.3103092908859253,0.5307692298976746,-0.30000001192092896,-0.30000001192092896,-0.30000001192092896,-0.30000001192092896,-0.30000001192092896,-0.30000001192092896,0.30000001192092896,-0.295850633920929,0.830881789920929,-0.30000001192092896,-0.29903757452523805
1.2999999523162842,0.4224137672170105,-0.30000001192092896,0.3103092908859253,0.4282051268976746,-0.30000001192092896,-0.30000001192092896,-0.30000001192092896,0.699999988079071,-0.30000001192092896,-0.30000001192092896,0.30000001192092896,-0.30000001192092896,0.30000001192092896,-0.30000001192092896,-0.299870945525238
1.2999999523162842,0.3621308312170105,-0.30000001192092896,0.3103092908859253,0.3598290588976746,-0.30000001192092896,-0.25161291492092897,-0.28989900192092893,-0.30000001192092896,-0.30000001192092896,-0.30000001192092896,0.825401081920929,-0.026141090920928978,0.708840948920929,-0.30000001192092896,-0.265814928525238
1.2999999523162842,0.5741813592170105,-0.30000001192092896,0.3103092908859253,0.5222222208976746,-0.30000001192092896,-0.30000001192092896,-0.30000001192092896,-0.30000001192092896,-0.30000001192092896,-0.30000001192092896,0.30000001192092896,-0.30000001192092896,0.30000001192092896,-0.30000001192092896,-0.29990088312523805
1.2999999523162842,0.3912120462170105,-0.30000001192092896,0.3103092908859253,0.5222222208976746,-0.30000001192092896,-0.30000001192092896,-0.30000001192092896,-0.30000001192092896,-0.30000001192092896,-0.30000001192092896,0.30000001192092896,-0.30000001192092896,0.30000001192092896,-0.30000001192092896,-0.29918504452523803
1.2999999523162842,0.4523910472170105,-0.30000001192092896,0.3103092908859253,0.3598290588976746,-0.30000001192092896,-0.27580646392092895,-0.26969698192092895,-0.30000001192092896,-0.30000001192092896,-0.30000001192092896,0.30000001192092896,-0.30000001192092896,0.30000001192092896,-0.30000001192092896,-0.29986229652523805
1.2999999523162842,1.1182412182170105,-0.30000001192092896,0.3103092908859253,0.3769230758976746,-0.30000001192092896,-0.30000001192092896,-0.30000001192092896,-0.30000001192092896,-0.30000001192092896,-0.30000001192092896,0.30000001192092896,-0.30000001192092896,0.30000001192092896,-0.30000001192092896,-0.29972547152523804
1.2999999523162842,0.3633425482170105,-0.30000001192092896,0.3103092908859253,0.3170940158976746,-0.30000001192092896,-0.26774194692092895,-0.259595971920929,-0.30000001192092896,-0.30000001192092896,-0.30000001192092896,0.30000001192092896,-0.30000001192092896,0.30000001192092896,-0.30000001192092896,-0.29985342652523805
1.2999999523162842,0.3621308312170105,-0.30000001192092896,0.3103092908859253,0.5136752128976746,-0.30000001192092896,-0.30000001192092896,-0.30000001192092896,-0.30000001192092896,-0.30000001192092896,-0.30000001192092896,0.30000001192092896,-0.30000001192092896,0.30000001192092896,-0.30000001192092896,-0.299870945525238
1.2999999523162842,0.3924225522170105,-0.30000001192092896,0.3103092908859253,0.5222222208976746,-0.30000001192092896,-0.30000001192092896,-0.30000001192092896,-0.30000001192092896,-0.30000001192092896,-0.30000001192092896,0.30000001192092896,-0.295850633920929,0.748362389920929,-0.30000001192092896,-0.29882357652523805
1.2999999523162842,0.4829996322170105,-0.30000001192092896,0.3103092908859253,0.5051282038976745,-0.30000001192092896,-0.30000001192092896,-0.30000001192092896,-0.30000001192092896,-0.30000001192092896,-0.30000001192092896,0.30000001192092896,-0.30000001192092896,0.30000001192092896,-0.30000001192092896,-0.299395715525238
1.2999999523162842,0.39333255221701047,-0.30000001192092896,0.3103092908859253,0.4025641018976746,-0.30000001192092896,-0.30000001192092896,-0.30000001192092896,-0.30000001192092896,-0.30000001192092896,-0.30000001192092896,0.30000001192092896,-0.30000001192092896,0.30000001192092896,-0.30000001192092896,-0.299870723525238
1.2999999523162842,0.5120793332170105,-0.30000001192092896,0.3103092908859253,0.5222222208976746,-0.30000001192092896,-0.30000001192092896,-0.30000001192092896,-0.30000001192092896,-0.30000001192092896,-0.30000001192092896,0.30000001192092896,-0.295850633920929,0.755274616920929,-0.30000001192092896,-0.29946512652523805
1.2999999523162842,0.3024367902170105,-0.30000001192092896,0.3103092908859253,0.3085470078976746,-0.30000001192092896,0.13548385907907107,0.24545453307907106,-0.30000001192092896,-0.30000001192092896,-0.30000001192092896,0.30000001192092896,-0.30000001192092896,0.30000001192092896,-0.30000001192092896,-0.29983945552523805
1.2999999523162842,0.8453031072170105,-0.30000001192092896,0.3103092908859253,0.3769230758976746,-0.30000001192092896,-0.30000001192092896,-0.30000001192092896,-0.30000001192092896,-0.30000001192092896,-0.30000001192092896,0.30000001192092896,-0.30000001192092896,0.30000001192092896,-0.30000001192092896,-0.29976139652523803
1.2999999523162842,0.3015237612170105,-0.30000001192092896,0.3103092908859253,0.34273504189767456,-0.30000001192092896,0.06290321407907107,-0.28989900192092893,-0.30000001192092896,-0.30000001192092896,-0.30000001192092896,1.142246000920929,-0.30000001192092896,0.30000001192092896,-0.30000001192092896,-0.29984056452523805
1.2999999523162842,0.3021265902170105,-0.30000001192092896,0.3103092908859253,0.33418803289767457,-0.30000001192092896,-0.08225807692092896,-0.28989900192092893,-0.30000001192092896,-0.30000001192092896,-0.30000001192092896,1.112165786920929,-0.22116183792092897,0.950088698920929,-0.30000001192092896,-0.24742864452523802
1.2999999523162842,0.5423498492170105,-0.30000001192092896,0.3103092908859253,0.5051282038976745,-0.30000001192092896,-0.30000001192092896,-0.30000001192092896,-0.30000001192092896,-0.30000001192092896,-0.30000001192092896,0.30000001192092896,-0.30000001192092896,0.30000001192092896,-0.30000001192092896,-0.299435632525238
1.2999999523162842,0.4521008412170105,-0.30000001192092896,0.3103092908859253,0.5307692298976746,-0.30000001192092896,-0.30000001192092896,-0.30000001192092896,-0.30000001192092896,-0.30000001192092896,-0.30000001192092896,0.30000001192092896,-0.30000001192092896,0.30000001192092896,-0.30000001192092896,-0.29989644752523803
1.2999999523162842,0.5735755012170105,-0.30000001192092896,0.3103092908859253,0.5136752128976746,-0.30000001192092896,-0.30000001192092896,-0.30000001192092896,-0.30000001192092896,-0.30000001192092896,-0.30000001192092896,0.30000001192092896,-0.30000001192092896,0.30000001192092896,-0.30000001192092896,-0.299901104925238
1.2999999523162842,0.5429796392170105,-0.30000001192092896,0.3103092908859253,0.5307692298976746,-0.30000001192092896,-0.30000001192092896,-0.30000001192092896,-0.30000001192092896,-0.30000001192092896,-0.30000001192092896,0.30000001192092896,-0.30000001192092896,0.30000001192092896,-0.30000001192092896,-0.29990088312523805
1.2999999523162842,0.4230196262170105,-0.30000001192092896,0.3103092908859253,0.5222222208976746,-0.30000001192092896,-0.30000001192092896,-0.30000001192092896,-0.30000001192092896,-0.30000001192092896,-0.30000001192092896,0.30000001192092896,-0.30000001192092896,0.30000001192092896,-0.30000001192092896,-0.299896669525238
1.2999999523162842,0.5123725682170105,-0.30000001192092896,0.3103092908859253,0.5222222208976746,-0.30000001192092896,-0.30000001192092896,-0.30000001192092896,-0.30000001192092896,-0.30000001192092896,-0.30000001192092896,0.30000001192092896,-0.295850633920929,1.0270663139209288,-0.30000001192092896,-0.29961437052523804
1.2999999523162842,0.4221108382170105,-0.30000001192092896,0.3103092908859253,0.5051282038976745,-0.30000001192092896,-0.30000001192092896,-0.30000001192092896,-0.30000001192092896,-0.30000001192092896,-0.30000001192092896,0.30000001192092896,-0.30000001192092896,0.30000001192092896,-0.30000001192092896,-0.29943585352523805
1.2999999523162842,0.45149498221701045,-0.30000001192092896,0.3103092908859253,0.3769230758976746,-0.30000001192092896,-0.30000001192092896,-0.30000001192092896,-0.30000001192092896,-0.30000001192092896,-0.30000001192092896,0.30000001192092896,-0.295850633920929,1.018495879920929,-0.30000001192092896,-0.29968799452523803
1.2999999523162842,0.3018397162170105,-0.30000001192092896,0.3103092908859253,0.3256410248976746,-0.30000001192092896,0.030645149079071066,-0.28989900192092893,-0.30000001192092896,-0.30000001192092896,-0.30000001192092896,1.149598941920929,-0.24605810292092894,0.7782413209209289,-0.30000001192092896,-0.26130123952523804
1.2999999523162842,0.3330496162170105,-0.30000001192092896,0.3103092908859253,0.3170940158976746,-0.30000001192092896,-0.24354839892092894,-0.22929294092092894,-0.30000001192092896,-0.30000001192092896,-0.30000001192092896,0.30000001192092896,-0.30000001192092896,0.30000001192092896,-0.30000001192092896,-0.29985453552523805
1.2999999523162842,0.45149498221701045,-0.30000001192092896,0.3103092908859253,0.5222222208976746,-0.30000001192092896,-0.30000001192092896,-0.30000001192092896,-0.30000001192092896,-0.30000001192092896,-0.30000001192092896,0.30000001192092896,-0.30000001192092896,0.30000001192092896,-0.30000001192092896,-0.29990088312523805
1.2999999523162842,1.0270525242170105,-0.30000001192092896,0.3103092908859253,0.3769230758976746,-0.30000001192092896,-0.30000001192092896,-0.30000001192092896,-0.30000001192092896,-0.30000001192092896,-0.30000001192092896,0.30000001192092896,-0.30000001192092896,0.30000001192092896,-0.30000001192092896,-0.29990465302523805
1.2999999523162842,0.3621023562170105,-0.30000001192092896,0.5268041368859253,0.5393162378976746,-0.30000001192092896,-0.30000001192092896,-0.30000001192092896,-0.30000001192092896,-0.30000001192092896,-0.30000001192092896,0.30000001192092896,-0.24605810292092894,0.800400685920929,-0.30000001192092896,-0.25356206252523805
0.2999999523162842,0.3039411372170105,-0.277442930920929,0.3000000128859253,0.33418803289767457,0.699999988079071,-0.30000001192092896,-0.30000001192092896,0.699999988079071,-0.28989900192092893,0.45103733207907104,0.30000001192092896,-0.30000001192092896,0.30000001192092896,-0.16666667892092896,-0.293398235525238
1.2999999523162842,0.5423737802170105,-0.30000001192092896,0.3103092908859253,0.5136752128976746,-0.30000001192092896,-0.30000001192092896,-0.30000001192092896,-0.30000001192092896,-0.30000001192092896,-0.30000001192092896,0.30000001192092896,-0.30000001192092896,0.30000001192092896,-0.30000001192092896,-0.29990088312523805
1.2999999523162842,0.3036354812170105,-0.30000001192092896,0.3103092908859253,0.3170940158976746,-0.30000001192092896,0.240322569079071,0.376767665079071,-0.30000001192092896,-0.30000001192092896,-0.30000001192092896,0.30000001192092896,-0.30000001192092896,0.30000001192092896,-0.30000001192092896,-0.268751464525238
1.2999999523162842,0.4224137672170105,-0.30000001192092896,0.3103092908859253,0.5307692298976746,-0.30000001192092896,-0.30000001192092896,-0.30000001192092896,-0.30000001192092896,-0.30000001192092896,-0.30000001192092896,0.30000001192092896,-0.295850633920929,1.003730975920929,-0.30000001192092896,-0.299358016525238
1.2999999523162842,0.39149407321701046,-0.30000001192092896,0.3103092908859253,0.3940170928976746,-0.30000001192092896,-0.30000001192092896,-0.30000001192092896,-0.30000001192092896,-0.30000001192092896,-0.30000001192092896,0.30000001192092896,-0.30000001192092896,0.30000001192092896,-0.30000001192092896,-0.29986850652523805
1.2999999523162842,0.4224137672170105,-0.30000001192092896,0.3103092908859253,0.5136752128976746,-0.30000001192092896,-0.30000001192092896,-0.30000001192092896,0.699999988079071,-0.30000001192092896,-0.30000001192092896,0.30000001192092896,-0.30000001192092896,0.30000001192092896,-0.30000001192092896,-0.299900661325238
1.2999999523162842,0.3618279022170105,-0.30000001192092896,0.3103092908859253,0.4709401698976746,-0.30000001192092896,-0.30000001192092896,-0.30000001192092896,-0.30000001192092896,-0.30000001192092896,-0.30000001192092896,0.30000001192092896,-0.30000001192092896,0.30000001192092896,-0.30000001192092896,-0.299870723525238
1.2999999523162842,0.5135954942170105,-0.30000001192092896,0.3103092908859253,0.5222222208976746,-0.30000001192092896,-0.30000001192092896,-0.30000001192092896,-0.30000001192092896,-0.30000001192092896,-0.30000001192092896,0.30000001192092896,-0.30000001192092896,0.30000001192092896,-0.30000001192092896,-0.299900661325238
1.2999999523162842,0.5129896362170105,-0.30000001192092896,0.3103092908859253,0.5051282038976745,-0.30000001192092896,-0.30000001192092896,-0.30000001192092896,-0.30000001192092896,-0.30000001192092896,-0.30000001192092896,0.30000001192092896,-0.295850633920929,0.7089505379209289,-0.30000001192092896,-0.299292375525238
1.2999999523162842,0.48327378321701053,-0.30000001192092896,0.3103092908859253,0.5222222208976746,-0.30000001192092896,-0.30000001192092896,-0.30000001192092896,-0.30000001192092896,-0.30000001192092896,-0.30000001192092896,0.30000001192092896,-0.30000001192092896,0.30000001192092896,-0.30000001192092896,-0.29990043962523805
1.2999999523162842,0.3021211372170105,-0.30000001192092896,0.3103092908859253,0.33418803289767457,-0.30000001192092896,-0.13064517292092895,-0.28989900192092893,-0.30000001192092896,-0.30000001192092896,-0.30000001192092896,1.072058835920929,-0.17966806192092896,0.831649561920929,-0.30000001192092896,-0.25819638752523805
1.2999999523162842,0.3336285132170105,-0.30000001192092896,0.3103092908859253,0.33418803289767457,-0.30000001192092896,-0.16290323792092895,-0.28989900192092893,-0.30000001192092896,-0.30000001192092896,-0.30000001192092896,1.038636375920929,-0.30000001192092896,0.30000001192092896,-0.30000001192092896,-0.29984366952523805
1.2999999523162842,1.0576565652170105,-0.30000001192092896,0.3103092908859253,0.3769230758976746,-0.30000001192092896,-0.30000001192092896,-0.30000001192092896,-0.30000001192092896,-0.30000001192092896,-0.30000001192092896,0.30000001192092896,-0.30000001192092896,0.30000001192092896,-0.30000001192092896,-0.299904431225238
1.2999999523162842,0.3302932622170105,-0.30000001192092896,0.3103092908859253,0.2999999988976746,-0.30000001192092896,-0.30000001192092896,-0.30000001192092896,-0.30000001192092896,-0.30000001192092896,-0.30000001192092896,0.30000001192092896,-0.29170125692092896,0.990216424920929,-0.30000001192092896,-0.295952237525238
1.2999999523162842,0.3609191142170105,-0.30000001192092896,0.3103092908859253,0.33418803289767457,-0.30000001192092896,-0.30000001192092896,-0.30000001192092896,-0.30000001192092896,-0.30000001192092896,-0.30000001192092896,0.30000001192092896,-0.30000001192092896,0.30000001192092896,-0.30000001192092896,-0.29943629752523804
1.2999999523162842,0.3021438572170105,-0.30000001192092896,0.3103092908859253,0.3683760668976746,-0.30000001192092896,-0.21129033492092897,-0.18888890092092897,-0.30000001192092896,-0.30000001192092896,-0.30000001192092896,0.30000001192092896,-0.30000001192092896,0.30000001192092896,-0.30000001192092896,-0.29983989952523804
1.2999999523162842,0.42180790821701053,-0.30000001192092896,0.3103092908859253,0.5222222208976746,-0.30000001192092896,-0.30000001192092896,-0.30000001192092896,-0.30000001192092896,-0.30000001192092896,-0.30000001192092896,0.30000001192092896,-0.30000001192092896,0.30000001192092896,-0.30000001192092896,-0.299870945525238
1.2999999523162842,0.3042564862170105,-0.30000001192092896,0.3103092908859253,0.34273504189767456,-0.30000001192092896,-0.23548388292092895,-0.28989900192092893,-0.30000001192092896,-0.30000001192092896,-0.30000001192092896,0.893582899920929,-0.30000001192092896,0.30000001192092896,-0.30000001192092896,-0.29984034252523806
1.2999999523162842,0.4521008412170105,-0.30000001192092896,0.3103092908859253,0.38547008389767456,-0.30000001192092896,-0.29193549592092893,-0.28989900192092893,-0.30000001192092896,-0.30000001192092896,-0.30000001192092896,0.4564171239209289,0.670954345079071,0.927652313920929,-0.30000001192092896,-0.24494360952523803
0.2999999523162842,0.3306261812170105,-0.30000001192092896,0.3000000128859253,0.33418803289767457,-0.30000001192092896,-0.30000001192092896,-0.30000001192092896,-0.30000001192092896,0.06363635207907103,-0.27095436892092895,0.816042792920929,-0.27095436892092895,0.7939963459209289,-0.30000001192092896,-0.280421325525238
1.2999999523162842,0.4517979122170105,-0.30000001192092896,0.3103092908859253,0.5222222208976746,-0.30000001192092896,-0.30000001192092896,-0.30000001192092896,-0.30000001192092896,-0.30000001192092896,-0.30000001192092896,0.30000001192092896,-0.30000001192092896,0.30000001192092896,-0.30000001192092896,-0.29939970752523803
1.2999999523162842,0.3908803392170105,-0.30000001192092896,0.3103092908859253,0.3598290588976746,-0.30000001192092896,-0.18709678592092896,-0.15858587092092896,-0.30000001192092896,-0.30000001192092896,-0.30000001192092896,0.30000001192092896,-0.30000001192092896,0.30000001192092896,-0.30000001192092896,-0.29985253952523805
1.2999999523162842,0.4817879152170105,-0.30000001192092896,0.3103092908859253,0.5222222208976746,-0.30000001192092896,-0.30000001192092896,-0.30000001192092896,-0.30000001192092896,-0.30000001192092896,-0.30000001192092896,0.30000001192092896,-0.30000001192092896,0.30000001192092896,-0.30000001192092896,-0.29914889752523804
1.2999999523162842,0.48239377421701046,-0.30000001192092896,0.3103092908859253,0.5136752128976746,-0.30000001192092896,-0.30000001192092896,-0.30000001192092896,-0.30000001192092896,-0.30000001192092896,-0.30000001192092896,0.30000001192092896,-0.30000001192092896,0.30000001192092896,-0.30000001192092896,-0.299507482525238
1.2999999523162842,0.3306128522170105,-0.30000001192092896,0.3103092908859253,0.33418803289767457,-0.30000001192092896,-0.07419355992092896,-0.28989900192092893,-0.30000001192092896,-0.30000001192092896,-0.30000001192092896,1.104812845920929,-0.22946059292092896,0.940819772920929,-0.30000001192092896,-0.24912377252523804
1.2999999523162842,0.3030514332170105,-0.30000001192092896,0.3103092908859253,0.34273504189767456,-0.30000001192092896,-0.16290323792092895,-0.28989900192092893,-0.30000001192092896,-0.30000001192092896,-0.30000001192092896,1.038636375920929,-0.30000001192092896,0.30000001192092896,-0.30000001192092896,-0.29984034252523806
1.2999999523162842,0.3609097232170105,-0.30000001192092896,0.6505154768859254,0.44529914389767455,-0.30000001192092896,-0.30000001192092896,-0.30000001192092896,-0.30000001192092896,-0.30000001192092896,-0.30000001192092896,0.30000001192092896,-0.24605810292092894,0.765188056920929,-0.30000001192092896,-0.29504036352523805
1.2999999523162842,0.4521008412170105,-0.30000001192092896,0.3103092908859253,0.5222222208976746,-0.30000001192092896,-0.30000001192092896,-0.30000001192092896,-0.30000001192092896,-0.30000001192092896,-0.30000001192092896,0.30000001192092896,-0.30000001192092896,0.30000001192092896,-0.30000001192092896,-0.29932763552523806
1.2999999523162842,0.4517691332170105,-0.30000001192092896,0.3103092908859253,0.5222222208976746,-0.30000001192092896,-0.30000001192092896,-0.30000001192092896,-0.30000001192092896,-0.30000001192092896,-0.30000001192092896,0.30000001192092896,-0.30000001192092896,0.30000001192092896,-0.30000001192092896,-0.299899996525238
1.2999999523162842,0.4236036732170105,-0.30000001192092896,0.3103092908859253,0.3598290588976746,-0.30000001192092896,-0.21129033492092897,-0.28989900192092893,-0.30000001192092896,-0.30000001192092896,-0.30000001192092896,0.961764717920929,-0.30000001192092896,0.30000001192092896,-0.30000001192092896,-0.299856087525238
1.2999999523162842,0.5429796392170105,-0.30000001192092896,0.3103092908859253,0.5222222208976746,-0.30000001192092896,-0.30000001192092896,-0.30000001192092896,-0.30000001192092896,-0.30000001192092896,-0.30000001192092896,0.30000001192092896,-0.30000001192092896,0.30000001192092896,-0.30000001192092896,-0.299900661325238
1.2999999523162842,0.4530096292170105,-0.30000001192092896,0.3103092908859253,0.3683760668976746,-0.30000001192092896,-0.23548388292092895,-0.21919193092092895,-0.30000001192092896,-0.30000001192092896,-0.30000001192092896,0.30000001192092896,-0.30000001192092896,0.30000001192092896,-0.30000001192092896,-0.299856087525238
1.2999999523162842,0.4524037702170105,-0.30000001192092896,0.3103092908859253,0.5222222208976746,-0.30000001192092896,-0.30000001192092896,-0.30000001192092896,-0.30000001192092896,-0.30000001192092896,-0.30000001192092896,0.30000001192092896,-0.30000001192092896,0.30000001192092896,-0.30000001192092896,-0.29882291152523804
1.2999999523162842,0.8150101742170105,-0.30000001192092896,0.3103092908859253,0.3769230758976746,-0.30000001192092896,-0.30000001192092896,-0.30000001192092896,-0.30000001192092896,-0.30000001192092896,-0.30000001192092896,0.30000001192092896,-0.30000001192092896,0.30000001192092896,-0.30000001192092896,-0.29990465302523805
1.2999999523162842,0.4212020502170105,-0.30000001192092896,0.3103092908859253,0.5136752128976746,-0.30000001192092896,-0.30000001192092896,-0.30000001192092896,-0.30000001192092896,-0.30000001192092896,-0.30000001192092896,0.30000001192092896,-0.2875518789209289,1.044382434920929,-0.30000001192092896,-0.29943541052523803
1.2999999523162842,0.3318272962170105,-0.30000001192092896,0.3103092908859253,0.3512820498976746,-0.30000001192092896,-0.26774194692092895,-0.259595971920929,-0.30000001192092896,-0.30000001192092896,-0.30000001192092896,0.30000001192092896,-0.30000001192092896,0.30000001192092896,-0.30000001192092896,-0.29984566552523806
1.2999999523162842,0.4833025622170105,-0.30000001192092896,0.3103092908859253,0.5222222208976746,-0.30000001192092896,-0.30000001192092896,-0.30000001192092896,-0.30000001192092896,-0.30000001192092896,-0.30000001192092896,0.30000001192092896,-0.30000001192092896,0.30000001192092896,-0.30000001192092896,-0.29943541052523803
1.2999999523162842,0.3608982112170105,-0.30000001192092896,0.4030927968859253,0.5393162378976746,-0.30000001192092896,-0.30000001192092896,-0.30000001192092896,-0.30000001192092896,-0.30000001192092896,-0.30000001192092896,0.30000001192092896,-0.24605810292092894,1.173585533920929,-0.30000001192092896,-0.263988740525238
1.2999999523162842,0.3048484102170105,-0.30000001192092896,0.3103092908859253,0.38547008389767456,-0.30000001192092896,-0.18709678592092896,-0.28989900192092893,-0.30000001192092896,-0.30000001192092896,-0.30000001192092896,0.797994663920929,-0.30000001192092896,0.30000001192092896,-0.30000001192092896,-0.29984012152523803
1.2999999523162842,0.3909091172170105,-0.30000001192092896,0.3103092908859253,0.3769230758976746,-0.30000001192092896,-0.29193549592092893,-0.28989900192092893,-0.30000001192092896,-0.30000001192092896,-0.30000001192092896,0.396925145920929,0.30165973907907107,0.765188056920929,-0.30000001192092896,-0.28573356952523804
1.2999999523162842,0.3309172962170105,-0.30000001192092896,0.3103092908859253,0.34273504189767456,-0.30000001192092896,-0.21129033492092897,-0.18888890092092897,-0.30000001192092896,-0.30000001192092896,-0.30000001192092896,0.30000001192092896,-0.30000001192092896,0.30000001192092896,-0.30000001192092896,-0.29983923452523803
1.2999999523162842,0.3915149762170105,-0.30000001192092896,0.3103092908859253,0.5051282038976745,-0.30000001192092896,-0.30000001192092896,-0.30000001192092896,-0.30000001192092896,-0.30000001192092896,-0.30000001192092896,0.30000001192092896,-0.30000001192092896,0.30000001192092896,-0.30000001192092896,-0.299900661325238
1.2999999523162842,0.4520793332170105,-0.30000001192092896,0.3103092908859253,0.4282051268976746,-0.30000001192092896,-0.30000001192092896,-0.30000001192092896,-0.30000001192092896,-0.30000001192092896,-0.30000001192092896,0.30000001192092896,-0.30000001192092896,0.30000001192092896,-0.30000001192092896,-0.299870058525238
1.2999999523162842,0.45149498221701045,-0.30000001192092896,0.3103092908859253,0.5222222208976746,-0.30000001192092896,-0.30000001192092896,-0.30000001192092896,-0.30000001192092896,-0.30000001192092896,-0.30000001192092896,0.30000001192092896,-0.30000001192092896,0.30000001192092896,-0.30000001192092896,-0.299896891525238
1.2999999523162842,0.3621308312170105,-0.30000001192092896,0.3103092908859253,0.4111111098976746,-0.30000001192092896,-0.28387097992092897,-0.27979799192092897,-0.30000001192092896,-0.30000001192092896,-0.30000001192092896,0.30000001192092896,-0.30000001192092896,0.30000001192092896,-0.30000001192092896,-0.29986296252523803
1.2999999523162842,0.5423737802170105,-0.30000001192092896,0.3103092908859253,0.5136752128976746,-0.30000001192092896,-0.30000001192092896,-0.30000001192092896,-0.30000001192092896,-0.30000001192092896,-0.30000001192092896,0.30000001192092896,-0.30000001192092896,0.30000001192092896,-0.30000001192092896,-0.29990043962523805
1.2999999523162842,0.3045557802170105,-0.30000001192092896,0.3103092908859253,0.33418803289767457,-0.30000001192092896,-0.17096775392092894,-0.13838384992092895,-0.30000001192092896,-0.30000001192092896,-0.30000001192092896,0.30000001192092896,-0.30000001192092896,0.30000001192092896,-0.30000001192092896,-0.29983967752523805
1.2999999523162842,0.3342495192170105,-0.30000001192092896,0.3103092908859253,0.34273504189767456,-0.30000001192092896,-0.16290323792092895,-0.12828283992092895,-0.30000001192092896,-0.30000001192092896,-0.30000001192092896,0.30000001192092896,-0.30000001192092896,0.30000001192092896,-0.30000001192092896,-0.29984366952523805
1.2999999523162842,0.3303150722170105,-0.30000001192092896,0.3103092908859253,0.3683760668976746,-0.30000001192092896,-0.30000001192092896,-0.30000001192092896,-0.30000001192092896,-0.30000001192092896,-0.30000001192092896,0.30000001192092896,-0.30000001192092896,0.30000001192092896,-0.30000001192092896,-0.264892631525238
1.2999999523162842,0.4530096292170105,-0.30000001192092896,0.3103092908859253,0.5222222208976746,-0.30000001192092896,-0.30000001192092896,-0.30000001192092896,-0.30000001192092896,-0.30000001192092896,-0.30000001192092896,0.30000001192092896,-0.30000001192092896,0.30000001192092896,-0.30000001192092896,-0.29918504452523803
1.2999999523162842,0.3909091172170105,-0.30000001192092896,0.3103092908859253,0.3598290588976746,-0.30000001192092896,-0.25161291492092897,-0.23939395092092897,-0.30000001192092896,-0.30000001192092896,-0.30000001192092896,0.30000001192092896,-0.30000001192092896,0.30000001192092896,-0.30000001192092896,-0.282783505525238
1.2999999523162842,1.1785241542170106,-0.30000001192092896,0.3103092908859253,0.3769230758976746,-0.30000001192092896,-0.30000001192092896,-0.30000001192092896,-0.30000001192092896,-0.30000001192092896,-0.30000001192092896,0.30000001192092896,-0.30000001192092896,0.30000001192092896,-0.30000001192092896,-0.299797321525238
1.2999999523162842,0.3348520452170105,-0.30000001192092896,0.3103092908859253,0.3256410248976746,-0.30000001192092896,-0.16290323792092895,-0.28989900192092893,-0.30000001192092896,-0.30000001192092896,-0.30000001192092896,1.037967925920929,-0.14232366292092896,0.9899074149209289,-0.30000001192092896,-0.251771356525238
1.2999999523162842,0.3321408282170105,-0.30000001192092896,0.3103092908859253,0.38547008389767456,-0.30000001192092896,-0.30000001192092896,-0.30000001192092896,-0.30000001192092896,-0.30000001192092896,-0.30000001192092896,0.30000001192092896,-0.30000001192092896,0.30000001192092896,-0.30000001192092896,-0.299870945525238
1.2999999523162842,1.0573536352170105,-0.30000001192092896,0.3103092908859253,0.3769230758976746,-0.30000001192092896,-0.30000001192092896,-0.30000001192092896,-0.30000001192092896,-0.30000001192092896,-0.30000001192092896,0.30000001192092896,-0.283402501920929,1.104964719920929,-0.30000001192092896,-0.29937376152523804
1.2999999523162842,0.9667777672170105,-0.30000001192092896,0.3103092908859253,0.3769230758976746,-0.30000001192092896,-0.30000001192092896,-0.30000001192092896,-0.30000001192092896,-0.30000001192092896,-0.30000001192092896,0.30000001192092896,-0.30000001192092896,0.30000001192092896,-0.30000001192092896,-0.299833246525238
1.2999999523162842,0.3027339632170105,-0.30000001192092896,0.3103092908859253,0.33418803289767457,-0.30000001192092896,-0.13064517292092895,-0.28989900192092893,-0.30000001192092896,-0.30000001192092896,-0.30000001192092896,1.072058835920929,-0.30000001192092896,0.30000001192092896,-0.30000001192092896,-0.29983945552523805
1.2999999523162842,0.4230196262170105,-0.30000001192092896,0.3103092908859253,0.5307692298976746,-0.30000001192092896,-0.30000001192092896,-0.30000001192092896,-0.30000001192092896,-0.30000001192092896,-0.30000001192092896,0.30000001192092896,-0.30000001192092896,0.30000001192092896,-0.30000001192092896,-0.299896891525238
1.2999999523162842,0.5426767102170105,-0.30000001192092896,0.3103092908859253,0.3769230758976746,-0.30000001192092896,-0.30000001192092896,-0.30000001192092896,-0.30000001192092896,-0.30000001192092896,-0.30000001192092896,0.30000001192092896,-0.30000001192092896,0.30000001192092896,-0.30000001192092896,-0.29990465302523805
1.2999999523162842,0.3027551682170105,-0.30000001192092896,0.3103092908859253,0.3256410248976746,-0.30000001192092896,-0.08225807692092896,-0.28989900192092893,-0.30000001192092896,-0.30000001192092896,-0.30000001192092896,1.112165786920929,-0.30000001192092896,0.30000001192092896,-0.30000001192092896,-0.29983856852523805
1.2999999523162842,0.3315349692170105,-0.30000001192092896,0.3103092908859253,0.34273504189767456,-0.30000001192092896,-0.17903226992092897,-0.28989900192092893,-0.30000001192092896,-0.30000001192092896,-0.30000001192092896,1.0152406539209289,-0.13402490792092894,0.888830948920929,-0.30000001192092896,-0.250548575525238
1.2999999523162842,0.39242376421701053,-0.30000001192092896,0.3103092908859253,0.33418803289767457,-0.30000001192092896,-0.25967743092092893,-0.24949496092092896,-0.30000001192092896,-0.30000001192092896,-0.30000001192092896,0.30000001192092896,-0.30000001192092896,0.30000001192092896,-0.30000001192092896,-0.29983701652523803
1.2999999523162842,0.3033483042170105,-0.30000001192092896,0.3103092908859253,0.3683760668976746,-0.30000001192092896,-0.19516130192092895,-0.16868688092092896,-0.30000001192092896,-0.30000001192092896,-0.30000001192092896,0.30000001192092896,-0.30000001192092896,0.30000001192092896,-0.30000001192092896,-0.29983967752523805
1.2999999523162842,0.4520990232170105,-0.30000001192092896,0.3103092908859253,0.5222222208976746,-0.30000001192092896,-0.30000001192092896,-0.30000001192092896,-0.30000001192092896,-0.30000001192092896,-0.30000001192092896,0.30000001192092896,-0.30000001192092896,0.30000001192092896,-0.30000001192092896,-0.29961193052523805
1.2999999523162842,0.5741719692170104,-0.30000001192092896,0.3103092908859253,0.5307692298976746,-0.30000001192092896,-0.30000001192092896,-0.30000001192092896,-0.30000001192092896,-0.30000001192092896,-0.30000001192092896,0.30000001192092896,-0.30000001192092896,0.30000001192092896,-0.30000001192092896,-0.29990088312523805
1.2999999523162842,0.3912120462170105,-0.30000001192092896,0.3103092908859253,0.3598290588976746,-0.30000001192092896,-0.26774194692092895,-0.28989900192092893,-0.30000001192092896,-0.30000001192092896,-0.30000001192092896,0.7278074989209289,-0.30000001192092896,0.30000001192092896,-0.30000001192092896,-0.299856087525238
1.2999999523162842,0.3036572922170105,-0.30000001192092896,0.3103092908859253,0.3256410248976746,-0.30000001192092896,-0.15483872192092896,-0.11818182992092896,-0.30000001192092896,-0.30000001192092896,-0.30000001192092896,0.30000001192092896,-0.30000001192092896,0.30000001192092896,-0.30000001192092896,-0.29983989952523804
1.2999999523162842,0.3006298162170105,-0.30000001192092896,0.3103092908859253,0.33418803289767457,-0.30000001192092896,-0.13064517292092895,-0.08787879992092895,-0.30000001192092896,-0.30000001192092896,-0.30000001192092896,0.30000001192092896,-0.30000001192092896,0.30000001192092896,-0.30000001192092896,-0.29983834652523805
1.2999999523162842,0.5423737802170105,-0.30000001192092896,0.3103092908859253,0.5051282038976745,-0.30000001192092896,-0.30000001192092896,-0.30000001192092896,-0.30000001192092896,-0.30000001192092896,-0.30000001192092896,0.30000001192092896,-0.295850633920929,0.8156024129209289,-0.30000001192092896,-0.29952943652523806
1.2999999523162842,0.30123900721701047,-0.30000001192092896,0.3103092908859253,0.33418803289767457,-0.30000001192092896,-0.27580646392092895,-0.28989900192092893,-0.30000001192092896,-0.30000001192092896,-0.30000001192092896,0.6629679259209289,-0.30000001192092896,0.30000001192092896,-0.30000001192092896,-0.29984078652523805
1.2999999523162842,0.4221108382170105,-0.30000001192092896,0.3103092908859253,0.4025641018976746,-0.30000001192092896,-0.28387097992092897,-0.28989900192092893,-0.30000001192092896,-0.30000001192092896,-0.30000001192092896,0.575401081920929,-0.30000001192092896,0.30000001192092896,-0.30000001192092896,-0.27583578652523805
1.2999999523162842,0.3330432542170105,-0.30000001192092896,0.3103092908859253,0.3256410248976746,-0.30000001192092896,0.03870966507907103,0.12424241207907105,-0.30000001192092896,-0.30000001192092896,-0.30000001192092896,0.30000001192092896,-0.30000001192092896,0.30000001192092896,-0.30000001192092896,-0.29984189552523804
1.2999999523162842,0.5426767102170105,-0.30000001192092896,0.3103092908859253,0.5307692298976746,-0.30000001192092896,-0.30000001192092896,-0.30000001192092896,-0.30000001192092896,-0.30000001192092896,-0.30000001192092896,0.30000001192092896,-0.283402501920929,1.124763670920929,-0.30000001192092896,-0.29864195552523803
1.2999999523162842,0.3312147732170105,-0.30000001192092896,0.3103092908859253,0.33418803289767457,-0.30000001192092896,-0.16290323792092895,-0.12828283992092895,-0.30000001192092896,-0.30000001192092896,-0.30000001192092896,0.30000001192092896,-0.30000001192092896,0.30000001192092896,-0.30000001192092896,-0.29984056452523805
1.2999999523162842,0.3327427482170105,-0.30000001192092896,0.4649484668859253,0.5393162378976746,-0.30000001192092896,-0.30000001192092896,-0.30000001192092896,0.699999988079071,-0.30000001192092896,-0.30000001192092896,0.30000001192092896,-0.24605810292092894,0.7354971079209289,-0.30000001192092896,-0.23758341852523804
1.2999999523162842,0.36061618421701047,-0.30000001192092896,0.3103092908859253,0.34273504189767456,-0.30000001192092896,-0.26774194692092895,-0.259595971920929,-0.30000001192092896,-0.30000001192092896,-0.30000001192092896,0.30000001192092896,-0.30000001192092896,0.30000001192092896,-0.30000001192092896,-0.29986651052523805
1.2999999523162842,0.3621059912170105,-0.30000001192092896,0.3103092908859253,0.3598290588976746,-0.30000001192092896,-0.25161291492092897,-0.23939395092092897,-0.30000001192092896,-0.30000001192092896,-0.30000001192092896,0.30000001192092896,-0.30000001192092896,0.30000001192092896,-0.30000001192092896,-0.299845886525238
1.2999999523162842,0.5129896362170105,-0.30000001192092896,0.3103092908859253,0.5051282038976745,-0.30000001192092896,-0.30000001192092896,-0.30000001192092896,-0.30000001192092896,-0.30000001192092896,-0.30000001192092896,0.30000001192092896,-0.29170125692092896,1.014219106920929,-0.30000001192092896,-0.29877057652523803
1.2999999523162842,0.45149498221701045,-0.30000001192092896,0.3103092908859253,0.5051282038976745,-0.30000001192092896,-0.30000001192092896,-0.30000001192092896,-0.30000001192092896,-0.30000001192092896,-0.30000001192092896,0.30000001192092896,-0.30000001192092896,0.30000001192092896,-0.30000001192092896,-0.29990088312523805
1.2999999523162842,0.3024401222170105,-0.30000001192092896,0.4649484668859253,0.5393162378976746,-0.30000001192092896,-0.30000001192092896,-0.30000001192092896,0.699999988079071,-0.30000001192092896,-0.30000001192092896,0.43502674992092893,-0.24605810292092894,1.102917921920929,-0.30000001192092896,-0.24532126552523803
0.2999999523162842,0.3051631532170105,-0.11714872492092895,0.3000000128859253,0.3256410248976746,0.699999988079071,-0.30000001192092896,-0.30000001192092896,0.699999988079071,-0.18888890092092897,-0.30000001192092896,0.30000001192092896,-0.30000001192092896,0.30000001192092896,-0.16666667892092896,-0.29748947252523805
1.2999999523162842,1.0876465682170104,-0.30000001192092896,0.3103092908859253,0.3769230758976746,-0.30000001192092896,-0.30000001192092896,-0.30000001192092896,-0.30000001192092896,-0.30000001192092896,-0.30000001192092896,0.30000001192092896,-0.30000001192092896,0.30000001192092896,-0.30000001192092896,-0.29968976852523804
1.2999999523162842,0.45207539521701046,-0.30000001192092896,0.3103092908859253,0.3256410248976746,-0.30000001192092896,-0.20322581792092898,-0.17878789092092895,-0.30000001192092896,-0.30000001192092896,-0.30000001192092896,0.30000001192092896,-0.30000001192092896,0.30000001192092896,-0.30000001192092896,-0.29986185352523803
1.2999999523162842,0.4211908412170105,-0.30000001192092896,0.4340206318859253,0.5393162378976746,-0.30000001192092896,-0.30000001192092896,-0.30000001192092896,-0.30000001192092896,-0.30000001192092896,-0.30000001192092896,0.30000001192092896,-0.24605810292092894,0.913875549920929,-0.30000001192092896,-0.294844993525238
1.2999999523162842,0.3045500242170105,-0.30000001192092896,0.3103092908859253,0.3085470078976746,-0.30000001192092896,0.44999998807907104,0.6393939270790711,-0.30000001192092896,-0.30000001192092896,-0.30000001192092896,0.309358300920929,-0.30000001192092896,0.30000001192092896,-0.30000001192092896,-0.29983923452523803
1.2999999523162842,0.3912038672170105,-0.30000001192092896,0.4134020748859253,0.5393162378976746,-0.30000001192092896,-0.30000001192092896,-0.30000001192092896,-0.30000001192092896,-0.30000001192092896,-0.30000001192092896,0.30000001192092896,-0.24605810292092894,0.973676295920929,-0.30000001192092896,-0.29512662752523805
1.2999999523162842,0.33031567821701047,-0.30000001192092896,0.4134020748859253,0.5393162378976746,-0.30000001192092896,-0.30000001192092896,-0.30000001192092896,0.699999988079071,-0.30000001192092896,-0.30000001192092896,0.574064182920929,-0.24605810292092894,0.9714153699209289,-0.30000001192092896,-0.25956641652523804
1.2999999523162842,0.3915149762170105,-0.30000001192092896,0.3103092908859253,0.34273504189767456,-0.30000001192092896,-0.26774194692092895,-0.28989900192092893,-0.30000001192092896,-0.30000001192092896,-0.30000001192092896,0.7278074989209289,-0.30000001192092896,0.30000001192092896,-0.30000001192092896,-0.299855200525238
0.2999999523162842,0.3018382012170105,-0.23257130792092895,0.3000000128859253,0.3256410248976746,0.699999988079071,-0.30000001192092896,-0.30000001192092896,0.699999988079071,-0.27979799192092897,-0.10082988792092895,0.30000001192092896,-0.30000001192092896,0.30000001192092896,-0.23333334492092894,-0.298146545525238
1.2999999523162842,0.4230047822170105,-0.30000001192092896,0.3103092908859253,0.5051282038976745,-0.30000001192092896,-0.30000001192092896,-0.30000001192092896,-0.30000001192092896,-0.30000001192092896,-0.30000001192092896,0.30000001192092896,-0.30000001192092896,0.30000001192092896,-0.30000001192092896,-0.29127777352523804
1.2999999523162842,0.4224137672170105,-0.30000001192092896,0.3103092908859253,0.5136752128976746,-0.30000001192092896,-0.30000001192092896,-0.30000001192092896,-0.30000001192092896,-0.30000001192092896,-0.30000001192092896,0.30000001192092896,-0.30000001192092896,0.30000001192092896,-0.30000001192092896,-0.299901104925238
1.2999999523162842,0.9667777672170105,-0.30000001192092896,0.3103092908859253,0.3769230758976746,-0.30000001192092896,-0.30000001192092896,-0.30000001192092896,-0.30000001192092896,-0.30000001192092896,-0.30000001192092896,0.30000001192092896,-0.30000001192092896,0.30000001192092896,-0.30000001192092896,-0.299833246525238
1.2999999523162842,0.5726667132170105,-0.30000001192092896,0.3103092908859253,0.4965811958976746,-0.30000001192092896,-0.30000001192092896,-0.30000001192092896,-0.30000001192092896,-0.30000001192092896,-0.30000001192092896,0.30000001192092896,-0.30000001192092896,0.30000001192092896,-0.30000001192092896,-0.29990088312523805
1.2999999523162842,0.3333355812170105,-0.30000001192092896,0.3103092908859253,0.34273504189767456,-0.30000001192092896,-0.11451614092092896,-0.28989900192092893,-0.30000001192092896,-0.30000001192092896,-0.30000001192092896,1.0647058939209288,-0.20456432692092896,0.920659170920929,-0.30000001192092896,-0.24497997752523804
1.2999999523162842,0.4517909442170105,-0.30000001192092896,0.3103092908859253,0.5222222208976746,-0.30000001192092896,-0.30000001192092896,-0.30000001192092896,-0.30000001192092896,-0.30000001192092896,-0.30000001192092896,0.30000001192092896,-0.30000001192092896,0.30000001192092896,-0.30000001192092896,-0.29939992852523806
1.2999999523162842,0.3915149762170105,-0.30000001192092896,0.3103092908859253,0.3940170928976746,-0.30000001192092896,-0.29193549592092893,-0.28989900192092893,-0.30000001192092896,-0.30000001192092896,-0.30000001192092896,0.4610962689209289,-0.30000001192092896,0.30000001192092896,-0.30000001192092896,-0.29986274052523804
1.2999999523162842,0.3612041702170105,-0.30000001192092896,0.3103092908859253,0.34273504189767456,-0.30000001192092896,-0.19516130192092895,-0.16868688092092896,-0.30000001192092896,-0.30000001192092896,-0.30000001192092896,0.30000001192092896,-0.30000001192092896,0.30000001192092896,-0.30000001192092896,-0.29985231752523805
1.2999999523162842,0.4826682282170105,-0.30000001192092896,0.3103092908859253,0.5051282038976745,-0.30000001192092896,-0.30000001192092896,-0.30000001192092896,-0.30000001192092896,-0.30000001192092896,-0.30000001192092896,0.30000001192092896,-0.30000001192092896,0.30000001192092896,-0.30000001192092896,-0.291272229525238
1.2999999523162842,0.4212020502170105,-0.30000001192092896,0.3103092908859253,0.5222222208976746,-0.30000001192092896,-0.30000001192092896,-0.30000001192092896,-0.30000001192092896,-0.30000001192092896,-0.30000001192092896,0.30000001192092896,-0.30000001192092896,0.30000001192092896,-0.30000001192092896,-0.29965051652523805
1.2999999523162842,0.3051783002170105,-0.30000001192092896,0.3103092908859253,0.3170940158976746,-0.30000001192092896,-0.13064517292092895,-0.08787879992092895,-0.30000001192092896,-0.30000001192092896,-0.30000001192092896,0.33676471792092894,-0.07178424392092894,1.126473973920929,-0.30000001192092896,-0.258229651525238
1.2999999523162842,0.4829778212170105,-0.30000001192092896,0.3103092908859253,0.3512820498976746,-0.30000001192092896,-0.27580646392092895,-0.26969698192092895,-0.30000001192092896,-0.30000001192092896,-0.30000001192092896,0.30000001192092896,-0.30000001192092896,0.30000001192092896,-0.30000001192092896,-0.299831915525238
1.2999999523162842,0.3318378982170105,-0.30000001192092896,0.3103092908859253,0.38547008389767456,-0.30000001192092896,-0.29193549592092893,-0.28989900192092893,-0.30000001192092896,-0.30000001192092896,-0.30000001192092896,0.44973263192092894,0.15228214607907103,1.077346022920929,-0.30000001192092896,-0.253239846525238
1.2999999523162842,0.39363548121701053,-0.30000001192092896,0.3103092908859253,0.44529914389767455,-0.30000001192092896,-0.29193549592092893,-0.28989900192092893,-0.30000001192092896,-0.30000001192092896,-0.30000001192092896,0.460427818920929,-0.30000001192092896,0.30000001192092896,-0.30000001192092896,-0.299857418525238
1.2999999523162842,0.3333404282170105,-0.30000001192092896,0.3103092908859253,0.3256410248976746,-0.30000001192092896,-0.12258065692092895,-0.28989900192092893,-0.30000001192092896,-0.30000001192092896,-0.30000001192092896,1.059358300920929,-0.30000001192092896,0.30000001192092896,-0.30000001192092896,-0.299843225525238
1.2999999523162842,0.6032425822170104,-0.30000001192092896,0.3103092908859253,0.3769230758976746,-0.30000001192092896,-0.30000001192092896,-0.30000001192092896,-0.30000001192092896,-0.30000001192092896,-0.30000001192092896,0.30000001192092896,-0.30000001192092896,0.30000001192092896,-0.30000001192092896,-0.299783350525238
1.2999999523162842,0.5423737802170105,-0.30000001192092896,0.3103092908859253,0.5136752128976746,-0.30000001192092896,-0.30000001192092896,-0.30000001192092896,-0.30000001192092896,-0.30000001192092896,-0.30000001192092896,0.30000001192092896,-0.30000001192092896,0.30000001192092896,-0.30000001192092896,-0.29943585352523805
1.2999999523162842,0.42150497921701047,-0.30000001192092896,0.3103092908859253,0.33418803289767457,-0.30000001192092896,-0.28387097992092897,-0.27979799192092897,-0.30000001192092896,-0.30000001192092896,-0.30000001192092896,0.30000001192092896,-0.30000001192092896,0.30000001192092896,-0.30000001192092896,-0.299862075525238
1.2999999523162842,0.48177398021701046,-0.30000001192092896,0.3412371258859253,0.5222222208976746,-0.30000001192092896,-0.30000001192092896,-0.30000001192092896,-0.30000001192092896,-0.30000001192092896,-0.30000001192092896,0.30000001192092896,-0.24605810292092894,1.300000011920929,-0.30000001192092896,-0.293597597525238
1.2999999523162842,0.48239377421701046,-0.30000001192092896,0.3103092908859253,0.5136752128976746,-0.30000001192092896,-0.30000001192092896,-0.30000001192092896,-0.30000001192092896,-0.30000001192092896,-0.30000001192092896,0.30000001192092896,-0.30000001192092896,0.30000001192092896,-0.30000001192092896,-0.29990088312523805
1.2999999523162842,0.3321296192170105,-0.30000001192092896,0.3103092908859253,0.3598290588976746,-0.30000001192092896,-0.28387097992092897,-0.28989900192092893,-0.30000001192092896,-0.30000001192092896,-0.30000001192092896,0.575401081920929,0.15643152307907104,0.913875549920929,-0.30000001192092896,-0.23963934952523802
1.2999999523162842,0.3009160842170105,-0.30000001192092896,0.3103092908859253,0.3085470078976746,-0.30000001192092896,0.06290321407907107,-0.28989900192092893,-0.30000001192092896,-0.30000001192092896,-0.30000001192092896,1.142246000920929,-0.24190872592092896,0.860955634920929,-0.30000001192092896,-0.25445087352523804
1.2999999523162842,0.3315349692170105,-0.30000001192092896,0.3103092908859253,0.3769230758976746,-0.30000001192092896,-0.26774194692092895,-0.28989900192092893,-0.30000001192092896,-0.30000001192092896,-0.30000001192092896,0.7278074989209289,-0.30000001192092896,0.30000001192092896,-0.30000001192092896,-0.251235363525238
1.2999999523162842,0.3624337602170105,-0.30000001192092896,0.3103092908859253,0.33418803289767457,-0.30000001192092896,-0.29193549592092893,-0.28989900192092893,-0.30000001192092896,-0.30000001192092896,-0.30000001192092896,0.4610962689209289,-0.30000001192092896,0.30000001192092896,-0.30000001192092896,-0.26202040552523803
1.2999999523162842,0.3003317342170105,-0.30000001192092896,0.3103092908859253,0.3256410248976746,-0.30000001192092896,-0.26774194692092895,-0.259595971920929,-0.30000001192092896,-0.30000001192092896,-0.30000001192092896,0.7278074989209289,0.363900403079071,0.755274616920929,-0.30000001192092896,-0.24369931852523802
1.2999999523162842,0.5435854982170105,-0.30000001192092896,0.3103092908859253,0.5136752128976746,-0.30000001192092896,-0.30000001192092896,-0.30000001192092896,-0.30000001192092896,-0.30000001192092896,-0.30000001192092896,0.30000001192092896,-0.30000001192092896,0.30000001192092896,-0.30000001192092896,-0.299900661325238
1.2999999523162842,0.48237226621701046,-0.30000001192092896,0.3103092908859253,0.5222222208976746,-0.30000001192092896,-0.29193549592092893,-0.28989900192092893,-0.30000001192092896,-0.30000001192092896,-0.30000001192092896,0.4610962689209289,-0.30000001192092896,0.30000001192092896,-0.30000001192092896,-0.299895117525238
1.2999999523162842,0.3309006352170105,-0.30000001192092896,0.4546391878859253,0.4111111098976746,-0.30000001192092896,-0.28387097992092897,-0.28989900192092893,-0.30000001192092896,-0.30000001192092896,-0.30000001192092896,0.30000001192092896,-0.30000001192092896,0.30000001192092896,-0.30000001192092896,-0.26127928552523805
1.2999999523162842,0.3018263872170105,-0.30000001192092896,0.3103092908859253,0.34273504189767456,-0.30000001192092896,0.07096773007907103,-0.28989900192092893,-0.30000001192092896,-0.30000001192092896,-0.30000001192092896,1.160962578920929,-0.30000001192092896,0.30000001192092896,-0.30000001192092896,-0.29983790352523804
1.2999999523162842,0.3012302222170105,-0.30000001192092896,0.3103092908859253,0.3256410248976746,-0.30000001192092896,-0.08225807692092896,-0.28989900192092893,-0.30000001192092896,-0.30000001192092896,-0.30000001192092896,1.112165786920929,-0.20456432692092896,0.703775702920929,-0.30000001192092896,-0.24557939352523803
1.2999999523162842,0.5123837772170106,-0.30000001192092896,0.3103092908859253,0.3769230758976746,-0.30000001192092896,-0.30000001192092896,-0.30000001192092896,-0.30000001192092896,-0.30000001192092896,-0.30000001192092896,0.30000001192092896,-0.29170125692092896,0.990216424920929,-0.30000001192092896,-0.29982481952523804
1.2999999523162842,0.3036636532170105,-0.30000001192092896,0.3103092908859253,0.33418803289767457,-0.30000001192092896,-0.13870968892092894,-0.28989900192092893,-0.30000001192092896,-0.30000001192092896,-0.30000001192092896,1.062032097920929,-0.14647304092092894,0.7584912959209289,-0.30000001192092896,-0.25255815852523805
1.2999999523162842,0.5123659042170106,-0.30000001192092896,0.3103092908859253,0.5222222208976746,-0.30000001192092896,-0.30000001192092896,-0.30000001192092896,-0.30000001192092896,-0.30000001192092896,-0.30000001192092896,0.30000001192092896,-0.30000001192092896,0.30000001192092896,-0.30000001192092896,-0.29990088312523805
1.2999999523162842,0.5132622722170105,-0.30000001192092896,0.3103092908859253,0.5222222208976746,-0.30000001192092896,-0.30000001192092896,-0.30000001192092896,-0.30000001192092896,-0.30000001192092896,-0.30000001192092896,0.30000001192092896,-0.30000001192092896,0.30000001192092896,-0.30000001192092896,-0.29990088312523805
1.2999999523162842,0.3302935652170105,-0.30000001192092896,0.3103092908859253,0.3683760668976746,-0.30000001192092896,-0.21935485092092893,-0.19898991092092894,-0.30000001192092896,-0.30000001192092896,-0.30000001192092896,0.30000001192092896,-0.30000001192092896,0.30000001192092896,-0.30000001192092896,-0.29983856852523805
1.2999999523162842,0.5126867062170105,-0.30000001192092896,0.3103092908859253,0.5222222208976746,-0.30000001192092896,-0.30000001192092896,-0.30000001192092896,-0.30000001192092896,-0.30000001192092896,-0.30000001192092896,0.30000001192092896,-0.30000001192092896,0.30000001192092896,-0.30000001192092896,-0.299900661325238
1.2999999523162842,0.45149498221701045,-0.30000001192092896,0.3103092908859253,0.5393162378976746,-0.30000001192092896,-0.30000001192092896,-0.30000001192092896,-0.30000001192092896,-0.30000001192092896,-0.30000001192092896,0.30000001192092896,-0.30000001192092896,0.30000001192092896,-0.30000001192092896,-0.299897113525238
1.2999999523162842,0.4826967032170105,-0.30000001192092896,0.3103092908859253,0.5222222208976746,-0.30000001192092896,-0.30000001192092896,-0.30000001192092896,-0.30000001192092896,-0.30000001192092896,-0.30000001192092896,0.30000001192092896,-0.283402501920929,0.798222310920929,-0.30000001192092896,-0.29879696552523805
1.2999999523162842,0.4530096292170105,-0.30000001192092896,0.3103092908859253,0.5307692298976746,-0.30000001192092896,-0.30000001192092896,-0.30000001192092896,-0.30000001192092896,-0.30000001192092896,-0.30000001192092896,0.30000001192092896,-0.295850633920929,0.9832251139209289,-0.30000001192092896,-0.298852183525238
1.2999999523162842,0.8153131032170104,-0.30000001192092896,0.3103092908859253,0.3769230758976746,-0.30000001192092896,-0.30000001192092896,-0.30000001192092896,-0.30000001192092896,-0.30000001192092896,-0.30000001192092896,0.30000001192092896,-0.30000001192092896,0.30000001192092896,-0.30000001192092896,-0.29972569352523803
1.2999999523162842,0.4517703452170105,-0.30000001192092896,0.4134020748859253,0.5393162378976746,-0.30000001192092896,-0.30000001192092896,-0.30000001192092896,-0.30000001192092896,-0.30000001192092896,-0.30000001192092896,0.30000001192092896,-0.24605810292092894,1.088932179920929,-0.30000001192092896,-0.295167874525238
1.2999999523162842,0.3327436572170105,-0.30000001192092896,0.3515464048859253,0.5393162378976746,-0.30000001192092896,-0.30000001192092896,-0.30000001192092896,0.699999988079071,-0.30000001192092896,-0.30000001192092896,0.30000001192092896,-0.24605810292092894,0.746756823920929,-0.30000001192092896,-0.26017514652523804
1.2999999523162842,0.4214937712170105,-0.30000001192092896,0.5164948578859253,0.5393162378976746,-0.30000001192092896,-0.30000001192092896,-0.30000001192092896,-0.30000001192092896,-0.30000001192092896,-0.30000001192092896,0.30000001192092896,-0.24605810292092894,0.913875549920929,-0.30000001192092896,-0.29481128552523805
1.2999999523162842,0.48208145321701046,-0.30000001192092896,0.3103092908859253,0.5051282038976745,-0.30000001192092896,-0.30000001192092896,-0.30000001192092896,-0.30000001192092896,-0.30000001192092896,-0.30000001192092896,0.30000001192092896,-0.295850633920929,0.737751744920929,-0.30000001192092896,-0.299465569525238
1.2999999523162842,0.4521008412170105,-0.30000001192092896,0.3103092908859253,0.5222222208976746,-0.30000001192092896,-0.30000001192092896,-0.30000001192092896,-0.30000001192092896,-0.30000001192092896,-0.30000001192092896,0.30000001192092896,-0.30000001192092896,0.30000001192092896,-0.30000001192092896,-0.299896226525238
1.2999999523162842,0.5135954942170105,-0.30000001192092896,0.3103092908859253,0.5136752128976746,-0.30000001192092896,-0.30000001192092896,-0.30000001192092896,-0.30000001192092896,-0.30000001192092896,-0.30000001192092896,0.30000001192092896,-0.29170125692092896,1.1441927509209289,-0.30000001192092896,-0.29910720652523803
1.2999999523162842,0.4239284142170105,-0.30000001192092896,0.3103092908859253,0.5307692298976746,-0.30000001192092896,-0.30000001192092896,-0.30000001192092896,0.699999988079071,-0.30000001192092896,-0.30000001192092896,0.30000001192092896,-0.30000001192092896,0.30000001192092896,-0.30000001192092896,-0.299894673525238
1.2999999523162842,0.5438884272170105,-0.30000001192092896,0.3103092908859253,0.5222222208976746,-0.30000001192092896,-0.30000001192092896,-0.30000001192092896,-0.30000001192092896,-0.30000001192092896,-0.30000001192092896,0.30000001192092896,-0.2875518789209289,0.917708219920929,-0.30000001192092896,-0.298685198525238
1.2999999523162842,0.3327218462170105,-0.30000001192092896,0.3103092908859253,0.34273504189767456,-0.30000001192092896,-0.14677420592092896,-0.28989900192092893,-0.30000001192092896,-0.30000001192092896,-0.30000001192092896,1.062032097920929,-0.19211619492092896,0.713624865920929,-0.30000001192092896,-0.25501458552523804
1.2999999523162842,0.30274274821701047,-0.30000001192092896,0.3824742398859253,0.3940170928976746,-0.30000001192092896,-0.17903226992092897,-0.28989900192092893,-0.30000001192092896,-0.30000001192092896,-0.30000001192092896,1.009893059920929,-0.0012448249209289775,1.003730975920929,-0.30000001192092896,-0.24283290452523804
1.2999999523162842,0.3039481042170105,-0.30000001192092896,0.3103092908859253,0.3598290588976746,-0.30000001192092896,-0.12258065692092895,-0.28989900192092893,-0.30000001192092896,-0.30000001192092896,-0.30000001192092896,1.0794117769209288,-0.30000001192092896,0.30000001192092896,-0.30000001192092896,-0.29984100852523804
1.2999999523162842,0.5435854982170105,-0.30000001192092896,0.3103092908859253,0.5222222208976746,-0.30000001192092896,-0.30000001192092896,-0.30000001192092896,-0.30000001192092896,-0.30000001192092896,-0.30000001192092896,0.30000001192092896,-0.2875518789209289,0.8893623089209289,-0.30000001192092896,-0.299304572525238
1.2999999523162842,0.4230196262170105,-0.30000001192092896,0.3103092908859253,0.3598290588976746,-0.30000001192092896,-0.27580646392092895,-0.26969698192092895,-0.30000001192092896,-0.30000001192092896,-0.30000001192092896,0.30000001192092896,-0.30000001192092896,0.30000001192092896,-0.30000001192092896,-0.29985475752523805
1.2999999523162842,0.48208720921701054,-0.30000001192092896,0.5371134148859253,0.5393162378976746,-0.30000001192092896,-0.30000001192092896,-0.30000001192092896,-0.30000001192092896,-0.30000001192092896,-0.30000001192092896,0.30000001192092896,-0.24605810292092894,0.7381502899209289,-0.30000001192092896,-0.29513705052523803
1.2999999523162842,0.3315349692170105,-0.30000001192092896,0.3103092908859253,0.41965811889767457,-0.30000001192092896,-0.23548388292092895,-0.28989900192092893,-0.30000001192092896,-0.30000001192092896,-0.30000001192092896,0.848128353920929,-0.10497926492092896,0.860955634920929,-0.30000001192092896,-0.250600245525238
1.2999999523162842,0.3024358812170105,-0.30000001192092896,0.3103092908859253,0.34273504189767456,-0.30000001192092896,0.022580633079071044,0.10404039207907106,-0.30000001192092896,-0.30000001192092896,-0.30000001192092896,0.30000001192092896,-0.30000001192092896,0.30000001192092896,-0.30000001192092896,-0.29984034252523806
1.2999999523162842,0.3024486042170105,-0.30000001192092896,0.3103092908859253,0.3170940158976746,-0.30000001192092896,-0.27580646392092895,-0.28989900192092893,-0.30000001192092896,-0.30000001192092896,-0.30000001192092896,0.6629679259209289,-0.30000001192092896,0.30000001192092896,-0.30000001192092896,-0.29983901252523804
1.2999999523162842,0.4223971062170105,-0.30000001192092896,0.3103092908859253,0.38547008389767456,-0.30000001192092896,-0.30000001192092896,-0.30000001192092896,-0.30000001192092896,-0.30000001192092896,-0.30000001192092896,0.30000001192092896,-0.30000001192092896,0.30000001192092896,-0.30000001192092896,-0.29987050252523806
1.2999999523162842,0.45149498221701045,-0.30000001192092896,0.3103092908859253,0.5222222208976746,-0.30000001192092896,-0.30000001192092896,-0.30000001192092896,-0.30000001192092896,-0.30000001192092896,-0.30000001192092896,0.30000001192092896,-0.29170125692092896,0.940819772920929,-0.30000001192092896,-0.29932209152523803
1.2999999523162842,0.4239284142170105,-0.30000001192092896,0.3103092908859253,0.5222222208976746,-0.30000001192092896,-0.30000001192092896,-0.30000001192092896,0.699999988079071,-0.30000001192092896,-0.30000001192092896,0.30000001192092896,-0.30000001192092896,0.30000001192092896,-0.30000001192092896,-0.29990132662523805
0.2999999523162842,0.3030368922170105,-0.25925505592092896,0.3000000128859253,0.33418803289767457,0.699999988079071,-0.30000001192092896,-0.30000001192092896,0.699999988079071,-0.259595971920929,0.05269708307907106,0.30000001192092896,-0.30000001192092896,0.30000001192092896,-0.23333334492092894,-0.29683284352523803
1.2999999523162842,0.6038684342170104,-0.30000001192092896,0.3103092908859253,0.5222222208976746,-0.30000001192092896,-0.30000001192092896,-0.30000001192092896,-0.30000001192092896,-0.30000001192092896,-0.30000001192092896,0.30000001192092896,-0.295850633920929,0.9164036419209289,-0.30000001192092896,-0.299471557525238
1.2999999523162842,0.3054763822170105,-0.30000001192092896,0.3103092908859253,0.3683760668976746,-0.30000001192092896,-0.17096775392092894,-0.13838384992092895,-0.30000001192092896,-0.30000001192092896,-0.30000001192092896,0.30000001192092896,-0.30000001192092896,0.30000001192092896,-0.30000001192092896,-0.286984291525238
1.2999999523162842,0.3318378982170105,-0.30000001192092896,0.3103092908859253,0.38547008389767456,-0.30000001192092896,-0.29193549592092893,-0.28989900192092893,-0.30000001192092896,-0.30000001192092896,-0.30000001192092896,0.460427818920929,0.18132778907907104,1.1393229639209288,-0.30000001192092896,-0.24719978852523802
1.2999999523162842,0.3312308282170105,-0.30000001192092896,0.3103092908859253,0.34273504189767456,-0.30000001192092896,-0.26774194692092895,-0.28989900192092893,-0.30000001192092896,-0.30000001192092896,-0.30000001192092896,0.7278074989209289,-0.005394202920928959,0.9026445069209289,-0.30000001192092896,-0.24225411252523804
1.2999999523162842,0.4826815562170105,-0.30000001192092896,0.3103092908859253,0.5222222208976746,-0.30000001192092896,-0.30000001192092896,-0.30000001192092896,-0.30000001192092896,-0.30000001192092896,-0.30000001192092896,0.30000001192092896,-0.30000001192092896,0.30000001192092896,-0.30000001192092896,-0.29961237452523803
1.2999999523162842,0.3608915472170105,-0.30000001192092896,0.3412371258859253,0.5051282038976745,-0.30000001192092896,-0.30000001192092896,-0.30000001192092896,-0.30000001192092896,-0.30000001192092896,-0.30000001192092896,0.30000001192092896,-0.24605810292092894,1.088932179920929,-0.30000001192092896,-0.294298799525238
1.2999999523162842,0.4521008412170105,-0.30000001192092896,0.3103092908859253,0.3683760668976746,-0.30000001192092896,-0.29193549592092893,-0.28989900192092893,-0.30000001192092896,-0.30000001192092896,-0.30000001192092896,0.4577540229209289,0.679253100079071,0.766397456920929,-0.30000001192092896,-0.25588831752523805
1.2999999523162842,0.3621135642170105,-0.30000001192092896,0.3103092908859253,0.3512820498976746,-0.30000001192092896,-0.13064517292092895,-0.28989900192092893,-0.30000001192092896,-0.30000001192092896,-0.30000001192092896,1.072058835920929,-0.17136930692092894,1.046923599920929,-0.30000001192092896,-0.24899515152523805
1.2999999523162842,0.4833025622170105,-0.30000001192092896,0.3103092908859253,0.5051282038976745,-0.30000001192092896,-0.30000001192092896,-0.30000001192092896,-0.30000001192092896,-0.30000001192092896,-0.30000001192092896,0.30000001192092896,-0.30000001192092896,0.30000001192092896,-0.30000001192092896,-0.299530323525238
1.2999999523162842,0.3018478952170105,-0.30000001192092896,0.3103092908859253,0.3256410248976746,-0.30000001192092896,-0.30000001192092896,-0.30000001192092896,-0.30000001192092896,-0.30000001192092896,-0.30000001192092896,0.30000001192092896,-0.295850633920929,0.861063292920929,-0.30000001192092896,-0.29674480452523805
1.2999999523162842,0.3921208342170105,-0.30000001192092896,0.3103092908859253,0.3256410248976746,-0.30000001192092896,-0.27580646392092895,-0.26969698192092895,-0.30000001192092896,-0.30000001192092896,-0.30000001192092896,0.30000001192092896,-0.30000001192092896,0.30000001192092896,-0.30000001192092896,-0.29985542252523806
1.2999999523162842,0.3000230488170105,-0.30000001192092896,0.3103092908859253,0.2999999988976746,-0.30000001192092896,-0.19516130192092895,-0.16868688092092896,-0.30000001192092896,-0.30000001192092896,-0.30000001192092896,0.30000001192092896,-0.30000001192092896,0.30000001192092896,-0.30000001192092896,-0.299949448425238
1.2999999523162842,0.5126867062170105,-0.30000001192092896,0.3103092908859253,0.5136752128976746,-0.30000001192092896,-0.30000001192092896,-0.30000001192092896,-0.30000001192092896,-0.30000001192092896,-0.30000001192092896,0.30000001192092896,-0.30000001192092896,0.30000001192092896,-0.30000001192092896,-0.29922074752523803
1.2999999523162842,0.3933104382170105,-0.30000001192092896,0.3103092908859253,0.4965811958976746,-0.30000001192092896,-0.30000001192092896,-0.30000001192092896,-0.30000001192092896,-0.30000001192092896,-0.30000001192092896,0.30000001192092896,-0.283402501920929,0.911283526920929,-0.30000001192092896,-0.29798177852523805
1.2999999523162842,0.3039381072170105,-0.30000001192092896,0.3103092908859253,0.3598290588976746,-0.30000001192092896,0.030645149079071066,-0.28989900192092893,-0.30000001192092896,-0.30000001192092896,-0.30000001192092896,1.148930492920929,-0.22946059292092896,0.944194374920929,-0.30000001192092896,-0.24936504652523803
1.2999999523162842,0.42271669621701047,-0.30000001192092896,0.3103092908859253,0.5222222208976746,-0.30000001192092896,-0.30000001192092896,-0.30000001192092896,-0.30000001192092896,-0.30000001192092896,-0.30000001192092896,0.30000001192092896,-0.30000001192092896,0.30000001192092896,-0.30000001192092896,-0.291272229525238
1.2999999523162842,0.39333255221701047,-0.30000001192092896,0.3103092908859253,0.34273504189767456,-0.30000001192092896,-0.22741936692092896,-0.20909092092092896,-0.30000001192092896,-0.30000001192092896,-0.30000001192092896,0.30000001192092896,-0.30000001192092896,0.30000001192092896,-0.30000001192092896,-0.29985387052523804
1.2999999523162842,0.4521008412170105,-0.30000001192092896,0.3103092908859253,0.5307692298976746,-0.30000001192092896,-0.30000001192092896,-0.30000001192092896,-0.30000001192092896,-0.30000001192092896,-0.30000001192092896,0.30000001192092896,-0.30000001192092896,0.30000001192092896,-0.30000001192092896,-0.299896669525238
1.2999999523162842,0.3915149762170105,-0.30000001192092896,0.3103092908859253,0.38547008389767456,-0.30000001192092896,-0.26774194692092895,-0.259595971920929,-0.30000001192092896,-0.30000001192092896,-0.30000001192092896,0.30000001192092896,-0.30000001192092896,0.30000001192092896,-0.30000001192092896,-0.29986052252523804
1.2999999523162842,0.3909091172170105,-0.30000001192092896,0.3103092908859253,0.3769230758976746,-0.30000001192092896,-0.30000001192092896,-0.30000001192092896,-0.30000001192092896,-0.30000001192092896,-0.30000001192092896,0.30000001192092896,-0.30000001192092896,0.30000001192092896,-0.30000001192092896,-0.29990420952523805
1.2999999523162842,0.5129896362170105,-0.30000001192092896,0.3103092908859253,0.5136752128976746,-0.30000001192092896,-0.30000001192092896,-0.30000001192092896,-0.30000001192092896,-0.30000001192092896,-0.30000001192092896,0.30000001192092896,-0.30000001192092896,0.30000001192092896,-0.30000001192092896,-0.299292597525238
1.2999999523162842,0.45149498221701045,-0.30000001192092896,0.3103092908859253,0.5307692298976746,-0.30000001192092896,-0.30000001192092896,-0.30000001192092896,-0.30000001192092896,-0.30000001192092896,-0.30000001192092896,0.30000001192092896,-0.30000001192092896,0.30000001192092896,-0.30000001192092896,-0.299896891525238
1.2999999523162842,0.36061618421701047,-0.30000001192092896,0.3103092908859253,0.4111111098976746,-0.30000001192092896,-0.26774194692092895,-0.28989900192092893,-0.30000001192092896,-0.30000001192092896,-0.30000001192092896,0.717112310920929,-0.30000001192092896,0.30000001192092896,-0.30000001192092896,-0.27572623752523806
1.2999999523162842,0.3042486102170105,-0.30000001192092896,0.3103092908859253,0.34273504189767456,-0.30000001192092896,-0.025806463920928946,0.04343433107907102,-0.30000001192092896,-0.30000001192092896,-0.30000001192092896,0.30000001192092896,-0.30000001192092896,0.30000001192092896,-0.30000001192092896,-0.29983790352523804
1.2999999523162842,0.5426767102170105,-0.30000001192092896,0.3103092908859253,0.5222222208976746,-0.30000001192092896,-0.30000001192092896,-0.30000001192092896,-0.30000001192092896,-0.30000001192092896,-0.30000001192092896,0.30000001192092896,-0.30000001192092896,0.30000001192092896,-0.30000001192092896,-0.299901104925238
1.2999999523162842,0.42150497921701047,-0.30000001192092896,0.3103092908859253,0.3598290588976746,-0.30000001192092896,-0.29193549592092893,-0.28989900192092893,-0.30000001192092896,-0.30000001192092896,-0.30000001192092896,0.4610962689209289,0.699999988079071,1.010245103920929,-0.30000001192092896,-0.258611743525238
1.2999999523162842,0.3915149762170105,-0.30000001192092896,0.3103092908859253,0.3512820498976746,-0.30000001192092896,-0.28387097992092897,-0.27979799192092897,-0.30000001192092896,-0.30000001192092896,-0.30000001192092896,0.30000001192092896,-0.30000001192092896,0.30000001192092896,-0.30000001192092896,-0.29980286552523805
1.2999999523162842,0.4817879152170105,-0.30000001192092896,0.3103092908859253,0.5222222208976746,-0.30000001192092896,-0.30000001192092896,-0.30000001192092896,-0.30000001192092896,-0.30000001192092896,-0.30000001192092896,0.30000001192092896,-0.30000001192092896,0.30000001192092896,-0.30000001192092896,-0.29725108152523805
1.2999999523162842,0.3926979152170105,-0.30000001192092896,0.3103092908859253,0.3769230758976746,-0.30000001192092896,-0.25161291492092897,-0.28989900192092893,-0.30000001192092896,-0.30000001192092896,-0.30000001192092896,0.749866321920929,0.002904552079071032,0.981370357920929,-0.30000001192092896,-0.250121910525238
1.2999999523162842,0.3330356812170105,-0.30000001192092896,0.3103092908859253,0.3170940158976746,-0.30000001192092896,-0.041935495920928934,-0.28989900192092893,-0.30000001192092896,-0.30000001192092896,-0.30000001192092896,1.134224610920929,-0.30000001192092896,0.30000001192092896,-0.30000001192092896,-0.29284915952523805
1.2999999523162842,0.4829996322170105,-0.30000001192092896,0.3103092908859253,0.5136752128976746,-0.30000001192092896,-0.30000001192092896,-0.30000001192092896,-0.30000001192092896,-0.30000001192092896,-0.30000001192092896,0.30000001192092896,-0.295850633920929,1.1082968329209288,-0.30000001192092896,-0.29938861952523804
1.2999999523162842,0.4817842802170105,-0.30000001192092896,0.4030927968859253,0.5393162378976746,-0.30000001192092896,-0.30000001192092896,-0.30000001192092896,-0.30000001192092896,-0.30000001192092896,-0.30000001192092896,0.30000001192092896,-0.24605810292092894,0.7381502899209289,-0.30000001192092896,-0.29508404952523803
1.2999999523162842,0.9667777672170105,-0.30000001192092896,0.3103092908859253,0.3769230758976746,-0.30000001192092896,-0.30000001192092896,-0.30000001192092896,-0.30000001192092896,-0.30000001192092896,-0.30000001192092896,0.30000001192092896,-0.30000001192092896,0.30000001192092896,-0.30000001192092896,-0.29972569352523803
1.2999999523162842,0.33364456921701047,-0.30000001192092896,0.3103092908859253,0.33418803289767457,-0.30000001192092896,-0.13870968892092894,-0.28989900192092893,-0.30000001192092896,-0.30000001192092896,-0.30000001192092896,1.062032097920929,-0.30000001192092896,0.30000001192092896,-0.30000001192092896,-0.29984366952523805
1.2999999523162842,0.3018439572170105,-0.30000001192092896,0.3103092908859253,0.33418803289767457,-0.30000001192092896,-0.03387097992092897,0.033333321079071054,-0.30000001192092896,-0.30000001192092896,-0.30000001192092896,0.30000001192092896,-0.30000001192092896,0.30000001192092896,-0.30000001192092896,-0.29983768152523804
1.2999999523162842,0.4823649952170105,-0.30000001192092896,0.3103092908859253,0.5051282038976745,-0.30000001192092896,-0.30000001192092896,-0.30000001192092896,-0.30000001192092896,-0.30000001192092896,-0.30000001192092896,0.30000001192092896,-0.30000001192092896,0.30000001192092896,-0.30000001192092896,-0.299900661325238
1.2999999523162842,0.5120808482170105,-0.30000001192092896,0.3103092908859253,0.5222222208976746,-0.30000001192092896,-0.30000001192092896,-0.30000001192092896,-0.30000001192092896,-0.30000001192092896,-0.30000001192092896,0.30000001192092896,-0.30000001192092896,0.30000001192092896,-0.30000001192092896,-0.299901104925238
1.2999999523162842,0.3306167902170105,-0.30000001192092896,0.3103092908859253,0.3256410248976746,-0.30000001192092896,-0.17903226992092897,-0.14848485992092897,-0.30000001192092896,-0.30000001192092896,-0.30000001192092896,0.30000001192092896,-0.30000001192092896,0.30000001192092896,-0.30000001192092896,-0.29984078652523805
1.2999999523162842,0.3318321432170105,-0.30000001192092896,0.4030927968859253,0.5393162378976746,-0.30000001192092896,-0.30000001192092896,-0.30000001192092896,0.699999988079071,-0.30000001192092896,-0.30000001192092896,0.39625669592092894,-0.24605810292092894,1.0881057259209288,-0.30000001192092896,-0.22882303952523803
1.2999999523162842,0.3006322402170105,-0.30000001192092896,0.3103092908859253,0.3256410248976746,-0.30000001192092896,-0.09838710892092895,-0.04747475892092895,-0.30000001192092896,-0.30000001192092896,-0.30000001192092896,0.30000001192092896,-0.30000001192092896,0.30000001192092896,-0.30000001192092896,-0.29983856852523805
1.2999999523162842,0.4230196262170105,-0.30000001192092896,0.3103092908859253,0.4880341868976746,-0.30000001192092896,-0.30000001192092896,-0.30000001192092896,-0.30000001192092896,-0.30000001192092896,-0.30000001192092896,0.30000001192092896,-0.30000001192092896,0.30000001192092896,-0.30000001192092896,-0.29885950152523805
1.2999999523162842,0.3336360872170105,-0.30000001192092896,0.3103092908859253,0.33418803289767457,-0.30000001192092896,-0.09838710892092895,-0.28989900192092893,-0.30000001192092896,-0.30000001192092896,-0.30000001192092896,1.075401081920929,-0.21286308292092895,0.917708219920929,-0.30000001192092896,-0.25140678352523804
1.2999999523162842,0.3309291102170105,-0.30000001192092896,0.3103092908859253,0.38547008389767456,-0.30000001192092896,-0.30000001192092896,-0.30000001192092896,-0.30000001192092896,-0.30000001192092896,-0.30000001192092896,0.30000001192092896,-0.30000001192092896,0.30000001192092896,-0.30000001192092896,-0.299380857525238
1.2999999523162842,0.6938384432170105,-0.30000001192092896,0.3103092908859253,0.3769230758976746,-0.30000001192092896,-0.30000001192092896,-0.30000001192092896,-0.30000001192092896,-0.30000001192092896,-0.30000001192092896,0.30000001192092896,-0.2875518789209289,1.104964719920929,-0.30000001192092896,-0.29934781552523804
1.2999999523162842,0.48239377421701046,-0.30000001192092896,0.3103092908859253,0.5307692298976746,-0.30000001192092896,-0.30000001192092896,-0.30000001192092896,-0.30000001192092896,-0.30000001192092896,-0.30000001192092896,0.30000001192092896,-0.30000001192092896,0.30000001192092896,-0.30000001192092896,-0.299900661325238
1.2999999523162842,0.3618212372170105,-0.30000001192092896,0.3103092908859253,0.3512820498976746,-0.30000001192092896,-0.25161291492092897,-0.23939395092092897,-0.30000001192092896,-0.30000001192092896,-0.30000001192092896,0.30000001192092896,-0.30000001192092896,0.30000001192092896,-0.30000001192092896,-0.299854978525238
1.2999999523162842,0.3309291102170105,-0.30000001192092896,0.3103092908859253,0.3512820498976746,-0.30000001192092896,-0.30000001192092896,-0.30000001192092896,-0.30000001192092896,-0.30000001192092896,-0.30000001192092896,0.30000001192092896,-0.30000001192092896,0.30000001192092896,-0.30000001192092896,-0.281780266525238
1.2999999523162842,0.39242376421701053,-0.30000001192092896,0.3103092908859253,0.5222222208976746,-0.30000001192092896,-0.30000001192092896,-0.30000001192092896,-0.30000001192092896,-0.30000001192092896,-0.30000001192092896,0.30000001192092896,-0.30000001192092896,0.30000001192092896,-0.30000001192092896,-0.299900661325238
1.2999999523162842,0.4239284142170105,-0.30000001192092896,0.3103092908859253,0.5222222208976746,-0.30000001192092896,-0.30000001192092896,-0.30000001192092896,-0.30000001192092896,-0.30000001192092896,-0.30000001192092896,0.30000001192092896,-0.295850633920929,1.0270663139209288,-0.30000001192092896,-0.29894776152523805
1.2999999523162842,0.3024334572170105,-0.30000001192092896,0.3103092908859253,0.34273504189767456,-0.30000001192092896,-0.19516130192092895,-0.28989900192092893,-0.30000001192092896,-0.30000001192092896,-0.30000001192092896,0.9951871779209289,-0.14232366292092896,1.104964719920929,-0.30000001192092896,-0.24852324752523802
1.2999999523162842,0.4527067002170105,-0.30000001192092896,0.3103092908859253,0.5051282038976745,-0.30000001192092896,-0.30000001192092896,-0.30000001192092896,-0.30000001192092896,-0.30000001192092896,-0.30000001192092896,0.30000001192092896,-0.27925312392092894,0.917944533920929,-0.30000001192092896,-0.298651713525238
1.2999999523162842,0.3036642592170105,-0.30000001192092896,0.3618556828859253,0.4794871778976746,-0.30000001192092896,0.06290321407907107,-0.28989900192092893,-0.30000001192092896,-0.30000001192092896,-0.30000001192092896,1.142246000920929,-0.18381743892092894,0.9026445069209289,-0.30000001192092896,-0.24592844252523804
1.2999999523162842,0.4530096292170105,-0.30000001192092896,0.3103092908859253,0.5307692298976746,-0.30000001192092896,-0.30000001192092896,-0.30000001192092896,-0.30000001192092896,-0.30000001192092896,-0.30000001192092896,0.30000001192092896,-0.30000001192092896,0.30000001192092896,-0.30000001192092896,-0.299900217825238
1.2999999523162842,0.3042643622170105,-0.30000001192092896,0.3103092908859253,0.3512820498976746,-0.30000001192092896,-0.22741936692092896,-0.28989900192092893,-0.30000001192092896,-0.30000001192092896,-0.30000001192092896,0.919652417920929,-0.30000001192092896,0.30000001192092896,-0.30000001192092896,-0.29983879052523804
1.2999999523162842,0.3621308312170105,-0.30000001192092896,0.3103092908859253,0.5222222208976746,-0.30000001192092896,-0.30000001192092896,-0.30000001192092896,-0.30000001192092896,-0.30000001192092896,-0.30000001192092896,0.30000001192092896,-0.30000001192092896,0.30000001192092896,-0.30000001192092896,-0.299395937525238
1.2999999523162842,0.3048541662170105,-0.30000001192092896,0.3103092908859253,0.3256410248976746,-0.30000001192092896,-0.13870968892092894,-0.09797980992092895,-0.30000001192092896,-0.30000001192092896,-0.30000001192092896,0.30000001192092896,-0.30000001192092896,0.30000001192092896,-0.30000001192092896,-0.29983901252523804
1.2999999523162842,0.9967377802170105,-0.30000001192092896,0.3103092908859253,0.3769230758976746,-0.30000001192092896,-0.30000001192092896,-0.30000001192092896,-0.30000001192092896,-0.30000001192092896,-0.30000001192092896,0.30000001192092896,-0.2875518789209289,0.9747591699209289,-0.30000001192092896,-0.29968976852523804
1.2999999523162842,0.4527067002170105,-0.30000001192092896,0.3103092908859253,0.4880341868976746,-0.30000001192092896,-0.30000001192092896,-0.30000001192092896,-0.30000001192092896,-0.30000001192092896,-0.30000001192092896,0.30000001192092896,-0.30000001192092896,0.30000001192092896,-0.30000001192092896,-0.29487581752523806
1.2999999523162842,0.3605874062170105,-0.30000001192092896,0.3103092908859253,0.4111111098976746,-0.30000001192092896,-0.29193549592092893,-0.28989900192092893,-0.30000001192092896,-0.30000001192092896,-0.30000001192092896,0.4610962689209289,-0.30000001192092896,0.30000001192092896,-0.30000001192092896,-0.262831822525238
1.2999999523162842,0.3039384102170105,-0.30000001192092896,0.3103092908859253,0.3170940158976746,-0.30000001192092896,0.12741934307907105,0.2353535230790711,-0.30000001192092896,-0.30000001192092896,-0.30000001192092896,0.30000001192092896,-0.30000001192092896,0.30000001192092896,-0.30000001192092896,-0.291422138525238
1.2999999523162842,0.42150497921701047,-0.30000001192092896,0.3103092908859253,0.5136752128976746,-0.30000001192092896,-0.30000001192092896,-0.30000001192092896,-0.30000001192092896,-0.30000001192092896,-0.30000001192092896,0.30000001192092896,-0.30000001192092896,0.30000001192092896,-0.30000001192092896,-0.29474520152523803
1.2999999523162842,0.3615249722170105,-0.30000001192092896,0.3103092908859253,0.34273504189767456,-0.30000001192092896,-0.28387097992092897,-0.27979799192092897,-0.30000001192092896,-0.30000001192092896,-0.30000001192092896,0.30000001192092896,-0.30000001192092896,0.30000001192092896,-0.30000001192092896,-0.29947554852523806
1.2999999523162842,0.3618279022170105,-0.30000001192092896,0.3103092908859253,0.3940170928976746,-0.30000001192092896,-0.28387097992092897,-0.27979799192092897,-0.30000001192092896,-0.30000001192092896,-0.30000001192092896,0.30000001192092896,-0.30000001192092896,0.30000001192092896,-0.30000001192092896,-0.29981705852523804
1.2999999523162842,0.4539184172170105,-0.30000001192092896,0.3103092908859253,0.5222222208976746,-0.30000001192092896,-0.30000001192092896,-0.30000001192092896,-0.30000001192092896,-0.30000001192092896,-0.30000001192092896,0.30000001192092896,-0.30000001192092896,0.30000001192092896,-0.30000001192092896,-0.298966167525238
1.2999999523162842,0.4817879152170105,-0.30000001192092896,0.3103092908859253,0.5222222208976746,-0.30000001192092896,-0.30000001192092896,-0.30000001192092896,-0.30000001192092896,-0.30000001192092896,-0.30000001192092896,0.30000001192092896,-0.30000001192092896,0.30000001192092896,-0.30000001192092896,-0.29990088312523805
1.2999999523162842,0.5432825682170105,-0.30000001192092896,0.3103092908859253,0.5051282038976745,-0.30000001192092896,-0.30000001192092896,-0.30000001192092896,-0.30000001192092896,-0.30000001192092896,-0.30000001192092896,0.30000001192092896,-0.30000001192092896,0.30000001192092896,-0.30000001192092896,-0.29990088312523805
1.2999999523162842,0.3908906382170105,-0.30000001192092896,0.3103092908859253,0.34273504189767456,-0.30000001192092896,-0.27580646392092895,-0.26969698192092895,-0.30000001192092896,-0.30000001192092896,-0.30000001192092896,0.49719252492092897,0.45103733207907104,0.7712671929209289,-0.30000001192092896,-0.25677823752523804
1.2999999523162842,0.4521008412170105,-0.30000001192092896,0.3103092908859253,0.5222222208976746,-0.30000001192092896,-0.30000001192092896,-0.30000001192092896,-0.30000001192092896,-0.30000001192092896,-0.30000001192092896,0.30000001192092896,-0.30000001192092896,0.30000001192092896,-0.30000001192092896,-0.298716023525238
1.2999999523162842,0.3615140672170105,-0.30000001192092896,0.3103092908859253,0.3256410248976746,-0.30000001192092896,0.06290321407907107,-0.28989900192092893,-0.30000001192092896,-0.30000001192092896,-0.30000001192092896,1.142246000920929,-0.2502074809209289,0.9188818659209289,-0.30000001192092896,-0.25350662252523803
1.2999999523162842,0.4221108382170105,-0.30000001192092896,0.3103092908859253,0.5307692298976746,-0.30000001192092896,-0.30000001192092896,-0.30000001192092896,-0.30000001192092896,-0.30000001192092896,-0.30000001192092896,0.30000001192092896,-0.30000001192092896,0.30000001192092896,-0.30000001192092896,-0.29889431752523804
1.2999999523162842,0.5132925652170105,-0.30000001192092896,0.3103092908859253,0.5222222208976746,-0.30000001192092896,-0.30000001192092896,-0.30000001192092896,-0.30000001192092896,-0.30000001192092896,-0.30000001192092896,0.30000001192092896,-0.30000001192092896,0.30000001192092896,-0.30000001192092896,-0.299900217825238
1.2999999523162842,0.45149498221701045,-0.30000001192092896,0.3103092908859253,0.5051282038976745,-0.30000001192092896,-0.30000001192092896,-0.30000001192092896,-0.30000001192092896,-0.30000001192092896,-0.30000001192092896,0.30000001192092896,-0.30000001192092896,0.30000001192092896,-0.30000001192092896,-0.299900661325238
1.2999999523162842,0.3057847642170105,-0.30000001192092896,0.3103092908859253,0.33418803289767457,-0.30000001192092896,-0.17903226992092897,-0.28989900192092893,-0.30000001192092896,-0.30000001192092896,-0.30000001192092896,1.021925145920929,-0.30000001192092896,0.30000001192092896,-0.30000001192092896,-0.29983945552523805
1.2999999523162842,0.3908906382170105,-0.30000001192092896,0.44432990988592536,0.5393162378976746,-0.30000001192092896,-0.30000001192092896,-0.30000001192092896,-0.30000001192092896,-0.30000001192092896,-0.30000001192092896,0.30000001192092896,-0.24605810292092894,0.7712671929209289,-0.30000001192092896,-0.285700748525238
1.2999999523162842,0.4530096292170105,-0.30000001192092896,0.3103092908859253,0.5222222208976746,-0.30000001192092896,-0.30000001192092896,-0.30000001192092896,-0.30000001192092896,-0.30000001192092896,-0.30000001192092896,0.30000001192092896,-0.30000001192092896,0.30000001192092896,-0.30000001192092896,-0.29943541052523803
1.2999999523162842,0.3003302192170105,-0.30000001192092896,0.4237113528859253,0.5393162378976746,-0.30000001192092896,-0.30000001192092896,-0.30000001192092896,0.699999988079071,-0.30000001192092896,-0.30000001192092896,0.4597593699209289,-0.24605810292092894,0.746756823920929,-0.30000001192092896,-0.28002725952523805
1.2999999523162842,0.3318100292170105,-0.30000001192092896,0.3103092908859253,0.3683760668976746,-0.30000001192092896,-0.21935485092092893,-0.28989900192092893,-0.30000001192092896,-0.30000001192092896,-0.30000001192092896,0.941042792920929,-0.11327801992092895,0.897304123920929,-0.30000001192092896,-0.24868491052523803
1.2999999523162842,0.3621308312170105,-0.30000001192092896,0.3103092908859253,0.5051282038976745,-0.30000001192092896,-0.30000001192092896,-0.30000001192092896,-0.30000001192092896,-0.30000001192092896,-0.30000001192092896,0.30000001192092896,-0.295850633920929,0.9026445069209289,-0.30000001192092896,-0.299666261525238
1.2999999523162842,0.3321350722170105,-0.30000001192092896,0.4030927968859253,0.5393162378976746,-0.30000001192092896,-0.30000001192092896,-0.30000001192092896,0.699999988079071,-0.30000001192092896,-0.30000001192092896,0.40494653592092894,-0.24605810292092894,1.0881057259209288,-0.30000001192092896,-0.261966961525238
1.2999999523162842,0.4233225552170105,-0.30000001192092896,0.3103092908859253,0.5307692298976746,-0.30000001192092896,-0.30000001192092896,-0.30000001192092896,-0.30000001192092896,-0.30000001192092896,-0.30000001192092896,0.30000001192092896,-0.295850633920929,1.044382434920929,-0.30000001192092896,-0.29982548452523805
0.2999999523162842,0.3018300222170105,-0.14302794492092896,0.3000000128859253,0.3940170928976746,0.699999988079071,-0.30000001192092896,-0.30000001192092896,0.699999988079071,-0.16868688092092896,-0.16721992892092896,0.30000001192092896,-0.30000001192092896,0.30000001192092896,0.033333321079071054,-0.298673223525238
1.2999999523162842,0.3027288132170105,-0.30000001192092896,0.3103092908859253,0.3256410248976746,-0.30000001192092896,-0.23548388292092895,-0.28989900192092893,-0.30000001192092896,-0.30000001192092896,-0.30000001192092896,0.893582899920929,-0.04273860092092896,0.856131456920929,-0.30000001192092896,-0.25180262452523805
1.2999999523162842,0.5732725722170104,-0.30000001192092896,0.3103092908859253,0.5222222208976746,-0.30000001192092896,-0.30000001192092896,-0.30000001192092896,-0.30000001192092896,-0.30000001192092896,-0.30000001192092896,0.30000001192092896,-0.30000001192092896,0.30000001192092896,-0.30000001192092896,-0.299542741525238
1.2999999523162842,0.39242376421701053,-0.30000001192092896,0.3103092908859253,0.5222222208976746,-0.30000001192092896,-0.30000001192092896,-0.30000001192092896,-0.30000001192092896,-0.30000001192092896,-0.30000001192092896,0.30000001192092896,-0.295850633920929,0.981370357920929,-0.30000001192092896,-0.299256672525238
1.2999999523162842,0.3912120462170105,-0.30000001192092896,0.3103092908859253,0.5051282038976745,-0.30000001192092896,-0.30000001192092896,-0.30000001192092896,-0.30000001192092896,-0.30000001192092896,-0.30000001192092896,0.30000001192092896,-0.30000001192092896,0.30000001192092896,-0.30000001192092896,-0.29914557052523805
1.2999999523162842,0.4224137672170105,-0.30000001192092896,0.3103092908859253,0.4880341868976746,-0.30000001192092896,-0.28387097992092897,-0.28989900192092893,-0.30000001192092896,-0.30000001192092896,-0.30000001192092896,0.575401081920929,-0.30000001192092896,0.30000001192092896,-0.30000001192092896,-0.28438726852523805
1.2999999523162842,0.5120796362170105,-0.30000001192092896,0.3103092908859253,0.5222222208976746,-0.30000001192092896,-0.30000001192092896,-0.30000001192092896,-0.30000001192092896,-0.30000001192092896,-0.30000001192092896,0.30000001192092896,-0.30000001192092896,0.30000001192092896,-0.30000001192092896,-0.29947111352523803
1.2999999523162842,0.4539184172170105,-0.30000001192092896,0.3103092908859253,0.5307692298976746,-0.30000001192092896,-0.30000001192092896,-0.30000001192092896,-0.30000001192092896,-0.30000001192092896,-0.30000001192092896,0.30000001192092896,-0.30000001192092896,0.30000001192092896,-0.30000001192092896,-0.29967357952523804
1.2999999523162842,0.6035655042170105,-0.30000001192092896,0.3103092908859253,0.5222222208976746,-0.30000001192092896,-0.30000001192092896,-0.30000001192092896,-0.30000001192092896,-0.30000001192092896,-0.30000001192092896,0.30000001192092896,-0.30000001192092896,0.30000001192092896,-0.30000001192092896,-0.29965007352523804
1.2999999523162842,0.3342337662170105,-0.30000001192092896,0.3103092908859253,0.3085470078976746,-0.30000001192092896,-0.041935495920928934,-0.28989900192092893,-0.30000001192092896,-0.30000001192092896,-0.30000001192092896,1.134224610920929,-0.30000001192092896,0.30000001192092896,-0.30000001192092896,-0.29984167352523805
1.2999999523162842,0.4524037702170105,-0.30000001192092896,0.3103092908859253,0.5222222208976746,-0.30000001192092896,-0.30000001192092896,-0.30000001192092896,-0.30000001192092896,-0.30000001192092896,-0.30000001192092896,0.30000001192092896,-0.30000001192092896,0.30000001192092896,-0.30000001192092896,-0.29127245052523804
1.2999999523162842,0.3318357782170105,-0.30000001192092896,0.3103092908859253,0.3170940158976746,-0.30000001192092896,-0.25161291492092897,-0.23939395092092897,-0.30000001192092896,-0.30000001192092896,-0.30000001192092896,0.825401081920929,0.24356845307907105,1.077346022920929,-0.30000001192092896,-0.24759141552523803
1.2999999523162842,0.3605925562170105,-0.30000001192092896,0.33092784788592533,0.5393162378976746,-0.30000001192092896,-0.30000001192092896,-0.30000001192092896,-0.30000001192092896,-0.30000001192092896,-0.30000001192092896,0.30000001192092896,-0.24605810292092894,0.6907916699209289,-0.30000001192092896,-0.27653211152523804
1.2999999523162842,0.3618279022170105,-0.30000001192092896,0.3103092908859253,0.3769230758976746,-0.30000001192092896,-0.26774194692092895,-0.28989900192092893,-0.30000001192092896,-0.30000001192092896,-0.30000001192092896,0.7278074989209289,0.06929459407907107,1.112000005920929,-0.30000001192092896,-0.259881315525238
1.2999999523162842,0.3033367932170105,-0.30000001192092896,0.3103092908859253,0.34273504189767456,-0.30000001192092896,0.11935482707907102,-0.28989900192092893,-0.30000001192092896,-0.30000001192092896,-0.30000001192092896,1.168983968920929,-0.30000001192092896,0.30000001192092896,-0.30000001192092896,-0.29984034252523806
1.2999999523162842,0.3318288102170105,-0.30000001192092896,0.3103092908859253,0.34273504189767456,-0.30000001192092896,-0.041935495920928934,0.023232311079071033,-0.30000001192092896,-0.30000001192092896,-0.30000001192092896,0.30000001192092896,-0.30000001192092896,0.30000001192092896,-0.30000001192092896,-0.29984167352523805
1.2999999523162842,0.45149498221701045,-0.30000001192092896,0.3103092908859253,0.5136752128976746,-0.30000001192092896,-0.30000001192092896,-0.30000001192092896,-0.30000001192092896,-0.30000001192092896,-0.30000001192092896,0.30000001192092896,-0.30000001192092896,0.30000001192092896,-0.30000001192092896,-0.29990509652523806
1.2999999523162842,0.3018200252170105,-0.30000001192092896,0.3103092908859253,0.3170940158976746,-0.30000001192092896,0.16774192307907104,0.285858574079071,-0.30000001192092896,-0.30000001192092896,-0.30000001192092896,0.30000001192092896,-0.30000001192092896,0.30000001192092896,-0.30000001192092896,-0.29983812552523803
1.2999999523162842,0.4817879152170105,-0.30000001192092896,0.3103092908859253,0.5222222208976746,-0.30000001192092896,-0.30000001192092896,-0.30000001192092896,-0.30000001192092896,-0.30000001192092896,-0.30000001192092896,0.30000001192092896,-0.30000001192092896,0.30000001192092896,-0.30000001192092896,-0.299900661325238
1.2999999523162842,0.5126867062170105,-0.30000001192092896,0.3103092908859253,0.5222222208976746,-0.30000001192092896,-0.30000001192092896,-0.30000001192092896,-0.30000001192092896,-0.30000001192092896,-0.30000001192092896,0.30000001192092896,-0.295850633920929,0.7509791739209289,-0.30000001192092896,-0.299471335525238
1.2999999523162842,0.4517979122170105,-0.30000001192092896,0.3103092908859253,0.5222222208976746,-0.30000001192092896,-0.30000001192092896,-0.30000001192092896,-0.30000001192092896,-0.30000001192092896,-0.30000001192092896,0.30000001192092896,-0.29170125692092896,0.726050401920929,-0.30000001192092896,-0.29934737152523805
1.2999999523162842,0.3036560802170105,-0.30000001192092896,0.5061855798859253,0.3683760668976746,-0.30000001192092896,-0.09032259292092895,-0.28989900192092893,-0.30000001192092896,-0.30000001192092896,-0.30000001192092896,1.0887700649209289,-0.10912864292092894,0.765188056920929,-0.30000001192092896,-0.24535896452523803
1.2999999523162842,0.3921208342170105,-0.30000001192092896,0.3103092908859253,0.4880341868976746,-0.30000001192092896,-0.29193549592092893,-0.28989900192092893,-0.30000001192092896,-0.30000001192092896,-0.30000001192092896,0.4610962689209289,-0.30000001192092896,0.30000001192092896,-0.30000001192092896,-0.29986384952523804
1.2999999523162842,0.4517979122170105,-0.30000001192092896,0.3103092908859253,0.5307692298976746,-0.30000001192092896,-0.30000001192092896,-0.30000001192092896,-0.30000001192092896,-0.30000001192092896,-0.30000001192092896,0.30000001192092896,-0.295850633920929,1.0829122709209291,-0.30000001192092896,-0.29760478752523806
1.2999999523162842,0.4214910442170105,-0.30000001192092896,0.3103092908859253,0.3683760668976746,-0.30000001192092896,-0.30000001192092896,-0.30000001192092896,-0.30000001192092896,-0.30000001192092896,-0.30000001192092896,0.30000001192092896,-0.30000001192092896,0.30000001192092896,-0.30000001192092896,-0.299870945525238
1.2999999523162842,0.4239284142170105,-0.30000001192092896,0.3103092908859253,0.5307692298976746,-0.30000001192092896,-0.30000001192092896,-0.30000001192092896,-0.30000001192092896,-0.30000001192092896,-0.30000001192092896,0.30000001192092896,-0.30000001192092896,0.30000001192092896,-0.30000001192092896,-0.298966389525238
0.2999999523162842,0.3000227459170105,-0.26464948792092896,0.3000000128859253,0.3598290588976746,0.699999988079071,-0.30000001192092896,-0.30000001192092896,0.699999988079071,-0.15858587092092896,0.01535268507907106,0.30000001192092896,-0.30000001192092896,0.30000001192092896,-0.03333334492092893,-0.29728589752523804
1.2999999523162842,0.3918166932170105,-0.30000001192092896,0.3103092908859253,0.3598290588976746,-0.30000001192092896,-0.23548388292092895,-0.21919193092092895,-0.30000001192092896,-0.30000001192092896,-0.30000001192092896,0.30000001192092896,-0.30000001192092896,0.30000001192092896,-0.30000001192092896,-0.299857196525238
1.2999999523162842,0.4230196262170105,-0.30000001192092896,0.3103092908859253,0.5051282038976745,-0.30000001192092896,-0.30000001192092896,-0.30000001192092896,-0.30000001192092896,-0.30000001192092896,-0.30000001192092896,0.30000001192092896,-0.30000001192092896,0.30000001192092896,-0.30000001192092896,-0.285573902525238
1.2999999523162842,0.4820908442170105,-0.30000001192092896,0.3103092908859253,0.5222222208976746,-0.30000001192092896,-0.30000001192092896,-0.30000001192092896,-0.30000001192092896,-0.30000001192092896,-0.30000001192092896,0.30000001192092896,-0.295850633920929,0.8156024129209289,-0.30000001192092896,-0.29957911052523806
1.2999999523162842,0.5423737802170105,-0.30000001192092896,0.3103092908859253,0.5051282038976745,-0.30000001192092896,-0.30000001192092896,-0.30000001192092896,-0.30000001192092896,-0.30000001192092896,-0.30000001192092896,0.30000001192092896,-0.30000001192092896,0.30000001192092896,-0.30000001192092896,-0.299435632525238
1.2999999523162842,0.3051561862170105,-0.30000001192092896,0.3103092908859253,0.2999999988976746,-0.30000001192092896,-0.30000001192092896,-0.30000001192092896,-0.30000001192092896,-0.30000001192092896,-0.30000001192092896,0.30000001192092896,-0.295850633920929,0.721141444920929,-0.30000001192092896,-0.29876126252523805
1.2999999523162842,0.3303065902170105,-0.30000001192092896,0.3103092908859253,0.3170940158976746,-0.30000001192092896,0.022580633079071044,-0.28989900192092893,-0.30000001192092896,-0.30000001192092896,-0.30000001192092896,1.155614984920929,-0.30000001192092896,0.30000001192092896,-0.30000001192092896,-0.29983989952523804
1.2999999523162842,0.3051643652170105,-0.30000001192092896,0.3103092908859253,0.3512820498976746,-0.30000001192092896,-0.15483872192092896,-0.28989900192092893,-0.30000001192092896,-0.30000001192092896,-0.30000001192092896,1.0459893169209291,-0.30000001192092896,0.30000001192092896,-0.30000001192092896,-0.29984034252523806
1.2999999523162842,0.3012144702170105,-0.30000001192092896,0.3103092908859253,0.3256410248976746,-0.30000001192092896,-0.17096775392092894,-0.28989900192092893,-0.30000001192092896,-0.30000001192092896,-0.30000001192092896,1.0272727389209289,-0.30000001192092896,0.30000001192092896,-0.30000001192092896,-0.29983989952523804
1.2999999523162842,0.3000163844170105,-0.30000001192092896,0.3103092908859253,0.2999999988976746,-0.30000001192092896,-0.08225807692092896,-0.027272738920928963,-0.30000001192092896,-0.30000001192092896,-0.30000001192092896,0.30000001192092896,-0.30000001192092896,0.30000001192092896,-0.30000001192092896,-0.299950778925238
1.2999999523162842,0.3618279022170105,-0.30000001192092896,0.3103092908859253,0.4025641018976746,-0.30000001192092896,-0.25161291492092897,-0.28989900192092893,-0.30000001192092896,-0.30000001192092896,-0.30000001192092896,0.817379690920929,-0.03443984592092897,0.908976793920929,-0.30000001192092896,-0.257490084525238
1.2999999523162842,0.5126867062170105,-0.30000001192092896,0.3103092908859253,0.5222222208976746,-0.30000001192092896,-0.30000001192092896,-0.30000001192092896,-0.30000001192092896,-0.30000001192092896,-0.30000001192092896,0.30000001192092896,-0.30000001192092896,0.30000001192092896,-0.30000001192092896,-0.29990088312523805
1.2999999523162842,0.4517979122170105,-0.30000001192092896,0.3103092908859253,0.5307692298976746,-0.30000001192092896,-0.30000001192092896,-0.30000001192092896,-0.30000001192092896,-0.30000001192092896,-0.30000001192092896,0.30000001192092896,-0.30000001192092896,0.30000001192092896,-0.30000001192092896,-0.29990088312523805
1.2999999523162842,0.5135745922170105,-0.30000001192092896,0.3103092908859253,0.5307692298976746,-0.30000001192092896,-0.30000001192092896,-0.30000001192092896,-0.30000001192092896,-0.30000001192092896,-0.30000001192092896,0.30000001192092896,-0.30000001192092896,0.30000001192092896,-0.30000001192092896,-0.299900661325238
1.2999999523162842,0.5726667132170105,-0.30000001192092896,0.3103092908859253,0.4794871778976746,-0.30000001192092896,-0.30000001192092896,-0.30000001192092896,-0.30000001192092896,-0.30000001192092896,-0.30000001192092896,0.30000001192092896,-0.295850633920929,1.0698410809209289,-0.30000001192092896,-0.299506595525238
1.2999999523162842,0.4212020502170105,-0.30000001192092896,0.3103092908859253,0.3598290588976746,-0.30000001192092896,-0.24354839892092894,-0.22929294092092894,-0.30000001192092896,-0.30000001192092896,-0.30000001192092896,0.30000001192092896,-0.30000001192092896,0.30000001192092896,-0.30000001192092896,-0.299855200525238
1.2999999523162842,0.5726667132170105,-0.30000001192092896,0.3103092908859253,0.5051282038976745,-0.30000001192092896,-0.30000001192092896,-0.30000001192092896,-0.30000001192092896,-0.30000001192092896,-0.30000001192092896,0.30000001192092896,-0.30000001192092896,0.30000001192092896,-0.30000001192092896,-0.299900661325238
1.2999999523162842,0.3027448692170105,-0.30000001192092896,0.3103092908859253,0.3512820498976746,-0.30000001192092896,-0.29193549592092893,-0.28989900192092893,-0.30000001192092896,-0.30000001192092896,-0.30000001192092896,0.37687166992092896,-0.06348548892092895,0.703775702920929,-0.30000001192092896,-0.28063931452523805
1.2999999523162842,0.6041713632170105,-0.30000001192092896,0.3103092908859253,0.5222222208976746,-0.30000001192092896,-0.30000001192092896,-0.30000001192092896,-0.30000001192092896,-0.30000001192092896,-0.30000001192092896,0.30000001192092896,-0.295850633920929,0.9714153699209289,-0.30000001192092896,-0.29953941552523805
1.2999999523162842,0.5429796392170105,-0.30000001192092896,0.3103092908859253,0.5307692298976746,-0.30000001192092896,-0.30000001192092896,-0.30000001192092896,-0.30000001192092896,-0.30000001192092896,-0.30000001192092896,0.30000001192092896,-0.30000001192092896,0.30000001192092896,-0.30000001192092896,-0.29990043962523805
1.2999999523162842,0.3003090142170105,-0.30000001192092896,0.3103092908859253,0.2999999988976746,-0.30000001192092896,-0.13870968892092894,-0.09797980992092895,-0.30000001192092896,-0.30000001192092896,-0.30000001192092896,0.30000001192092896,-0.30000001192092896,0.30000001192092896,-0.30000001192092896,-0.29802723852523805
1.2999999523162842,0.4826967032170105,-0.30000001192092896,0.3103092908859253,0.5136752128976746,-0.30000001192092896,-0.30000001192092896,-0.30000001192092896,-0.30000001192092896,-0.30000001192092896,-0.30000001192092896,0.30000001192092896,-0.30000001192092896,0.30000001192092896,-0.30000001192092896,-0.299901104925238
1.2999999523162842,0.3324349722170105,-0.30000001192092896,0.3103092908859253,0.3683760668976746,-0.30000001192092896,-0.26774194692092895,-0.28989900192092893,-0.30000001192092896,-0.30000001192092896,-0.30000001192092896,0.7278074989209289,-0.30000001192092896,0.30000001192092896,-0.30000001192092896,-0.29984366952523805
1.2999999523162842,0.3303232522170105,-0.30000001192092896,0.3103092908859253,0.33418803289767457,-0.30000001192092896,-0.28387097992092897,-0.28989900192092893,-0.30000001192092896,-0.30000001192092896,-0.30000001192092896,0.575401081920929,0.15228214607907103,0.9204494499209289,-0.30000001192092896,-0.277201158525238
1.2999999523162842,0.3305961912170105,-0.30000001192092896,0.3103092908859253,0.33418803289767457,-0.30000001192092896,0.2161290200790711,0.346464634079071,-0.30000001192092896,-0.30000001192092896,-0.30000001192092896,0.30000001192092896,-0.30000001192092896,0.30000001192092896,-0.30000001192092896,-0.29983989952523804
1.2999999523162842,0.42150497921701047,-0.30000001192092896,0.3103092908859253,0.5222222208976746,-0.30000001192092896,-0.30000001192092896,-0.30000001192092896,-0.30000001192092896,-0.30000001192092896,-0.30000001192092896,0.30000001192092896,-0.295850633920929,1.1335675959209288,-0.30000001192092896,-0.29889476152523803
1.2999999523162842,0.39090790521701047,-0.30000001192092896,0.44432990988592536,0.5307692298976746,-0.30000001192092896,-0.30000001192092896,-0.30000001192092896,-0.30000001192092896,-0.30000001192092896,-0.30000001192092896,0.30000001192092896,-0.24605810292092894,0.808402569920929,-0.30000001192092896,-0.29550849652523803
1.2999999523162842,0.7544243092170104,-0.30000001192092896,0.3103092908859253,0.3769230758976746,-0.30000001192092896,-0.30000001192092896,-0.30000001192092896,-0.30000001192092896,-0.30000001192092896,-0.30000001192092896,0.30000001192092896,-0.30000001192092896,0.30000001192092896,-0.30000001192092896,-0.29972591552523803
1.2999999523162842,0.3009369862170105,-0.30000001192092896,0.3103092908859253,0.34273504189767456,-0.30000001192092896,-0.09032259292092895,-0.28989900192092893,-0.30000001192092896,-0.30000001192092896,-0.30000001192092896,1.099465252920929,-0.20041494992092895,1.077346022920929,-0.30000001192092896,-0.250032763525238
1.2999999523162842,0.5132925652170105,-0.30000001192092896,0.3103092908859253,0.5222222208976746,-0.30000001192092896,-0.30000001192092896,-0.30000001192092896,-0.30000001192092896,-0.30000001192092896,-0.30000001192092896,0.30000001192092896,-0.30000001192092896,0.30000001192092896,-0.30000001192092896,-0.299900661325238
1.2999999523162842,0.3915149762170105,-0.30000001192092896,0.3103092908859253,0.5136752128976746,-0.30000001192092896,-0.30000001192092896,-0.30000001192092896,-0.30000001192092896,-0.30000001192092896,-0.30000001192092896,0.30000001192092896,-0.30000001192092896,0.30000001192092896,-0.30000001192092896,-0.29965007352523804
1.2999999523162842,0.3930296222170105,-0.30000001192092896,0.3103092908859253,0.5136752128976746,-0.30000001192092896,-0.30000001192092896,-0.30000001192092896,-0.30000001192092896,-0.30000001192092896,-0.30000001192092896,0.30000001192092896,-0.30000001192092896,0.30000001192092896,-0.30000001192092896,-0.298703161525238
1.2999999523162842,0.3003038642170105,-0.30000001192092896,0.3103092908859253,0.2999999988976746,-0.30000001192092896,-0.17903226992092897,-0.14848485992092897,-0.30000001192092896,-0.30000001192092896,-0.30000001192092896,0.30000001192092896,-0.30000001192092896,0.30000001192092896,-0.30000001192092896,-0.29478179152523803
1.2999999523162842,0.3612081082170105,-0.30000001192092896,0.3103092908859253,0.4111111098976746,-0.30000001192092896,-0.26774194692092895,-0.28989900192092893,-0.30000001192092896,-0.30000001192092896,-0.30000001192092896,0.7278074989209289,-0.30000001192092896,0.30000001192092896,-0.30000001192092896,-0.26409607252523803
1.2999999523162842,0.3348605272170105,-0.30000001192092896,0.3103092908859253,0.3512820498976746,-0.30000001192092896,-0.19516130192092895,-0.28989900192092893,-0.30000001192092896,-0.30000001192092896,-0.30000001192092896,0.9951871779209289,-0.30000001192092896,0.30000001192092896,-0.30000001192092896,-0.29984256052523806
1.2999999523162842,0.4817879152170105,-0.30000001192092896,0.3103092908859253,0.5222222208976746,-0.30000001192092896,-0.30000001192092896,-0.30000001192092896,-0.30000001192092896,-0.30000001192092896,-0.30000001192092896,0.30000001192092896,-0.295850633920929,1.092871814920929,-0.30000001192092896,-0.29907239052523804
1.2999999523162842,0.6044742922170105,-0.30000001192092896,0.3103092908859253,0.5222222208976746,-0.30000001192092896,-0.30000001192092896,-0.30000001192092896,-0.30000001192092896,-0.30000001192092896,-0.30000001192092896,0.30000001192092896,-0.30000001192092896,0.30000001192092896,-0.30000001192092896,-0.299627453525238
1.2999999523162842,0.6332525782170104,-0.30000001192092896,0.3103092908859253,0.5051282038976745,-0.30000001192092896,-0.30000001192092896,-0.30000001192092896,-0.30000001192092896,-0.30000001192092896,-0.30000001192092896,0.30000001192092896,-0.29170125692092896,0.9164036419209289,-0.30000001192092896,-0.29907172552523803
1.2999999523162842,0.3336521422170105,-0.30000001192092896,0.3103092908859253,0.3085470078976746,-0.30000001192092896,0.07096773007907103,0.16464645307907105,-0.30000001192092896,-0.30000001192092896,-0.30000001192092896,0.31871658992092894,-0.30000001192092896,0.30000001192092896,-0.30000001192092896,-0.299842116525238
1.2999999523162842,0.3021311342170105,-0.30000001192092896,0.3103092908859253,0.38547008389767456,-0.30000001192092896,-0.21935485092092893,-0.19898991092092894,-0.30000001192092896,-0.30000001192092896,-0.30000001192092896,0.30000001192092896,-0.30000001192092896,0.30000001192092896,-0.30000001192092896,-0.29983745952523805
1.2999999523162842,0.4817745862170105,-0.30000001192092896,0.3103092908859253,0.3256410248976746,-0.30000001192092896,-0.25967743092092893,-0.24949496092092896,-0.30000001192092896,-0.30000001192092896,-0.30000001192092896,0.30000001192092896,-0.30000001192092896,0.30000001192092896,-0.30000001192092896,-0.29986140952523804
1.2999999523162842,0.4220896322170105,-0.30000001192092896,0.3103092908859253,0.4025641018976746,-0.30000001192092896,-0.28387097992092897,-0.28989900192092893,-0.30000001192092896,-0.30000001192092896,-0.30000001192092896,0.5747326319209289,-0.30000001192092896,0.30000001192092896,-0.30000001192092896,-0.299862075525238
1.2999999523162842,1.0273636322170105,-0.30000001192092896,0.3103092908859253,0.3683760668976746,-0.30000001192092896,-0.30000001192092896,-0.30000001192092896,-0.30000001192092896,-0.30000001192092896,-0.30000001192092896,0.30000001192092896,-0.30000001192092896,0.30000001192092896,-0.30000001192092896,-0.299721701525238
1.2999999523162842,0.9361819052170105,-0.30000001192092896,0.3103092908859253,0.3769230758976746,-0.30000001192092896,-0.30000001192092896,-0.30000001192092896,-0.30000001192092896,-0.30000001192092896,-0.30000001192092896,0.30000001192092896,-0.30000001192092896,0.30000001192092896,-0.30000001192092896,-0.29990487482523803
1.2999999523162842,0.4820908442170105,-0.30000001192092896,0.3103092908859253,0.5136752128976746,-0.30000001192092896,-0.30000001192092896,-0.30000001192092896,-0.30000001192092896,-0.30000001192092896,-0.30000001192092896,0.30000001192092896,-0.30000001192092896,0.30000001192092896,-0.30000001192092896,-0.299256450525238
1.2999999523162842,0.4239284142170105,-0.30000001192092896,0.3103092908859253,0.5222222208976746,-0.30000001192092896,-0.30000001192092896,-0.30000001192092896,-0.30000001192092896,-0.30000001192092896,-0.30000001192092896,0.30000001192092896,-0.295850633920929,0.9994728719209289,-0.30000001192092896,-0.29892115052523804
1.2999999523162842,0.5738784302170106,-0.30000001192092896,0.3103092908859253,0.5136752128976746,-0.30000001192092896,-0.30000001192092896,-0.30000001192092896,-0.30000001192092896,-0.30000001192092896,-0.30000001192092896,0.30000001192092896,-0.29170125692092896,0.755274616920929,-0.30000001192092896,-0.29853218452523805
1.2999999523162842,0.3318309312170105,-0.30000001192092896,0.3103092908859253,0.3170940158976746,-0.30000001192092896,-0.025806463920928946,-0.28989900192092893,-0.30000001192092896,-0.30000001192092896,-0.30000001192092896,1.1409091029209288,-0.30000001192092896,0.30000001192092896,-0.30000001192092896,-0.29984056452523805
1.2999999523162842,0.3345430572170105,-0.30000001192092896,0.3103092908859253,0.3598290588976746,-0.30000001192092896,-0.17096775392092894,-0.13838384992092895,-0.30000001192092896,-0.30000001192092896,-0.30000001192092896,0.30000001192092896,-0.30000001192092896,0.30000001192092896,-0.30000001192092896,-0.299842116525238
1.2999999523162842,0.36061254921701047,-0.30000001192092896,0.4752577448859253,0.5393162378976746,-0.30000001192092896,-0.30000001192092896,-0.30000001192092896,-0.30000001192092896,-0.30000001192092896,-0.30000001192092896,0.30000001192092896,-0.24605810292092894,0.7381502899209289,-0.30000001192092896,-0.24031083652523805
0.2999999523162842,0.3009136612170105,-0.10312695292092897,0.3000000128859253,0.33418803289767457,0.699999988079071,-0.30000001192092896,-0.30000001192092896,0.699999988079071,0.033333321079071054,-0.22946059292092896,0.30000001192092896,-0.30000001192092896,0.30000001192092896,-0.10000001192092894,-0.299241370525238
1.2999999523162842,0.6938384432170105,-0.30000001192092896,0.3103092908859253,0.3769230758976746,-0.30000001192092896,-0.30000001192092896,-0.30000001192092896,-0.30000001192092896,-0.30000001192092896,-0.30000001192092896,0.30000001192092896,-0.29170125692092896,1.018495879920929,-0.30000001192092896,-0.29937176552523803
1.2999999523162842,0.3042449752170105,-0.30000001192092896,0.3103092908859253,0.3598290588976746,-0.30000001192092896,-0.21935485092092893,-0.28989900192092893,-0.30000001192092896,-0.30000001192092896,-0.30000001192092896,0.9417112419209289,-0.10082988792092895,0.695747523920929,-0.30000001192092896,-0.25045432752523805
1.2999999523162842,0.4233225552170105,-0.30000001192092896,0.3103092908859253,0.5222222208976746,-0.30000001192092896,-0.28387097992092897,-0.28989900192092893,-0.30000001192092896,-0.30000001192092896,-0.30000001192092896,0.575401081920929,-0.30000001192092896,0.30000001192092896,-0.30000001192092896,-0.299858083525238
1.2999999523162842,0.4520796362170105,-0.30000001192092896,0.3103092908859253,0.5136752128976746,-0.30000001192092896,-0.30000001192092896,-0.30000001192092896,-0.30000001192092896,-0.30000001192092896,-0.30000001192092896,0.30000001192092896,-0.29170125692092896,0.726050401920929,-0.30000001192092896,-0.299029369525238
1.2999999523162842,0.4520720632170105,-0.30000001192092896,0.3103092908859253,0.5051282038976745,-0.30000001192092896,-0.30000001192092896,-0.30000001192092896,-0.30000001192092896,-0.30000001192092896,-0.30000001192092896,0.30000001192092896,-0.27510374592092895,0.981370357920929,-0.30000001192092896,-0.29898457352523805
1.2999999523162842,0.42180790821701053,-0.30000001192092896,0.3103092908859253,0.5051282038976745,-0.30000001192092896,-0.30000001192092896,-0.30000001192092896,-0.30000001192092896,-0.30000001192092896,-0.30000001192092896,0.30000001192092896,-0.295850633920929,0.7712671929209289,-0.30000001192092896,-0.299467565525238
0.2999999523162842,0.3015195202170105,-0.14639567892092895,0.3000000128859253,0.34273504189767456,0.699999988079071,-0.30000001192092896,-0.30000001192092896,0.699999988079071,-0.027272738920928963,-0.14232366292092896,0.30000001192092896,-0.30000001192092896,0.30000001192092896,-0.10000001192092894,-0.29849670352523805
1.2999999523162842,0.3018191172170105,-0.30000001192092896,0.5268041368859253,0.3940170928976746,-0.30000001192092896,-0.27580646392092895,-0.28989900192092893,-0.30000001192092896,-0.30000001192092896,-0.30000001192092896,0.6629679259209289,0.45103733207907104,0.9682757449209289,-0.30000001192092896,-0.22768009252523802
0.2999999523162842,0.3302990172170105,-0.10464337092092896,0.3000000128859253,0.3170940158976746,0.699999988079071,-0.30000001192092896,-0.30000001192092896,0.699999988079071,-0.15858587092092896,-0.22946059292092896,0.30000001192092896,-0.26680499092092896,0.914442910920929,-0.23333334492092894,-0.29923671452523803
1.2999999523162842,0.3021444632170105,-0.30000001192092896,0.3103092908859253,0.3598290588976746,-0.30000001192092896,-0.13064517292092895,-0.08787879992092895,-0.30000001192092896,-0.30000001192092896,-0.30000001192092896,0.30000001192092896,-0.30000001192092896,0.30000001192092896,-0.30000001192092896,-0.28092715852523803
1.2999999523162842,0.42150497921701047,-0.30000001192092896,0.3103092908859253,0.5222222208976746,-0.30000001192092896,-0.30000001192092896,-0.30000001192092896,-0.30000001192092896,-0.30000001192092896,-0.30000001192092896,0.30000001192092896,-0.30000001192092896,0.30000001192092896,-0.30000001192092896,-0.299507260525238
1.2999999523162842,0.3321302252170105,-0.30000001192092896,0.3103092908859253,0.3256410248976746,-0.30000001192092896,0.0064516010790710565,-0.28989900192092893,-0.30000001192092896,-0.30000001192092896,-0.30000001192092896,1.138235305920929,-0.30000001192092896,0.30000001192092896,-0.30000001192092896,-0.250722434525238
1.2999999523162842,0.3327385072170105,-0.30000001192092896,0.3103092908859253,0.3512820498976746,-0.30000001192092896,-0.21129033492092897,-0.28989900192092893,-0.30000001192092896,-0.30000001192092896,-0.30000001192092896,0.961764717920929,-0.30000001192092896,0.30000001192092896,-0.30000001192092896,-0.24988063652523804
1.2999999523162842,0.4524037702170105,-0.30000001192092896,0.3103092908859253,0.5222222208976746,-0.30000001192092896,-0.30000001192092896,-0.30000001192092896,-0.30000001192092896,-0.30000001192092896,-0.30000001192092896,0.30000001192092896,-0.30000001192092896,0.30000001192092896,-0.30000001192092896,-0.29990043962523805
1.2999999523162842,0.4521008412170105,-0.30000001192092896,0.3103092908859253,0.5222222208976746,-0.30000001192092896,-0.30000001192092896,-0.30000001192092896,-0.30000001192092896,-0.30000001192092896,-0.30000001192092896,0.30000001192092896,-0.30000001192092896,0.30000001192092896,-0.30000001192092896,-0.29126845952523805
1.2999999523162842,0.5429687332170106,-0.30000001192092896,0.3103092908859253,0.5136752128976746,-0.30000001192092896,-0.30000001192092896,-0.30000001192092896,-0.30000001192092896,-0.30000001192092896,-0.30000001192092896,0.30000001192092896,-0.30000001192092896,0.30000001192092896,-0.30000001192092896,-0.299901104925238
1.2999999523162842,0.36061618421701047,-0.30000001192092896,0.3103092908859253,0.3598290588976746,-0.30000001192092896,-0.28387097992092897,-0.28989900192092893,-0.30000001192092896,-0.30000001192092896,-0.30000001192092896,0.575401081920929,0.12738588007907103,0.7939963459209289,-0.30000001192092896,-0.25604709652523805
1.2999999523162842,0.4527067002170105,-0.30000001192092896,0.3103092908859253,0.5222222208976746,-0.30000001192092896,-0.30000001192092896,-0.30000001192092896,-0.30000001192092896,-0.30000001192092896,-0.30000001192092896,0.30000001192092896,-0.295850633920929,0.713624865920929,-0.30000001192092896,-0.29953697652523803
1.2999999523162842,0.6035655042170105,-0.30000001192092896,0.3103092908859253,0.5222222208976746,-0.30000001192092896,-0.30000001192092896,-0.30000001192092896,-0.30000001192092896,-0.30000001192092896,-0.30000001192092896,0.30000001192092896,-0.30000001192092896,0.30000001192092896,-0.30000001192092896,-0.29929193252523806
1.2999999523162842,1.0273636322170105,-0.30000001192092896,0.3103092908859253,0.3598290588976746,-0.30000001192092896,-0.30000001192092896,-0.30000001192092896,-0.30000001192092896,-0.30000001192092896,-0.30000001192092896,0.30000001192092896,-0.30000001192092896,0.30000001192092896,-0.30000001192092896,-0.29984566552523806
1.2999999523162842,0.3927009442170105,-0.30000001192092896,0.3103092908859253,0.34273504189767456,-0.30000001192092896,-0.27580646392092895,-0.28989900192092893,-0.30000001192092896,-0.30000001192092896,-0.30000001192092896,0.6629679259209289,-0.30000001192092896,0.30000001192092896,-0.30000001192092896,-0.299854978525238
1.2999999523162842,0.4517703452170105,-0.30000001192092896,0.3103092908859253,0.5222222208976746,-0.30000001192092896,-0.30000001192092896,-0.30000001192092896,-0.30000001192092896,-0.30000001192092896,-0.30000001192092896,0.30000001192092896,-0.30000001192092896,0.30000001192092896,-0.30000001192092896,-0.291272007525238
1.2999999523162842,0.3012214372170105,-0.30000001192092896,0.3103092908859253,0.34273504189767456,-0.30000001192092896,0.030645149079071066,-0.28989900192092893,-0.30000001192092896,-0.30000001192092896,-0.30000001192092896,1.149598941920929,-0.30000001192092896,0.30000001192092896,-0.30000001192092896,-0.299837238525238
1.2999999523162842,0.4521008412170105,-0.30000001192092896,0.3103092908859253,0.5136752128976746,-0.30000001192092896,-0.30000001192092896,-0.30000001192092896,-0.30000001192092896,-0.30000001192092896,-0.30000001192092896,0.30000001192092896,-0.30000001192092896,0.30000001192092896,-0.30000001192092896,-0.299041787525238
1.2999999523162842,0.3309291102170105,-0.30000001192092896,0.3103092908859253,0.3256410248976746,-0.30000001192092896,-0.17903226992092897,-0.28989900192092893,-0.30000001192092896,-0.30000001192092896,-0.30000001192092896,1.021925145920929,-0.14647304092092894,0.901223653920929,-0.30000001192092896,-0.253707980525238
1.2999999523162842,0.3006331482170105,-0.30000001192092896,0.3103092908859253,0.3683760668976746,-0.30000001192092896,-0.21129033492092897,-0.28989900192092893,-0.30000001192092896,-0.30000001192092896,-0.30000001192092896,0.9610962689209289,-0.12987553092092896,1.0151738689209289,-0.30000001192092896,-0.24727762552523802
1.2999999523162842,0.6635455112170106,-0.30000001192092896,0.3103092908859253,0.3769230758976746,-0.30000001192092896,-0.30000001192092896,-0.30000001192092896,-0.30000001192092896,-0.30000001192092896,-0.30000001192092896,0.30000001192092896,-0.30000001192092896,0.30000001192092896,-0.30000001192092896,-0.29965406552523804
1.2999999523162842,0.3921062942170105,-0.30000001192092896,0.3103092908859253,0.5307692298976746,-0.30000001192092896,-0.30000001192092896,-0.30000001192092896,-0.30000001192092896,-0.30000001192092896,-0.30000001192092896,0.30000001192092896,-0.2875518789209289,1.037685921920929,-0.30000001192092896,-0.298372074525238
1.2999999523162842,0.4524037702170105,-0.30000001192092896,0.3103092908859253,0.5136752128976746,-0.30000001192092896,-0.30000001192092896,-0.30000001192092896,-0.30000001192092896,-0.30000001192092896,-0.30000001192092896,0.30000001192092896,-0.30000001192092896,0.30000001192092896,-0.30000001192092896,-0.29968599852523803
1.2999999523162842,0.3003078022170105,-0.30000001192092896,0.3103092908859253,0.3256410248976746,-0.30000001192092896,-0.09838710892092895,-0.28989900192092893,-0.30000001192092896,-0.30000001192092896,-0.30000001192092896,1.1021390489209288,-0.30000001192092896,0.30000001192092896,-0.30000001192092896,-0.29983901252523804
1.2999999523162842,0.6332525782170104,-0.30000001192092896,0.3103092908859253,0.5136752128976746,-0.30000001192092896,-0.30000001192092896,-0.30000001192092896,-0.30000001192092896,-0.30000001192092896,-0.30000001192092896,0.30000001192092896,-0.29170125692092896,0.7712671929209289,-0.30000001192092896,-0.29986140952523804
1.2999999523162842,0.3930296222170105,-0.30000001192092896,0.3103092908859253,0.33418803289767457,-0.30000001192092896,-0.23548388292092895,-0.21919193092092895,-0.30000001192092896,-0.30000001192092896,-0.30000001192092896,0.30000001192092896,-0.30000001192092896,0.30000001192092896,-0.30000001192092896,-0.299856087525238
1.2999999523162842,0.3618279022170105,-0.30000001192092896,0.3103092908859253,0.5222222208976746,-0.30000001192092896,-0.30000001192092896,-0.30000001192092896,-0.30000001192092896,-0.30000001192092896,-0.30000001192092896,0.30000001192092896,-0.283402501920929,0.9188818659209289,-0.30000001192092896,-0.299442728525238
1.2999999523162842,0.3015449662170105,-0.30000001192092896,0.3103092908859253,0.3256410248976746,-0.30000001192092896,-0.05806452792092895,-0.28989900192092893,-0.30000001192092896,-0.30000001192092896,-0.30000001192092896,1.122192524920929,-0.20041494992092895,0.979299344920929,-0.30000001192092896,-0.22871149452523803
1.2999999523162842,0.4211732712170105,-0.30000001192092896,0.3103092908859253,0.41965811889767457,-0.30000001192092896,-0.29193549592092893,-0.28989900192092893,-0.30000001192092896,-0.30000001192092896,-0.30000001192092896,0.4610962689209289,0.21452281007907104,0.9682757449209289,-0.30000001192092896,-0.26871243552523805
1.2999999523162842,0.3324270962170105,-0.30000001192092896,0.3103092908859253,0.3256410248976746,-0.30000001192092896,-0.18709678592092896,-0.28989900192092893,-0.30000001192092896,-0.30000001192092896,-0.30000001192092896,1.011229958920929,-0.15477179592092896,0.766397456920929,-0.30000001192092896,-0.25130144852523806
1.2999999523162842,0.3312017472170105,-0.30000001192092896,0.3103092908859253,0.33418803289767457,-0.30000001192092896,-0.20322581792092898,-0.17878789092092895,-0.30000001192092896,-0.30000001192092896,-0.30000001192092896,0.30000001192092896,-0.30000001192092896,0.30000001192092896,-0.30000001192092896,-0.29983967752523805
1.2999999523162842,0.3615104322170105,-0.30000001192092896,0.3103092908859253,0.3512820498976746,-0.30000001192092896,-0.10645162492092897,-0.05757576992092894,-0.30000001192092896,-0.30000001192092896,-0.30000001192092896,0.30000001192092896,-0.30000001192092896,0.30000001192092896,-0.30000001192092896,-0.299843225525238
1.2999999523162842,0.3000242605170105,-0.30000001192092896,0.3103092908859253,0.2999999988976746,-0.30000001192092896,-0.22741936692092896,-0.28989900192092893,-0.30000001192092896,-0.30000001192092896,-0.30000001192092896,0.919652417920929,-0.08838175492092895,1.1746556309209288,-0.30000001192092896,-0.251797080525238
1.2999999523162842,0.3324370922170105,-0.30000001192092896,0.3103092908859253,0.3512820498976746,-0.30000001192092896,-0.18709678592092896,-0.28989900192092893,-0.30000001192092896,-0.30000001192092896,-0.30000001192092896,1.011229958920929,-0.30000001192092896,0.30000001192092896,-0.30000001192092896,-0.29983967752523805
1.2999999523162842,0.36061618421701047,-0.30000001192092896,0.3103092908859253,0.34273504189767456,-0.30000001192092896,-0.30000001192092896,-0.30000001192092896,-0.30000001192092896,-0.30000001192092896,-0.30000001192092896,0.30000001192092896,-0.30000001192092896,0.30000001192092896,-0.30000001192092896,-0.299575783525238
1.2999999523162842,0.4820893302170105,-0.30000001192092896,0.3103092908859253,0.5136752128976746,-0.30000001192092896,-0.30000001192092896,-0.30000001192092896,-0.30000001192092896,-0.30000001192092896,-0.30000001192092896,0.30000001192092896,-0.30000001192092896,0.30000001192092896,-0.30000001192092896,-0.29990531832523804
1.2999999523162842,0.3021287102170105,-0.30000001192092896,0.3103092908859253,0.33418803289767457,-0.30000001192092896,-0.25161291492092897,-0.23939395092092897,-0.30000001192092896,-0.30000001192092896,-0.30000001192092896,0.30000001192092896,-0.30000001192092896,0.30000001192092896,-0.30000001192092896,-0.299837238525238
1.2999999523162842,0.3909091172170105,-0.30000001192092896,0.3103092908859253,0.5136752128976746,-0.30000001192092896,-0.30000001192092896,-0.30000001192092896,-0.30000001192092896,-0.30000001192092896,-0.30000001192092896,0.30000001192092896,-0.2875518789209289,0.695747523920929,-0.30000001192092896,-0.29928106552523803
1.2999999523162842,0.3003129522170105,-0.30000001192092896,0.3103092908859253,0.3512820498976746,-0.30000001192092896,-0.050000011920928955,-0.28989900192092893,-0.30000001192092896,-0.30000001192092896,-0.30000001192092896,1.1288770169209288,-0.30000001192092896,0.30000001192092896,-0.30000001192092896,-0.29983967752523805
1.2999999523162842,0.3021368892170105,-0.30000001192092896,0.3927835178859253,0.4538461528976746,-0.30000001192092896,-0.29193549592092893,-0.28989900192092893,-0.30000001192092896,-0.30000001192092896,-0.30000001192092896,0.460427818920929,0.695850610079071,1.003730975920929,-0.30000001192092896,-0.25039023952523803
1.2999999523162842,0.4536154882170105,-0.30000001192092896,0.3103092908859253,0.38547008389767456,-0.30000001192092896,-0.29193549592092893,-0.28989900192092893,-0.30000001192092896,-0.30000001192092896,-0.30000001192092896,0.45909092092092896,0.687551855079071,0.7381502899209289,-0.30000001192092896,-0.26063840152523804
1.2999999523162842,0.3009378952170105,-0.30000001192092896,0.3103092908859253,0.3085470078976746,-0.30000001192092896,0.2645161170790711,-0.28989900192092893,-0.30000001192092896,-0.30000001192092896,-0.30000001192092896,1.1890374449209289,-0.30000001192092896,0.30000001192092896,-0.30000001192092896,-0.29983967752523805
1.2999999523162842,0.3327324492170105,-0.30000001192092896,0.4752577448859253,0.5393162378976746,-0.30000001192092896,-0.30000001192092896,-0.30000001192092896,0.699999988079071,-0.30000001192092896,-0.30000001192092896,0.30000001192092896,-0.24605810292092894,1.0696440369209288,-0.30000001192092896,-0.22116546952523802
1.2999999523162842,0.4539184172170105,-0.30000001192092896,0.3103092908859253,0.5307692298976746,-0.30000001192092896,-0.30000001192092896,-0.30000001192092896,-0.30000001192092896,-0.30000001192092896,-0.30000001192092896,0.30000001192092896,-0.295850633920929,0.6983733689209289,-0.30000001192092896,-0.29896062352523806
1.2999999523162842,0.4820908442170105,-0.30000001192092896,0.3103092908859253,0.5222222208976746,-0.30000001192092896,-0.30000001192092896,-0.30000001192092896,-0.30000001192092896,-0.30000001192092896,-0.30000001192092896,0.30000001192092896,-0.2875518789209289,0.944194374920929,-0.30000001192092896,-0.299002314525238
1.2999999523162842,0.4817879152170105,-0.30000001192092896,0.3103092908859253,0.5136752128976746,-0.30000001192092896,-0.30000001192092896,-0.30000001192092896,-0.30000001192092896,-0.30000001192092896,-0.30000001192092896,0.30000001192092896,-0.30000001192092896,0.30000001192092896,-0.30000001192092896,-0.29943585352523805
1.2999999523162842,0.6032625752170104,-0.30000001192092896,0.3103092908859253,0.3769230758976746,-0.30000001192092896,-0.30000001192092896,-0.30000001192092896,-0.30000001192092896,-0.30000001192092896,-0.30000001192092896,0.30000001192092896,-0.283402501920929,0.721907532920929,-0.30000001192092896,-0.299527883525238
1.2999999523162842,0.3345630502170105,-0.30000001192092896,0.3103092908859253,0.3598290588976746,-0.30000001192092896,-0.29193549592092893,-0.28989900192092893,-0.30000001192092896,-0.30000001192092896,-0.30000001192092896,0.4610962689209289,0.699999988079071,0.748362389920929,-0.30000001192092896,-0.24300587652523803
1.2999999523162842,0.4517779182170105,-0.30000001192092896,0.48556702288592535,0.5393162378976746,-0.30000001192092896,-0.30000001192092896,-0.30000001192092896,-0.30000001192092896,-0.30000001192092896,-0.30000001192092896,0.30000001192092896,-0.24605810292092894,1.119382977920929,-0.30000001192092896,-0.29453297752523805
1.2999999523162842,0.3315177022170105,-0.30000001192092896,0.3103092908859253,0.33418803289767457,-0.30000001192092896,-0.05806452792092895,0.0030302910790710458,-0.30000001192092896,-0.30000001192092896,-0.30000001192092896,0.30000001192092896,-0.30000001192092896,0.30000001192092896,-0.30000001192092896,-0.282041942525238
1.2999999523162842,0.42271669621701047,-0.30000001192092896,0.3103092908859253,0.5136752128976746,-0.30000001192092896,-0.30000001192092896,-0.30000001192092896,-0.30000001192092896,-0.30000001192092896,-0.30000001192092896,0.30000001192092896,-0.295850633920929,0.973676295920929,-0.30000001192092896,-0.29936001252523803
1.2999999523162842,0.5435854982170105,-0.30000001192092896,0.3103092908859253,0.5222222208976746,-0.30000001192092896,-0.30000001192092896,-0.30000001192092896,-0.30000001192092896,-0.30000001192092896,-0.30000001192092896,0.30000001192092896,-0.29170125692092896,0.856131456920929,-0.30000001192092896,-0.299524114525238
1.2999999523162842,0.3608957882170105,-0.30000001192092896,0.3103092908859253,0.3170940158976746,-0.30000001192092896,-0.05806452792092895,0.0030302910790710458,-0.30000001192092896,-0.30000001192092896,-0.30000001192092896,0.30000001192092896,-0.30000001192092896,0.30000001192092896,-0.30000001192092896,-0.299842116525238
1.2999999523162842,0.4533125582170105,-0.30000001192092896,0.3103092908859253,0.3170940158976746,-0.30000001192092896,-0.21935485092092893,-0.19898991092092894,-0.30000001192092896,-0.30000001192092896,-0.30000001192092896,0.30000001192092896,-0.30000001192092896,0.30000001192092896,-0.30000001192092896,-0.28048541352523804
1.2999999523162842,0.4239284142170105,-0.30000001192092896,0.3103092908859253,0.5307692298976746,-0.30000001192092896,-0.30000001192092896,-0.30000001192092896,-0.30000001192092896,-0.30000001192092896,-0.30000001192092896,0.30000001192092896,-0.2875518789209289,0.6844697329209289,-0.30000001192092896,-0.29863885052523803
1.2999999523162842,0.3051786032170105,-0.30000001192092896,0.3103092908859253,0.3170940158976746,-0.30000001192092896,-0.20322581792092898,-0.17878789092092895,-0.30000001192092896,-0.30000001192092896,-0.30000001192092896,0.30000001192092896,-0.30000001192092896,0.30000001192092896,-0.30000001192092896,-0.29983901252523804
1.2999999523162842,0.3633425482170105,-0.30000001192092896,0.3103092908859253,0.3170940158976746,-0.30000001192092896,-0.16290323792092895,-0.12828283992092895,-0.30000001192092896,-0.30000001192092896,-0.30000001192092896,0.30000001192092896,-0.30000001192092896,0.30000001192092896,-0.30000001192092896,-0.29985542252523806
1.2999999523162842,0.4833025622170105,-0.30000001192092896,0.3103092908859253,0.5222222208976746,-0.30000001192092896,-0.30000001192092896,-0.30000001192092896,-0.30000001192092896,-0.30000001192092896,-0.30000001192092896,0.30000001192092896,-0.30000001192092896,0.30000001192092896,-0.30000001192092896,-0.29939992852523806
1.2999999523162842,0.4521008412170105,-0.30000001192092896,0.3103092908859253,0.5051282038976745,-0.30000001192092896,-0.30000001192092896,-0.30000001192092896,-0.30000001192092896,-0.30000001192092896,-0.30000001192092896,0.30000001192092896,-0.30000001192092896,0.30000001192092896,-0.30000001192092896,-0.29957622752523805
1.2999999523162842,0.4236254842170105,-0.30000001192092896,0.3103092908859253,0.3683760668976746,-0.30000001192092896,-0.23548388292092895,-0.21919193092092895,-0.30000001192092896,-0.30000001192092896,-0.30000001192092896,0.30000001192092896,-0.30000001192092896,0.30000001192092896,-0.30000001192092896,-0.26845674652523804
1.2999999523162842,0.4533125582170105,-0.30000001192092896,0.3103092908859253,0.5222222208976746,-0.30000001192092896,-0.30000001192092896,-0.30000001192092896,-0.30000001192092896,-0.30000001192092896,-0.30000001192092896,0.30000001192092896,-0.30000001192092896,0.30000001192092896,-0.30000001192092896,-0.299074607525238
1.2999999523162842,0.3045660802170105,-0.30000001192092896,0.3103092908859253,0.34273504189767456,-0.30000001192092896,0.05483869807907105,-0.28989900192092893,-0.30000001192092896,-0.30000001192092896,-0.30000001192092896,1.1529411879209288,-0.24605810292092894,0.7782413209209289,-0.30000001192092896,-0.269647372525238
1.2999999523162842,0.4826718632170105,-0.30000001192092896,0.3103092908859253,0.5051282038976745,-0.30000001192092896,-0.30000001192092896,-0.30000001192092896,-0.30000001192092896,-0.30000001192092896,-0.30000001192092896,0.30000001192092896,-0.30000001192092896,0.30000001192092896,-0.30000001192092896,-0.299900217825238
1.2999999523162842,0.4517979122170105,-0.30000001192092896,0.3103092908859253,0.3769230758976746,-0.30000001192092896,-0.30000001192092896,-0.30000001192092896,-0.30000001192092896,-0.30000001192092896,-0.30000001192092896,0.30000001192092896,-0.295850633920929,1.018495879920929,-0.30000001192092896,-0.29963832052523803
1.2999999523162842,0.42271669621701047,-0.30000001192092896,0.3103092908859253,0.5051282038976745,-0.30000001192092896,-0.30000001192092896,-0.30000001192092896,-0.30000001192092896,-0.30000001192092896,-0.30000001192092896,0.30000001192092896,-0.29170125692092896,0.856131456920929,-0.30000001192092896,-0.29928771852523806
1.2999999523162842,0.3911905382170105,-0.30000001192092896,0.3103092908859253,0.3769230758976746,-0.30000001192092896,-0.30000001192092896,-0.30000001192092896,-0.30000001192092896,-0.30000001192092896,-0.30000001192092896,0.30000001192092896,-0.30000001192092896,0.30000001192092896,-0.30000001192092896,-0.29976139652523803
1.2999999523162842,0.3621308312170105,-0.30000001192092896,0.3103092908859253,0.5222222208976746,-0.30000001192092896,-0.30000001192092896,-0.30000001192092896,-0.30000001192092896,-0.30000001192092896,-0.30000001192092896,0.30000001192092896,-0.30000001192092896,0.30000001192092896,-0.30000001192092896,-0.28658645552523804
1.2999999523162842,0.3615110372170105,-0.30000001192092896,0.3618556828859253,0.5393162378976746,-0.30000001192092896,-0.30000001192092896,-0.30000001192092896,-0.30000001192092896,-0.30000001192092896,-0.30000001192092896,0.30000001192092896,-0.24605810292092894,1.300000011920929,-0.30000001192092896,-0.25407454852523803
1.2999999523162842,0.3015149762170105,-0.30000001192092896,0.4546391878859253,0.5222222208976746,-0.30000001192092896,-0.30000001192092896,-0.30000001192092896,-0.30000001192092896,-0.30000001192092896,-0.30000001192092896,0.30000001192092896,-0.24605810292092894,1.1978775169209288,-0.30000001192092896,-0.268258493525238
1.2999999523162842,0.5123837772170106,-0.30000001192092896,0.3103092908859253,0.5136752128976746,-0.30000001192092896,-0.30000001192092896,-0.30000001192092896,-0.30000001192092896,-0.30000001192092896,-0.30000001192092896,0.30000001192092896,-0.30000001192092896,0.30000001192092896,-0.30000001192092896,-0.299900217825238
1.2999999523162842,0.5135954942170105,-0.30000001192092896,0.3103092908859253,0.5136752128976746,-0.30000001192092896,-0.30000001192092896,-0.30000001192092896,-0.30000001192092896,-0.30000001192092896,-0.30000001192092896,0.30000001192092896,-0.2875518789209289,0.7382474989209289,-0.30000001192092896,-0.299756517525238
1.2999999523162842,0.4820908442170105,-0.30000001192092896,0.3103092908859253,0.5222222208976746,-0.30000001192092896,-0.30000001192092896,-0.30000001192092896,-0.30000001192092896,-0.30000001192092896,-0.30000001192092896,0.30000001192092896,-0.30000001192092896,0.30000001192092896,-0.30000001192092896,-0.298976590525238
1.2999999523162842,0.5126867062170105,-0.30000001192092896,0.3103092908859253,0.5222222208976746,-0.30000001192092896,-0.30000001192092896,-0.30000001192092896,-0.30000001192092896,-0.30000001192092896,-0.30000001192092896,0.30000001192092896,-0.30000001192092896,0.30000001192092896,-0.30000001192092896,-0.299292375525238
1.2999999523162842,0.3048771882170105,-0.30000001192092896,0.3103092908859253,0.33418803289767457,-0.30000001192092896,-0.12258065692092895,-0.28989900192092893,-0.30000001192092896,-0.30000001192092896,-0.30000001192092896,1.0794117769209288,-0.30000001192092896,0.30000001192092896,-0.30000001192092896,-0.24944266152523803
1.2999999523162842,0.42271669621701047,-0.30000001192092896,0.3103092908859253,0.5222222208976746,-0.30000001192092896,-0.30000001192092896,-0.30000001192092896,-0.30000001192092896,-0.30000001192092896,-0.30000001192092896,0.30000001192092896,-0.30000001192092896,0.30000001192092896,-0.30000001192092896,-0.299901104925238
1.2999999523162842,0.5123837772170106,-0.30000001192092896,0.3103092908859253,0.5222222208976746,-0.30000001192092896,-0.30000001192092896,-0.30000001192092896,-0.30000001192092896,-0.30000001192092896,-0.30000001192092896,0.30000001192092896,-0.30000001192092896,0.30000001192092896,-0.30000001192092896,-0.299578666525238
1.2999999523162842,0.5435854982170105,-0.30000001192092896,0.3103092908859253,0.5222222208976746,-0.30000001192092896,-0.30000001192092896,-0.30000001192092896,-0.30000001192092896,-0.30000001192092896,-0.30000001192092896,0.30000001192092896,-0.30000001192092896,0.30000001192092896,-0.30000001192092896,-0.29990088312523805
1.2999999523162842,0.42180790821701053,-0.30000001192092896,0.3103092908859253,0.5136752128976746,-0.30000001192092896,-0.30000001192092896,-0.30000001192092896,-0.30000001192092896,-0.30000001192092896,-0.30000001192092896,0.30000001192092896,-0.295850633920929,0.8920587219209289,-0.30000001192092896,-0.299232722525238
1.2999999523162842,1.0273636322170105,-0.30000001192092896,0.3103092908859253,0.3769230758976746,-0.30000001192092896,-0.30000001192092896,-0.30000001192092896,-0.30000001192092896,-0.30000001192092896,-0.30000001192092896,0.30000001192092896,-0.30000001192092896,0.30000001192092896,-0.30000001192092896,-0.29990465302523805
1.2999999523162842,0.3354572982170105,-0.30000001192092896,0.3103092908859253,0.33418803289767457,-0.30000001192092896,-0.15483872192092896,-0.11818182992092896,-0.30000001192092896,-0.30000001192092896,-0.30000001192092896,0.30000001192092896,-0.30000001192092896,0.30000001192092896,-0.30000001192092896,-0.299841229525238
1.2999999523162842,0.4517979122170105,-0.30000001192092896,0.3103092908859253,0.5051282038976745,-0.30000001192092896,-0.30000001192092896,-0.30000001192092896,-0.30000001192092896,-0.30000001192092896,-0.30000001192092896,0.30000001192092896,-0.30000001192092896,0.30000001192092896,-0.30000001192092896,-0.299897113525238
1.2999999523162842,0.3909030582170105,-0.30000001192092896,0.3103092908859253,0.5136752128976746,-0.30000001192092896,-0.30000001192092896,-0.30000001192092896,-0.30000001192092896,-0.30000001192092896,-0.30000001192092896,0.30000001192092896,-0.2875518789209289,1.094716369920929,-0.30000001192092896,-0.299328078525238
1.2999999523162842,0.45208418021701047,-0.30000001192092896,0.3103092908859253,0.5136752128976746,-0.30000001192092896,-0.30000001192092896,-0.30000001192092896,-0.30000001192092896,-0.30000001192092896,-0.30000001192092896,0.30000001192092896,-0.295850633920929,0.8893623089209289,-0.30000001192092896,-0.299847439525238
1.2999999523162842,0.3051570952170105,-0.30000001192092896,0.3103092908859253,0.3598290588976746,-0.30000001192092896,-0.19516130192092895,-0.16868688092092896,-0.30000001192092896,-0.30000001192092896,-0.30000001192092896,0.30000001192092896,-0.30000001192092896,0.30000001192092896,-0.30000001192092896,-0.29984189552523804
1.2999999523162842,0.39363548121701053,-0.30000001192092896,0.3103092908859253,0.5136752128976746,-0.30000001192092896,-0.30000001192092896,-0.30000001192092896,-0.30000001192092896,-0.30000001192092896,-0.30000001192092896,0.30000001192092896,-0.29170125692092896,0.6983733689209289,-0.30000001192092896,-0.29895774052523805
1.2999999523162842,0.33091396421701047,-0.30000001192092896,0.3103092908859253,0.3256410248976746,-0.30000001192092896,-0.03387097992092897,0.033333321079071054,-0.30000001192092896,-0.30000001192092896,-0.30000001192092896,0.30000001192092896,-0.30000001192092896,0.30000001192092896,-0.30000001192092896,-0.29983967752523805
1.2999999523162842,0.4239284142170105,-0.30000001192092896,0.3103092908859253,0.5222222208976746,-0.30000001192092896,-0.30000001192092896,-0.30000001192092896,-0.30000001192092896,-0.30000001192092896,-0.30000001192092896,0.30000001192092896,-0.30000001192092896,0.30000001192092896,-0.30000001192092896,-0.29910986752523805
1.2999999523162842,0.5135954942170105,-0.30000001192092896,0.3103092908859253,0.5136752128976746,-0.30000001192092896,-0.30000001192092896,-0.30000001192092896,-0.30000001192092896,-0.30000001192092896,-0.30000001192092896,0.30000001192092896,-0.30000001192092896,0.30000001192092896,-0.30000001192092896,-0.29961237452523803
1.2999999523162842,0.5738784302170106,-0.30000001192092896,0.3103092908859253,0.5307692298976746,-0.30000001192092896,-0.30000001192092896,-0.30000001192092896,-0.30000001192092896,-0.30000001192092896,-0.30000001192092896,0.30000001192092896,-0.295850633920929,0.798222310920929,-0.30000001192092896,-0.299608826525238
1.2999999523162842,0.42271669621701047,-0.30000001192092896,0.3103092908859253,0.33418803289767457,-0.30000001192092896,-0.21935485092092893,-0.19898991092092894,-0.30000001192092896,-0.30000001192092896,-0.30000001192092896,0.30000001192092896,-0.30000001192092896,0.30000001192092896,-0.30000001192092896,-0.29985564452523805
1.2999999523162842,0.5429796392170105,-0.30000001192092896,0.3103092908859253,0.5222222208976746,-0.30000001192092896,-0.30000001192092896,-0.30000001192092896,-0.30000001192092896,-0.30000001192092896,-0.30000001192092896,0.30000001192092896,-0.2875518789209289,0.940819772920929,-0.30000001192092896,-0.29928638852523803
1.2999999523162842,0.3621202282170105,-0.30000001192092896,0.3103092908859253,0.33418803289767457,-0.30000001192092896,-0.29193549592092893,-0.28989900192092893,-0.30000001192092896,-0.30000001192092896,-0.30000001192092896,0.4610962689209289,0.699999988079071,0.9204494499209289,-0.30000001192092896,-0.26814672752523805
1.2999999523162842,0.4224137672170105,-0.30000001192092896,0.3103092908859253,0.5136752128976746,-0.30000001192092896,-0.30000001192092896,-0.30000001192092896,-0.30000001192092896,-0.30000001192092896,-0.30000001192092896,0.30000001192092896,-0.30000001192092896,0.30000001192092896,-0.30000001192092896,-0.299900661325238
1.2999999523162842,0.3018179052170105,-0.30000001192092896,0.5268041368859253,0.4880341868976746,-0.30000001192092896,-0.27580646392092895,-0.28989900192092893,-0.30000001192092896,-0.30000001192092896,-0.30000001192092896,0.6629679259209289,0.45103733207907104,1.1978775169209288,-0.30000001192092896,-0.24078318352523803
1.2999999523162842,0.3303038642170105,-0.30000001192092896,0.3103092908859253,0.3512820498976746,-0.30000001192092896,-0.14677420592092896,-0.28989900192092893,-0.30000001192092896,-0.30000001192092896,-0.30000001192092896,1.062032097920929,-0.30000001192092896,0.30000001192092896,-0.30000001192092896,-0.299844999525238
1.2999999523162842,0.3924019532170105,-0.30000001192092896,0.3103092908859253,0.4025641018976746,-0.30000001192092896,-0.26774194692092895,-0.28989900192092893,-0.30000001192092896,-0.30000001192092896,-0.30000001192092896,0.712433166920929,-0.30000001192092896,0.30000001192092896,-0.30000001192092896,-0.299856309525238
1.2999999523162842,0.5429796392170105,-0.30000001192092896,0.3103092908859253,0.5222222208976746,-0.30000001192092896,-0.30000001192092896,-0.30000001192092896,-0.30000001192092896,-0.30000001192092896,-0.30000001192092896,0.30000001192092896,-0.30000001192092896,0.30000001192092896,-0.30000001192092896,-0.29990088312523805
1.2999999523162842,0.45207539521701046,-0.30000001192092896,0.3103092908859253,0.5051282038976745,-0.30000001192092896,-0.30000001192092896,-0.30000001192092896,-0.30000001192092896,-0.30000001192092896,-0.30000001192092896,0.30000001192092896,-0.30000001192092896,0.30000001192092896,-0.30000001192092896,-0.299899996525238
1.2999999523162842,0.3318200252170105,-0.30000001192092896,0.3103092908859253,0.3512820498976746,-0.30000001192092896,-0.017741946920928953,0.05353534207907107,-0.30000001192092896,-0.30000001192092896,-0.30000001192092896,0.30000001192092896,-0.30000001192092896,0.30000001192092896,-0.30000001192092896,-0.299844999525238
1.2999999523162842,0.4227060942170105,-0.30000001192092896,0.3103092908859253,0.5307692298976746,-0.30000001192092896,-0.30000001192092896,-0.30000001192092896,-0.30000001192092896,-0.30000001192092896,-0.30000001192092896,0.30000001192092896,-0.30000001192092896,0.30000001192092896,-0.30000001192092896,-0.299900217825238
1.2999999523162842,0.5429796392170105,-0.30000001192092896,0.3103092908859253,0.5307692298976746,-0.30000001192092896,-0.30000001192092896,-0.30000001192092896,-0.30000001192092896,-0.30000001192092896,-0.30000001192092896,0.30000001192092896,-0.30000001192092896,0.30000001192092896,-0.30000001192092896,-0.29990043962523805
1.2999999523162842,0.4539184172170105,-0.30000001192092896,0.3103092908859253,0.5222222208976746,-0.30000001192092896,-0.30000001192092896,-0.30000001192092896,-0.30000001192092896,-0.30000001192092896,-0.30000001192092896,0.30000001192092896,-0.30000001192092896,0.30000001192092896,-0.30000001192092896,-0.29896594552523803
1.2999999523162842,0.4215043732170105,-0.30000001192092896,0.3103092908859253,0.5222222208976746,-0.30000001192092896,-0.30000001192092896,-0.30000001192092896,-0.30000001192092896,-0.30000001192092896,-0.30000001192092896,0.30000001192092896,-0.30000001192092896,0.30000001192092896,-0.30000001192092896,-0.299870945525238
1.2999999523162842,0.3000060848070105,-0.30000001192092896,0.3103092908859253,0.2999999988976746,-0.30000001192092896,-0.16290323792092895,-0.12828283992092895,-0.30000001192092896,-0.30000001192092896,-0.30000001192092896,0.30000001192092896,-0.30000001192092896,0.30000001192092896,-0.30000001192092896,-0.299949448425238
1.2999999523162842,0.3321408282170105,-0.30000001192092896,0.3103092908859253,0.3256410248976746,-0.30000001192092896,-0.19516130192092895,-0.16868688092092896,-0.30000001192092896,-0.30000001192092896,-0.30000001192092896,0.30000001192092896,-0.30000001192092896,0.30000001192092896,-0.30000001192092896,-0.29984145152523806
1.2999999523162842,0.3042673912170105,-0.30000001192092896,0.3103092908859253,0.34273504189767456,-0.30000001192092896,-0.25161291492092897,-0.23939395092092897,-0.30000001192092896,-0.30000001192092896,-0.30000001192092896,0.30000001192092896,-0.30000001192092896,0.30000001192092896,-0.30000001192092896,-0.29983834652523805
1.2999999523162842,0.3030444662170105,-0.30000001192092896,0.3103092908859253,0.33418803289767457,-0.30000001192092896,0.030645149079071066,0.11414140207907103,-0.30000001192092896,-0.30000001192092896,-0.30000001192092896,0.30000001192092896,-0.30000001192092896,0.30000001192092896,-0.30000001192092896,-0.29983945552523805
1.2999999523162842,0.3012293132170105,-0.30000001192092896,0.3103092908859253,0.34273504189767456,-0.30000001192092896,-0.12258065692092895,-0.28989900192092893,-0.30000001192092896,-0.30000001192092896,-0.30000001192092896,1.0794117769209288,-0.20456432692092896,0.897441642920929,-0.30000001192092896,-0.25124578652523805
1.2999999523162842,0.3330435572170105,-0.30000001192092896,0.3103092908859253,0.3085470078976746,-0.30000001192092896,-0.11451614092092896,-0.28989900192092893,-0.30000001192092896,-0.30000001192092896,-0.30000001192092896,1.084090920920929,-0.30000001192092896,0.30000001192092896,-0.30000001192092896,-0.29984100852523804
1.2999999523162842,0.42180790821701053,-0.30000001192092896,0.3103092908859253,0.3598290588976746,-0.30000001192092896,-0.26774194692092895,-0.259595971920929,-0.30000001192092896,-0.30000001192092896,-0.30000001192092896,0.30000001192092896,-0.30000001192092896,0.30000001192092896,-0.30000001192092896,-0.299856087525238
1.2999999523162842,0.3921208342170105,-0.30000001192092896,0.3103092908859253,0.5222222208976746,-0.30000001192092896,-0.30000001192092896,-0.30000001192092896,-0.30000001192092896,-0.30000001192092896,-0.30000001192092896,0.30000001192092896,-0.2875518789209289,1.0829122709209291,-0.30000001192092896,-0.27866831852523805
1.2999999523162842,0.36061618421701047,-0.30000001192092896,0.3103092908859253,0.3512820498976746,-0.30000001192092896,-0.29193549592092893,-0.28989900192092893,-0.30000001192092896,-0.30000001192092896,-0.30000001192092896,0.30802140192092897,-0.27510374592092895,0.9322603329209289,-0.30000001192092896,-0.299407025525238
1.2999999523162842,0.4826967032170105,-0.30000001192092896,0.3103092908859253,0.5222222208976746,-0.30000001192092896,-0.30000001192092896,-0.30000001192092896,-0.30000001192092896,-0.30000001192092896,-0.30000001192092896,0.30000001192092896,-0.295850633920929,0.927652313920929,-0.30000001192092896,-0.29961481352523806
1.2999999523162842,0.42271669621701047,-0.30000001192092896,0.3103092908859253,0.5136752128976746,-0.30000001192092896,-0.30000001192092896,-0.30000001192092896,-0.30000001192092896,-0.30000001192092896,-0.30000001192092896,0.30000001192092896,-0.30000001192092896,0.30000001192092896,-0.30000001192092896,-0.29904156552523803
1.2999999523162842,0.3027560772170105,-0.30000001192092896,0.3103092908859253,0.3170940158976746,-0.30000001192092896,0.14354837507907103,-0.28989900192092893,-0.30000001192092896,-0.30000001192092896,-0.30000001192092896,1.182352952920929,-0.30000001192092896,0.30000001192092896,-0.30000001192092896,-0.29983945552523805
1.2999999523162842,0.3930296222170105,-0.30000001192092896,0.3103092908859253,0.34273504189767456,-0.30000001192092896,-0.19516130192092895,-0.16868688092092896,-0.30000001192092896,-0.30000001192092896,-0.30000001192092896,0.30000001192092896,-0.30000001192092896,0.30000001192092896,-0.30000001192092896,-0.299855865525238
1.2999999523162842,0.3924071022170105,-0.30000001192092896,0.3103092908859253,0.3598290588976746,-0.30000001192092896,-0.20322581792092898,-0.28989900192092893,-0.30000001192092896,-0.30000001192092896,-0.30000001192092896,0.973128353920929,-0.09668050992092894,0.8893623089209289,-0.30000001192092896,-0.24697669852523804
1.2999999523162842,0.3609191142170105,-0.30000001192092896,0.3103092908859253,0.3769230758976746,-0.30000001192092896,-0.29193549592092893,-0.28989900192092893,-0.30000001192092896,-0.30000001192092896,-0.30000001192092896,0.4610962689209289,0.18547716607907105,0.981370357920929,-0.30000001192092896,-0.28417770652523805
1.2999999523162842,0.4532904442170105,-0.30000001192092896,0.3103092908859253,0.5222222208976746,-0.30000001192092896,-0.30000001192092896,-0.30000001192092896,-0.30000001192092896,-0.30000001192092896,-0.30000001192092896,0.30000001192092896,-0.30000001192092896,0.30000001192092896,-0.30000001192092896,-0.299091905525238
1.2999999523162842,0.3633425482170105,-0.30000001192092896,0.3103092908859253,0.5051282038976745,-0.30000001192092896,-0.30000001192092896,-0.30000001192092896,-0.30000001192092896,-0.30000001192092896,-0.30000001192092896,0.30000001192092896,-0.30000001192092896,0.30000001192092896,-0.30000001192092896,-0.28142279052523805
1.2999999523162842,0.3921208342170105,-0.30000001192092896,0.3103092908859253,0.3512820498976746,-0.30000001192092896,-0.28387097992092897,-0.27979799192092897,-0.30000001192092896,-0.30000001192092896,-0.30000001192092896,0.30000001192092896,-0.30000001192092896,0.30000001192092896,-0.30000001192092896,-0.299855865525238
1.2999999523162842,1.1179255662170104,-0.30000001192092896,0.3103092908859253,0.3769230758976746,-0.30000001192092896,-0.30000001192092896,-0.30000001192092896,-0.30000001192092896,-0.30000001192092896,-0.30000001192092896,0.30000001192092896,-0.27510374592092895,1.003730975920929,-0.30000001192092896,-0.29948552752523805
1.2999999523162842,0.3921208342170105,-0.30000001192092896,0.3103092908859253,0.5222222208976746,-0.30000001192092896,-0.30000001192092896,-0.30000001192092896,-0.30000001192092896,-0.30000001192092896,-0.30000001192092896,0.30000001192092896,-0.295850633920929,0.918342235920929,-0.30000001192092896,-0.279129134525238
1.2999999523162842,0.3033561802170105,-0.30000001192092896,0.3103092908859253,0.34273504189767456,-0.30000001192092896,-0.25967743092092893,-0.24949496092092896,-0.30000001192092896,-0.30000001192092896,-0.30000001192092896,0.30000001192092896,-0.30000001192092896,0.30000001192092896,-0.30000001192092896,-0.29984056452523805
1.2999999523162842,0.4220820592170105,-0.30000001192092896,0.3103092908859253,0.4025641018976746,-0.30000001192092896,-0.28387097992092897,-0.28989900192092893,-0.30000001192092896,-0.30000001192092896,-0.30000001192092896,0.5747326319209289,-0.30000001192092896,0.30000001192092896,-0.30000001192092896,-0.29986229652523805
1.2999999523162842,0.48239377421701046,-0.30000001192092896,0.3103092908859253,0.5222222208976746,-0.30000001192092896,-0.30000001192092896,-0.30000001192092896,-0.30000001192092896,-0.30000001192092896,-0.30000001192092896,0.30000001192092896,-0.27925312392092894,1.110981954920929,-0.30000001192092896,-0.298157189525238
1.2999999523162842,0.3054657802170105,-0.30000001192092896,0.3103092908859253,0.3512820498976746,-0.30000001192092896,-0.21129033492092897,-0.18888890092092897,-0.30000001192092896,-0.30000001192092896,-0.30000001192092896,0.30000001192092896,-0.30000001192092896,0.30000001192092896,-0.30000001192092896,-0.29984034252523806
1.2999999523162842,0.3000091140970105,-0.30000001192092896,0.3103092908859253,0.2999999988976746,-0.30000001192092896,-0.18709678592092896,-0.15858587092092896,-0.30000001192092896,-0.30000001192092896,-0.30000001192092896,1.011229958920929,0.01535268507907106,0.771420063920929,-0.30000001192092896,-0.24673342852523802
1.2999999523162842,0.3909091172170105,-0.30000001192092896,0.3103092908859253,0.3512820498976746,-0.30000001192092896,-0.21129033492092897,-0.18888890092092897,-0.30000001192092896,-0.30000001192092896,-0.30000001192092896,0.30000001192092896,-0.30000001192092896,0.30000001192092896,-0.30000001192092896,-0.29985475752523805
1.2999999523162842,0.33123204021701047,-0.30000001192092896,0.3103092908859253,0.3769230758976746,-0.30000001192092896,-0.30000001192092896,-0.30000001192092896,-0.30000001192092896,-0.30000001192092896,-0.30000001192092896,0.30000001192092896,-0.30000001192092896,0.30000001192092896,-0.30000001192092896,-0.299896891525238
1.2999999523162842,0.3309194172170105,-0.30000001192092896,0.3103092908859253,0.34273504189767456,-0.30000001192092896,-0.21129033492092897,-0.28989900192092893,-0.30000001192092896,-0.30000001192092896,-0.30000001192092896,0.961764717920929,-0.10497926492092896,0.7382474989209289,-0.30000001192092896,-0.25269631452523805
1.2999999523162842,0.4212020502170105,-0.30000001192092896,0.3103092908859253,0.5393162378976746,-0.30000001192092896,-0.30000001192092896,-0.30000001192092896,-0.30000001192092896,-0.30000001192092896,-0.30000001192092896,0.30000001192092896,-0.2875518789209289,0.721907532920929,-0.30000001192092896,-0.29892403352523805
1.2999999523162842,0.3909091172170105,-0.30000001192092896,0.3103092908859253,0.5307692298976746,-0.30000001192092896,-0.30000001192092896,-0.30000001192092896,-0.30000001192092896,-0.30000001192092896,-0.30000001192092896,0.30000001192092896,-0.295850633920929,0.981370357920929,-0.30000001192092896,-0.29932497452523804
1.2999999523162842,0.3345551742170105,-0.30000001192092896,0.3103092908859253,0.3085470078976746,-0.30000001192092896,0.15161289107907105,-0.28989900192092893,-0.30000001192092896,-0.30000001192092896,-0.30000001192092896,1.160962578920929,-0.30000001192092896,0.30000001192092896,-0.30000001192092896,-0.24972895352523802
1.2999999523162842,0.4829996322170105,-0.30000001192092896,0.3103092908859253,0.5051282038976745,-0.30000001192092896,-0.30000001192092896,-0.30000001192092896,-0.30000001192092896,-0.30000001192092896,-0.30000001192092896,0.30000001192092896,-0.30000001192092896,0.30000001192092896,-0.30000001192092896,-0.299901104925238
1.2999999523162842,0.6032625752170104,-0.30000001192092896,0.3103092908859253,0.5222222208976746,-0.30000001192092896,-0.30000001192092896,-0.30000001192092896,-0.30000001192092896,-0.30000001192092896,-0.30000001192092896,0.30000001192092896,-0.30000001192092896,0.30000001192092896,-0.30000001192092896,-0.29990154842523803
1.2999999523162842,0.3045503272170105,-0.30000001192092896,0.3103092908859253,0.3256410248976746,-0.30000001192092896,-0.18709678592092896,-0.15858587092092896,-0.30000001192092896,-0.30000001192092896,-0.30000001192092896,1.011229958920929,0.01535268507907106,0.721141444920929,-0.30000001192092896,-0.24604863552523804
1.2999999523162842,0.4524037702170105,-0.30000001192092896,0.3103092908859253,0.5222222208976746,-0.30000001192092896,-0.30000001192092896,-0.30000001192092896,-0.30000001192092896,-0.30000001192092896,-0.30000001192092896,0.30000001192092896,-0.29170125692092896,1.018495879920929,-0.30000001192092896,-0.29910742852523803
1.2999999523162842,0.3312023522170105,-0.30000001192092896,0.3103092908859253,0.3256410248976746,-0.30000001192092896,0.08709676207907102,-0.28989900192092893,-0.30000001192092896,-0.30000001192092896,-0.30000001192092896,1.166310171920929,-0.25435685792092894,0.831649561920929,-0.30000001192092896,-0.268510855525238
1.2999999523162842,0.4829990262170105,-0.30000001192092896,0.3103092908859253,0.5136752128976746,-0.30000001192092896,-0.30000001192092896,-0.30000001192092896,-0.30000001192092896,-0.30000001192092896,-0.30000001192092896,0.30000001192092896,-0.30000001192092896,0.30000001192092896,-0.30000001192092896,-0.299901104925238
1.2999999523162842,0.3611978092170105,-0.30000001192092896,0.3103092908859253,0.3512820498976746,-0.30000001192092896,-0.28387097992092897,-0.28989900192092893,-0.30000001192092896,-0.30000001192092896,-0.30000001192092896,0.48248664292092897,-0.30000001192092896,0.30000001192092896,-0.30000001192092896,-0.29984876952523803
1.2999999523162842,0.4826857972170105,-0.30000001192092896,0.3103092908859253,0.5136752128976746,-0.30000001192092896,-0.30000001192092896,-0.30000001192092896,-0.30000001192092896,-0.30000001192092896,-0.30000001192092896,0.30000001192092896,-0.30000001192092896,0.30000001192092896,-0.30000001192092896,-0.299901104925238
1.2999999523162842,0.3030596122170105,-0.30000001192092896,0.3103092908859253,0.3598290588976746,-0.30000001192092896,-0.21935485092092893,-0.28989900192092893,-0.30000001192092896,-0.30000001192092896,-0.30000001192092896,0.9417112419209289,-0.10912864292092894,0.869510518920929,-0.30000001192092896,-0.254986865525238
1.2999999523162842,0.4530096292170105,-0.30000001192092896,0.3103092908859253,0.5136752128976746,-0.30000001192092896,-0.30000001192092896,-0.30000001192092896,-0.30000001192092896,-0.30000001192092896,-0.30000001192092896,0.30000001192092896,-0.295850633920929,0.721907532920929,-0.30000001192092896,-0.29942321352523804
1.2999999523162842,0.3309088142170105,-0.30000001192092896,0.3103092908859253,0.3512820498976746,-0.30000001192092896,-0.22741936692092896,-0.20909092092092896,-0.30000001192092896,-0.30000001192092896,-0.30000001192092896,0.30000001192092896,-0.30000001192092896,0.30000001192092896,-0.30000001192092896,-0.29984078652523805
1.2999999523162842,0.5738784302170106,-0.30000001192092896,0.3103092908859253,0.5136752128976746,-0.30000001192092896,-0.30000001192092896,-0.30000001192092896,-0.30000001192092896,-0.30000001192092896,-0.30000001192092896,0.30000001192092896,-0.30000001192092896,0.30000001192092896,-0.30000001192092896,-0.29990088312523805
1.2999999523162842,0.3915143702170105,-0.30000001192092896,0.3103092908859253,0.33418803289767457,-0.30000001192092896,-0.21129033492092897,-0.18888890092092897,-0.30000001192092896,-0.30000001192092896,-0.30000001192092896,0.414973273920929,0.07344397107907102,0.927652313920929,-0.30000001192092896,-0.25774333352523804
1.2999999523162842,0.3006104292170105,-0.30000001192092896,0.4752577448859253,0.5393162378976746,-0.30000001192092896,-0.30000001192092896,-0.30000001192092896,0.699999988079071,-0.30000001192092896,-0.30000001192092896,0.30000001192092896,-0.24605810292092894,0.9253503849209289,-0.30000001192092896,-0.252977283525238
1.2999999523162842,0.3933225552170105,-0.30000001192092896,0.3103092908859253,0.3512820498976746,-0.30000001192092896,-0.28387097992092897,-0.28989900192092893,-0.30000001192092896,-0.30000001192092896,-0.30000001192092896,0.575401081920929,0.14398339007907107,1.092871814920929,-0.30000001192092896,-0.251594392525238
1.2999999523162842,0.3633425482170105,-0.30000001192092896,0.3103092908859253,0.3683760668976746,-0.30000001192092896,-0.22741936692092896,-0.28989900192092893,-0.30000001192092896,-0.30000001192092896,-0.30000001192092896,0.896925145920929,-0.08008299992092896,0.888830948920929,-0.30000001192092896,-0.24845827252523803
1.2999999523162842,0.4530096292170105,-0.30000001192092896,0.3103092908859253,0.5051282038976745,-0.30000001192092896,-0.30000001192092896,-0.30000001192092896,-0.30000001192092896,-0.30000001192092896,-0.30000001192092896,0.30000001192092896,-0.30000001192092896,0.30000001192092896,-0.30000001192092896,-0.29943541052523803
1.2999999523162842,0.3624337602170105,-0.30000001192092896,0.3103092908859253,0.3683760668976746,-0.30000001192092896,-0.25161291492092897,-0.28989900192092893,-0.30000001192092896,-0.30000001192092896,-0.30000001192092896,0.825401081920929,0.01950206307907104,1.131897453920929,-0.30000001192092896,-0.26007757252523805
1.2999999523162842,0.3051531572170105,-0.30000001192092896,0.3103092908859253,0.3598290588976746,-0.30000001192092896,-0.18709678592092896,-0.15858587092092896,-0.30000001192092896,-0.30000001192092896,-0.30000001192092896,0.30000001192092896,-0.30000001192092896,0.30000001192092896,-0.30000001192092896,-0.29983989952523804
1.2999999523162842,0.3615249722170105,-0.30000001192092896,0.3103092908859253,0.3940170928976746,-0.30000001192092896,-0.29193549592092893,-0.28989900192092893,-0.30000001192092896,-0.30000001192092896,-0.30000001192092896,0.4610962689209289,0.202074677079071,0.897441642920929,-0.30000001192092896,-0.254192080525238
0.2999999523162842,0.3006064912170105,-0.12884763792092896,0.3000000128859253,0.3256410248976746,0.699999988079071,-0.30000001192092896,-0.30000001192092896,0.699999988079071,-0.20909092092092896,-0.05103735592092895,0.30000001192092896,-0.30000001192092896,0.30000001192092896,-0.10000001192092894,-0.297669097525238
1.2999999523162842,0.3921208342170105,-0.30000001192092896,0.3103092908859253,0.3170940158976746,-0.30000001192092896,-0.11451614092092896,-0.28989900192092893,-0.30000001192092896,-0.30000001192092896,-0.30000001192092896,1.084090920920929,-0.30000001192092896,0.30000001192092896,-0.30000001192092896,-0.299855200525238
1.2999999523162842,0.5735755012170105,-0.30000001192092896,0.3103092908859253,0.5136752128976746,-0.30000001192092896,-0.30000001192092896,-0.30000001192092896,-0.30000001192092896,-0.30000001192092896,-0.30000001192092896,0.30000001192092896,-0.27925312392092894,0.981370357920929,-0.30000001192092896,-0.298373626525238
1.2999999523162842,0.3927266932170105,-0.30000001192092896,0.3103092908859253,0.5222222208976746,-0.30000001192092896,-0.30000001192092896,-0.30000001192092896,-0.30000001192092896,-0.30000001192092896,-0.30000001192092896,0.30000001192092896,-0.30000001192092896,0.30000001192092896,-0.30000001192092896,-0.29864550352523805
1.2999999523162842,0.42180790821701053,-0.30000001192092896,0.3103092908859253,0.5136752128976746,-0.30000001192092896,-0.30000001192092896,-0.30000001192092896,-0.30000001192092896,-0.30000001192092896,-0.30000001192092896,0.30000001192092896,-0.295850633920929,0.979165439920929,-0.30000001192092896,-0.299364003525238
1.2999999523162842,0.33244375721701047,-0.30000001192092896,0.3103092908859253,0.3598290588976746,-0.30000001192092896,-0.25967743092092893,-0.28989900192092893,-0.30000001192092896,-0.30000001192092896,-0.30000001192092896,0.7812834339209289,0.05684646107907104,1.021004162920929,-0.30000001192092896,-0.25450143452523805
1.2999999523162842,0.4826967032170105,-0.30000001192092896,0.3103092908859253,0.5136752128976746,-0.30000001192092896,-0.30000001192092896,-0.30000001192092896,-0.30000001192092896,-0.30000001192092896,-0.30000001192092896,0.30000001192092896,-0.30000001192092896,0.30000001192092896,-0.30000001192092896,-0.29990043962523805
1.2999999523162842,0.3303232522170105,-0.30000001192092896,0.3103092908859253,0.33418803289767457,-0.30000001192092896,-0.28387097992092897,-0.28989900192092893,-0.30000001192092896,-0.30000001192092896,-0.30000001192092896,0.569385038920929,-0.24605810292092894,0.861063292920929,-0.30000001192092896,-0.293522420525238
1.2999999523162842,0.3006295132170105,-0.30000001192092896,0.4649484668859253,0.3940170928976746,-0.30000001192092896,0.11935482707907102,-0.28989900192092893,-0.30000001192092896,-0.30000001192092896,-0.30000001192092896,1.168983968920929,-0.19626557192092897,1.1279067129209288,-0.30000001192092896,-0.21068800852523803
1.2999999523162842,0.42271669621701047,-0.30000001192092896,0.3103092908859253,0.5222222208976746,-0.30000001192092896,-0.30000001192092896,-0.30000001192092896,-0.30000001192092896,-0.30000001192092896,-0.30000001192092896,0.30000001192092896,-0.30000001192092896,0.30000001192092896,-0.30000001192092896,-0.299900217825238
1.2999999523162842,0.3003150722170105,-0.30000001192092896,0.3103092908859253,0.33418803289767457,-0.30000001192092896,-0.08225807692092896,-0.28989900192092893,-0.30000001192092896,-0.30000001192092896,-0.30000001192092896,1.112165786920929,-0.17966806192092896,0.816497948920929,-0.30000001192092896,-0.25489062252523803
1.2999999523162842,0.3330281082170105,-0.30000001192092896,0.3103092908859253,0.3085470078976746,-0.30000001192092896,0.18387095607907106,-0.28989900192092893,-0.30000001192092896,-0.30000001192092896,-0.30000001192092896,1.168315519920929,-0.30000001192092896,0.30000001192092896,-0.30000001192092896,-0.29984167352523805
1.2999999523162842,0.4527067002170105,-0.30000001192092896,0.3103092908859253,0.5136752128976746,-0.30000001192092896,-0.30000001192092896,-0.30000001192092896,-0.30000001192092896,-0.30000001192092896,-0.30000001192092896,0.30000001192092896,-0.30000001192092896,0.30000001192092896,-0.30000001192092896,-0.299037795525238
1.2999999523162842,0.42271669621701047,-0.30000001192092896,0.3103092908859253,0.5136752128976746,-0.30000001192092896,-0.30000001192092896,-0.30000001192092896,-0.30000001192092896,-0.30000001192092896,-0.30000001192092896,0.30000001192092896,-0.30000001192092896,0.30000001192092896,-0.30000001192092896,-0.29896993752523804
1.2999999523162842,0.39242376421701053,-0.30000001192092896,0.3103092908859253,0.5136752128976746,-0.30000001192092896,-0.30000001192092896,-0.30000001192092896,-0.30000001192092896,-0.30000001192092896,-0.30000001192092896,0.30000001192092896,-0.2875518789209289,0.9714153699209289,-0.30000001192092896,-0.29903269552523803
1.2999999523162842,0.3621308312170105,-0.30000001192092896,0.3103092908859253,0.3512820498976746,-0.30000001192092896,-0.25967743092092893,-0.28989900192092893,-0.30000001192092896,-0.30000001192092896,-0.30000001192092896,0.7812834339209289,-0.01369295792092895,1.112000005920929,-0.30000001192092896,-0.26129813552523806
1.2999999523162842,0.3015195202170105,-0.30000001192092896,0.4134020748859253,0.4367521358976746,-0.30000001192092896,-0.28387097992092897,-0.28989900192092893,-0.30000001192092896,-0.30000001192092896,-0.30000001192092896,0.43770054692092897,0.554771772079071,0.572031290920929,-0.30000001192092896,-0.27168600552523803
1.2999999523162842,0.3021323462170105,-0.30000001192092896,0.48556702288592535,0.2999999988976746,-0.30000001192092896,-0.25161291492092897,-0.28989900192092893,-0.30000001192092896,-0.30000001192092896,-0.30000001192092896,0.7278074989209289,0.363900403079071,0.7712671929209289,-0.30000001192092896,-0.22919249052523805
1.2999999523162842,0.7244343052170106,-0.30000001192092896,0.3103092908859253,0.3769230758976746,-0.30000001192092896,-0.30000001192092896,-0.30000001192092896,-0.30000001192092896,-0.30000001192092896,-0.30000001192092896,0.30000001192092896,-0.27095436892092895,0.981370357920929,-0.30000001192092896,-0.29961015652523804
1.2999999523162842,0.4236254842170105,-0.30000001192092896,0.3103092908859253,0.5136752128976746,-0.30000001192092896,-0.30000001192092896,-0.30000001192092896,-0.30000001192092896,-0.30000001192092896,-0.30000001192092896,0.30000001192092896,-0.30000001192092896,0.30000001192092896,-0.30000001192092896,-0.298930464525238
1.2999999523162842,0.3051561862170105,-0.30000001192092896,0.3103092908859253,0.3512820498976746,-0.30000001192092896,-0.17096775392092894,-0.28989900192092893,-0.30000001192092896,-0.30000001192092896,-0.30000001192092896,0.981818193920929,-0.17966806192092896,0.721141444920929,-0.30000001192092896,-0.25544457652523805
1.2999999523162842,0.3045721382170105,-0.30000001192092896,0.3103092908859253,0.34273504189767456,-0.30000001192092896,-0.09032259292092895,-0.28989900192092893,-0.30000001192092896,-0.30000001192092896,-0.30000001192092896,1.099465252920929,-0.30000001192092896,0.30000001192092896,-0.30000001192092896,-0.29984145152523806
1.2999999523162842,0.4211926592170105,-0.30000001192092896,0.3103092908859253,0.3598290588976746,-0.30000001192092896,-0.25967743092092893,-0.28989900192092893,-0.30000001192092896,-0.30000001192092896,-0.30000001192092896,0.7812834339209289,-0.30000001192092896,0.30000001192092896,-0.30000001192092896,-0.299854978525238
1.2999999523162842,0.4521008412170105,-0.30000001192092896,0.3103092908859253,0.5222222208976746,-0.30000001192092896,-0.30000001192092896,-0.30000001192092896,-0.30000001192092896,-0.30000001192092896,-0.30000001192092896,0.30000001192092896,-0.30000001192092896,0.30000001192092896,-0.30000001192092896,-0.29922052552523803
1.2999999523162842,0.8755960392170105,-0.30000001192092896,0.3103092908859253,0.3769230758976746,-0.30000001192092896,-0.30000001192092896,-0.30000001192092896,-0.30000001192092896,-0.30000001192092896,-0.30000001192092896,0.30000001192092896,-0.30000001192092896,0.30000001192092896,-0.30000001192092896,-0.29947532752523803
1.2999999523162842,0.5126867062170105,-0.30000001192092896,0.3103092908859253,0.5222222208976746,-0.30000001192092896,-0.30000001192092896,-0.30000001192092896,-0.30000001192092896,-0.30000001192092896,-0.30000001192092896,0.30000001192092896,-0.30000001192092896,0.30000001192092896,-0.30000001192092896,-0.299900661325238
1.2999999523162842,0.3630268962170105,-0.30000001192092896,0.3103092908859253,0.3769230758976746,-0.30000001192092896,-0.22741936692092896,-0.20909092092092896,-0.30000001192092896,-0.30000001192092896,-0.30000001192092896,0.30000001192092896,-0.30000001192092896,0.30000001192092896,-0.30000001192092896,-0.29984965652523804
1.2999999523162842,0.4829920592170105,-0.30000001192092896,0.3103092908859253,0.4965811958976746,-0.30000001192092896,-0.30000001192092896,-0.30000001192092896,-0.30000001192092896,-0.30000001192092896,-0.30000001192092896,0.30000001192092896,-0.30000001192092896,0.30000001192092896,-0.30000001192092896,-0.299901104925238
1.2999999523162842,0.3036412372170105,-0.30000001192092896,0.3103092908859253,0.34273504189767456,-0.30000001192092896,-0.001612914920928965,-0.28989900192092893,-0.30000001192092896,-0.30000001192092896,-0.30000001192092896,1.1409091029209288,-0.30000001192092896,0.30000001192092896,-0.30000001192092896,-0.29984034252523806
1.2999999523162842,0.48239377421701046,-0.30000001192092896,0.3103092908859253,0.5222222208976746,-0.30000001192092896,-0.30000001192092896,-0.30000001192092896,-0.30000001192092896,-0.30000001192092896,-0.30000001192092896,0.30000001192092896,-0.30000001192092896,0.30000001192092896,-0.30000001192092896,-0.299073720525238
1.2999999523162842,0.4212020502170105,-0.30000001192092896,0.3103092908859253,0.5222222208976746,-0.30000001192092896,-0.30000001192092896,-0.30000001192092896,-0.30000001192092896,-0.30000001192092896,-0.30000001192092896,0.30000001192092896,-0.295850633920929,1.159883051920929,-0.30000001192092896,-0.29987050252523806
1.2999999523162842,0.3614980122170105,-0.30000001192092896,0.3103092908859253,0.33418803289767457,-0.30000001192092896,-0.18709678592092896,-0.28989900192092893,-0.30000001192092896,-0.30000001192092896,-0.30000001192092896,1.011229958920929,-0.30000001192092896,0.30000001192092896,-0.30000001192092896,-0.299843003525238
1.2999999523162842,0.7547272382170105,-0.30000001192092896,0.3103092908859253,0.3769230758976746,-0.30000001192092896,-0.30000001192092896,-0.30000001192092896,-0.30000001192092896,-0.30000001192092896,-0.30000001192092896,0.30000001192092896,-0.29170125692092896,0.901223653920929,-0.30000001192092896,-0.29962678852523805
1.2999999523162842,0.3015413302170105,-0.30000001192092896,0.5474226928859254,0.33418803289767457,-0.30000001192092896,-0.30000001192092896,-0.30000001192092896,-0.30000001192092896,-0.30000001192092896,-0.30000001192092896,0.30000001192092896,-0.24605810292092894,0.7381502899209289,-0.30000001192092896,-0.263442990525238
1.2999999523162842,0.3042477012170105,-0.30000001192092896,0.3103092908859253,0.3170940158976746,-0.30000001192092896,-0.07419355992092896,-0.28989900192092893,-0.30000001192092896,-0.30000001192092896,-0.30000001192092896,1.104812845920929,-0.23360997092092894,0.6907916699209289,-0.30000001192092896,-0.25581291952523805
1.2999999523162842,0.3612053822170105,-0.30000001192092896,0.3824742398859253,0.5393162378976746,-0.30000001192092896,-0.30000001192092896,-0.30000001192092896,-0.30000001192092896,-0.30000001192092896,-0.30000001192092896,0.30000001192092896,-0.24605810292092894,0.766397456920929,-0.30000001192092896,-0.24530064152523803
1.2999999523162842,0.3618060912170105,-0.30000001192092896,0.5061855798859253,0.5393162378976746,-0.30000001192092896,-0.30000001192092896,-0.30000001192092896,-0.30000001192092896,-0.30000001192092896,-0.30000001192092896,0.30000001192092896,-0.24605810292092894,0.927516626920929,-0.30000001192092896,-0.275667471525238
1.2999999523162842,0.3609191142170105,-0.30000001192092896,0.3103092908859253,0.3683760668976746,-0.30000001192092896,-0.24354839892092894,-0.22929294092092894,-0.30000001192092896,-0.30000001192092896,-0.30000001192092896,0.30000001192092896,-0.30000001192092896,0.30000001192092896,-0.30000001192092896,-0.29985387052523804
1.2999999523162842,0.5120808482170105,-0.30000001192092896,0.3103092908859253,0.5222222208976746,-0.30000001192092896,-0.30000001192092896,-0.30000001192092896,-0.30000001192092896,-0.30000001192092896,-0.30000001192092896,0.30000001192092896,-0.30000001192092896,0.30000001192092896,-0.30000001192092896,-0.29990088312523805
1.2999999523162842,1.1482324332170104,-0.30000001192092896,0.3103092908859253,0.3769230758976746,-0.30000001192092896,-0.30000001192092896,-0.30000001192092896,-0.30000001192092896,-0.30000001192092896,-0.30000001192092896,0.30000001192092896,-0.2875518789209289,0.913875549920929,-0.30000001192092896,-0.29955272152523804
1.2999999523162842,0.3003056822170105,-0.30000001192092896,0.3824742398859253,0.2999999988976746,-0.30000001192092896,-0.30000001192092896,-0.30000001192092896,-0.30000001192092896,-0.30000001192092896,-0.30000001192092896,0.30000001192092896,-0.24605810292092894,1.088932179920929,-0.30000001192092896,-0.25154893152523805
1.2999999523162842,0.3024525422170105,-0.30000001192092896,0.3103092908859253,0.33418803289767457,-0.30000001192092896,-0.13064517292092895,-0.28989900192092893,-0.30000001192092896,-0.30000001192092896,-0.30000001192092896,1.072058835920929,-0.30000001192092896,0.30000001192092896,-0.30000001192092896,-0.29984034252523806
1.2999999523162842,1.2087983052170106,-0.30000001192092896,0.3103092908859253,0.3769230758976746,-0.30000001192092896,-0.30000001192092896,-0.30000001192092896,-0.30000001192092896,-0.30000001192092896,-0.30000001192092896,0.30000001192092896,-0.2875518789209289,1.119382977920929,-0.30000001192092896,-0.299515021525238
1.2999999523162842,0.3921208342170105,-0.30000001192092896,0.3103092908859253,0.3512820498976746,-0.30000001192092896,-0.25161291492092897,-0.23939395092092897,-0.30000001192092896,-0.30000001192092896,-0.30000001192092896,0.30000001192092896,-0.30000001192092896,0.30000001192092896,-0.30000001192092896,-0.29985253952523805
1.2999999523162842,0.5426467202170104,-0.30000001192092896,0.3103092908859253,0.3769230758976746,-0.30000001192092896,-0.30000001192092896,-0.30000001192092896,-0.30000001192092896,-0.30000001192092896,-0.30000001192092896,0.30000001192092896,-0.283402501920929,0.9747591699209289,-0.30000001192092896,-0.29968999052523804
1.2999999523162842,0.42180790821701053,-0.30000001192092896,0.3103092908859253,0.3683760668976746,-0.30000001192092896,-0.25161291492092897,-0.23939395092092897,-0.30000001192092896,-0.30000001192092896,-0.30000001192092896,0.30000001192092896,-0.30000001192092896,0.30000001192092896,-0.30000001192092896,-0.29986229652523805
1.2999999523162842,0.3021368892170105,-0.30000001192092896,0.3721649608859253,0.5307692298976746,-0.30000001192092896,-0.30000001192092896,-0.30000001192092896,-0.30000001192092896,-0.30000001192092896,-0.30000001192092896,0.30000001192092896,-0.24605810292092894,1.300000011920929,-0.30000001192092896,-0.253978526525238
1.2999999523162842,0.45149498221701045,-0.30000001192092896,0.3103092908859253,0.5051282038976745,-0.30000001192092896,-0.29193549592092893,-0.28989900192092893,-0.30000001192092896,-0.30000001192092896,-0.30000001192092896,0.4610962689209289,-0.30000001192092896,0.30000001192092896,-0.30000001192092896,-0.29989423052523806
1.2999999523162842,0.4829996322170105,-0.30000001192092896,0.3103092908859253,0.4965811958976746,-0.30000001192092896,-0.30000001192092896,-0.30000001192092896,-0.30000001192092896,-0.30000001192092896,-0.30000001192092896,0.30000001192092896,-0.30000001192092896,0.30000001192092896,-0.30000001192092896,-0.299901104925238
1.2999999523162842,0.3608991202170105,-0.30000001192092896,0.4134020748859253,0.44529914389767455,-0.30000001192092896,-0.30000001192092896,-0.30000001192092896,-0.30000001192092896,-0.30000001192092896,-0.30000001192092896,0.30000001192092896,-0.24605810292092894,1.119382977920929,-0.30000001192092896,-0.29454606152523805
1.2999999523162842,0.3912026552170105,-0.30000001192092896,0.3618556828859253,0.4880341868976746,-0.30000001192092896,-0.30000001192092896,-0.30000001192092896,-0.30000001192092896,-0.30000001192092896,-0.30000001192092896,0.30000001192092896,-0.24605810292092894,0.765188056920929,-0.30000001192092896,-0.29512174852523804
1.2999999523162842,0.36088912421701047,-0.30000001192092896,1.0319587758859252,0.5393162378976746,-0.30000001192092896,-0.30000001192092896,-0.30000001192092896,-0.30000001192092896,-0.30000001192092896,-0.30000001192092896,0.30000001192092896,-0.24605810292092894,1.1978775169209288,-0.30000001192092896,-0.29447221552523806
1.2999999523162842,0.3909091172170105,-0.30000001192092896,0.3103092908859253,0.5222222208976746,-0.30000001192092896,-0.30000001192092896,-0.30000001192092896,-0.30000001192092896,-0.30000001192092896,-0.30000001192092896,0.30000001192092896,-0.30000001192092896,0.30000001192092896,-0.30000001192092896,-0.29932497452523804
1.2999999523162842,0.3621168962170105,-0.30000001192092896,0.4546391878859253,0.5393162378976746,-0.30000001192092896,-0.30000001192092896,-0.30000001192092896,-0.30000001192092896,-0.30000001192092896,-0.30000001192092896,0.30000001192092896,-0.24605810292092894,1.300000011920929,-0.30000001192092896,-0.27880137352523804
1.2999999523162842,0.4212020502170105,-0.30000001192092896,0.3103092908859253,0.5222222208976746,-0.30000001192092896,-0.30000001192092896,-0.30000001192092896,0.699999988079071,-0.30000001192092896,-0.30000001192092896,0.30000001192092896,-0.2875518789209289,0.751065240920929,-0.30000001192092896,-0.29406905752523804
1.2999999523162842,0.3027388102170105,-0.30000001192092896,0.3103092908859253,0.38547008389767456,-0.30000001192092896,-0.22741936692092896,-0.20909092092092896,-0.30000001192092896,-0.30000001192092896,-0.30000001192092896,0.30000001192092896,-0.30000001192092896,0.30000001192092896,-0.30000001192092896,-0.29984034252523806
1.2999999523162842,0.3000103258170105,-0.30000001192092896,0.3103092908859253,0.2999999988976746,-0.30000001192092896,-0.18709678592092896,-0.15858587092092896,-0.30000001192092896,-0.30000001192092896,-0.30000001192092896,0.30000001192092896,-0.30000001192092896,0.30000001192092896,-0.30000001192092896,-0.29994878312523804
1.2999999523162842,0.42271669621701047,-0.30000001192092896,0.3103092908859253,0.5136752128976746,-0.30000001192092896,-0.30000001192092896,-0.30000001192092896,-0.30000001192092896,-0.30000001192092896,-0.30000001192092896,0.30000001192092896,-0.30000001192092896,0.30000001192092896,-0.30000001192092896,-0.299900661325238
1.2999999523162842,0.3009354722170105,-0.30000001192092896,0.5371134148859253,0.44529914389767455,-0.30000001192092896,-0.30000001192092896,-0.30000001192092896,-0.30000001192092896,-0.30000001192092896,-0.30000001192092896,0.30000001192092896,-0.24605810292092894,0.7381502899209289,-0.30000001192092896,-0.28224928752523804
1.2999999523162842,0.4514771092170105,-0.30000001192092896,0.3103092908859253,0.33418803289767457,-0.30000001192092896,-0.30000001192092896,-0.30000001192092896,-0.30000001192092896,-0.30000001192092896,-0.30000001192092896,0.30000001192092896,-0.30000001192092896,0.30000001192092896,-0.30000001192092896,-0.299420774525238
1.2999999523162842,0.4820908442170105,-0.30000001192092896,0.3103092908859253,0.5136752128976746,-0.30000001192092896,-0.30000001192092896,-0.30000001192092896,-0.30000001192092896,-0.30000001192092896,-0.30000001192092896,0.30000001192092896,-0.29170125692092896,0.8920587219209289,-0.30000001192092896,-0.29905952852523804
1.2999999523162842,0.3036400252170105,-0.30000001192092896,0.3103092908859253,0.2999999988976746,-0.30000001192092896,-0.30000001192092896,-0.30000001192092896,-0.30000001192092896,-0.30000001192092896,-0.30000001192092896,0.30000001192092896,-0.30000001192092896,0.30000001192092896,-0.30000001192092896,-0.299871167525238
1.2999999523162842,0.3618279022170105,-0.30000001192092896,0.3103092908859253,0.4538461528976746,-0.30000001192092896,-0.29193549592092893,-0.28989900192092893,-0.30000001192092896,-0.30000001192092896,-0.30000001192092896,0.4610962689209289,-0.30000001192092896,0.30000001192092896,-0.30000001192092896,-0.272797462525238
1.2999999523162842,0.3009191142170105,-0.30000001192092896,0.4752577448859253,0.5393162378976746,-0.30000001192092896,-0.30000001192092896,-0.30000001192092896,0.699999988079071,-0.30000001192092896,-0.30000001192092896,0.916310171920929,-0.24605810292092894,1.119382977920929,-0.30000001192092896,-0.26179931152523805
1.2999999523162842,0.4817879152170105,-0.30000001192092896,0.3103092908859253,0.5393162378976746,-0.30000001192092896,-0.30000001192092896,-0.30000001192092896,-0.30000001192092896,-0.30000001192092896,-0.30000001192092896,0.30000001192092896,-0.30000001192092896,0.30000001192092896,-0.30000001192092896,-0.29954052452523805
1.2999999523162842,0.3051604272170105,-0.30000001192092896,0.3103092908859253,0.3598290588976746,-0.30000001192092896,-0.25967743092092893,-0.24949496092092896,-0.30000001192092896,-0.30000001192092896,-0.30000001192092896,0.30000001192092896,-0.30000001192092896,0.30000001192092896,-0.30000001192092896,-0.29984100852523804
1.2999999523162842,0.39242376421701053,-0.30000001192092896,0.3103092908859253,0.5307692298976746,-0.30000001192092896,-0.30000001192092896,-0.30000001192092896,-0.30000001192092896,-0.30000001192092896,-0.30000001192092896,0.30000001192092896,-0.30000001192092896,0.30000001192092896,-0.30000001192092896,-0.29882357652523805
1.2999999523162842,0.4214937712170105,-0.30000001192092896,0.4649484668859253,0.5393162378976746,-0.30000001192092896,-0.30000001192092896,-0.30000001192092896,-0.30000001192092896,-0.30000001192092896,-0.30000001192092896,0.30000001192092896,-0.24605810292092894,0.913875549920929,-0.30000001192092896,-0.29485053752523804
1.2999999523162842,0.3909091172170105,-0.30000001192092896,0.3103092908859253,0.3769230758976746,-0.30000001192092896,-0.30000001192092896,-0.30000001192092896,-0.30000001192092896,-0.30000001192092896,-0.30000001192092896,0.30000001192092896,-0.30000001192092896,0.30000001192092896,-0.30000001192092896,-0.29965406552523804
1.2999999523162842,0.4517851892170105,-0.30000001192092896,0.3103092908859253,0.41965811889767457,-0.30000001192092896,-0.26774194692092895,-0.28989900192092893,-0.30000001192092896,-0.30000001192092896,-0.30000001192092896,0.7278074989209289,-0.30000001192092896,0.30000001192092896,-0.30000001192092896,-0.29989112552523806
1.2999999523162842,0.7850201712170105,-0.30000001192092896,0.3103092908859253,0.3769230758976746,-0.30000001192092896,-0.30000001192092896,-0.30000001192092896,-0.30000001192092896,-0.30000001192092896,-0.30000001192092896,0.30000001192092896,-0.30000001192092896,0.30000001192092896,-0.30000001192092896,-0.29974742552523803
1.2999999523162842,0.5732725722170104,-0.30000001192092896,0.3103092908859253,0.5051282038976745,-0.30000001192092896,-0.30000001192092896,-0.30000001192092896,-0.30000001192092896,-0.30000001192092896,-0.30000001192092896,0.30000001192092896,-0.295850633920929,0.7509791739209289,-0.30000001192092896,-0.299394163525238
1.2999999523162842,0.5426767102170105,-0.30000001192092896,0.3103092908859253,0.5222222208976746,-0.30000001192092896,-0.30000001192092896,-0.30000001192092896,-0.30000001192092896,-0.30000001192092896,-0.30000001192092896,0.30000001192092896,-0.30000001192092896,0.30000001192092896,-0.30000001192092896,-0.299901104925238
1.2999999523162842,0.3918015472170105,-0.30000001192092896,0.3103092908859253,0.5136752128976746,-0.30000001192092896,-0.30000001192092896,-0.30000001192092896,-0.30000001192092896,-0.30000001192092896,-0.30000001192092896,0.30000001192092896,-0.30000001192092896,0.30000001192092896,-0.30000001192092896,-0.299578666525238
1.2999999523162842,0.5123837772170106,-0.30000001192092896,0.3103092908859253,0.3769230758976746,-0.30000001192092896,-0.30000001192092896,-0.30000001192092896,-0.30000001192092896,-0.30000001192092896,-0.30000001192092896,0.30000001192092896,-0.295850633920929,0.765188056920929,-0.30000001192092896,-0.29986850652523805
1.2999999523162842,0.4832868092170105,-0.30000001192092896,0.3103092908859253,0.5307692298976746,-0.30000001192092896,-0.30000001192092896,-0.30000001192092896,-0.30000001192092896,-0.30000001192092896,-0.30000001192092896,0.30000001192092896,-0.30000001192092896,0.30000001192092896,-0.30000001192092896,-0.299900661325238
1.2999999523162842,0.3621214402170105,-0.30000001192092896,0.3103092908859253,0.4367521358976746,-0.30000001192092896,-0.30000001192092896,-0.30000001192092896,0.699999988079071,-0.30000001192092896,-0.30000001192092896,0.30000001192092896,-0.30000001192092896,0.30000001192092896,-0.30000001192092896,-0.278814901525238
1.2999999523162842,0.5732725722170104,-0.30000001192092896,0.3103092908859253,0.5136752128976746,-0.30000001192092896,-0.30000001192092896,-0.30000001192092896,-0.30000001192092896,-0.30000001192092896,-0.30000001192092896,0.30000001192092896,-0.29170125692092896,0.979165439920929,-0.30000001192092896,-0.299394606525238
1.2999999523162842,0.3318236612170105,-0.30000001192092896,0.3103092908859253,0.3256410248976746,-0.30000001192092896,-0.025806463920928946,0.04343433107907102,-0.30000001192092896,-0.30000001192092896,-0.30000001192092896,0.30000001192092896,-0.30000001192092896,0.30000001192092896,-0.30000001192092896,-0.29758815552523804
1.2999999523162842,0.3933180112170105,-0.30000001192092896,0.3103092908859253,0.5051282038976745,-0.30000001192092896,-0.30000001192092896,-0.30000001192092896,-0.30000001192092896,-0.30000001192092896,-0.30000001192092896,0.30000001192092896,-0.30000001192092896,0.30000001192092896,-0.30000001192092896,-0.29891848952523803
1.2999999523162842,0.4530096292170105,-0.30000001192092896,0.3103092908859253,0.5222222208976746,-0.30000001192092896,-0.30000001192092896,-0.30000001192092896,-0.30000001192092896,-0.30000001192092896,-0.30000001192092896,0.30000001192092896,-0.30000001192092896,0.30000001192092896,-0.30000001192092896,-0.291272229525238
1.2999999523162842,0.5423722662170105,-0.30000001192092896,0.3103092908859253,0.5136752128976746,-0.30000001192092896,-0.30000001192092896,-0.30000001192092896,-0.30000001192092896,-0.30000001192092896,-0.30000001192092896,0.30000001192092896,-0.30000001192092896,0.30000001192092896,-0.30000001192092896,-0.299113415525238
1.2999999523162842,0.45149498221701045,-0.30000001192092896,0.3103092908859253,0.5307692298976746,-0.30000001192092896,-0.30000001192092896,-0.30000001192092896,-0.30000001192092896,-0.30000001192092896,-0.30000001192092896,0.30000001192092896,-0.30000001192092896,0.30000001192092896,-0.30000001192092896,-0.299896891525238
1.2999999523162842,0.45149498221701045,-0.30000001192092896,0.3103092908859253,0.3598290588976746,-0.30000001192092896,-0.21129033492092897,-0.18888890092092897,-0.30000001192092896,-0.30000001192092896,-0.30000001192092896,0.30000001192092896,-0.30000001192092896,0.30000001192092896,-0.30000001192092896,-0.299855865525238
1.2999999523162842,0.3909091172170105,-0.30000001192092896,0.3103092908859253,0.44529914389767455,-0.30000001192092896,-0.29193549592092893,-0.28989900192092893,-0.30000001192092896,-0.30000001192092896,-0.30000001192092896,0.45307487792092893,0.650207457079071,1.028334791920929,-0.30000001192092896,-0.24137372852523803
1.2999999523162842,0.3618203282170105,-0.30000001192092896,0.4649484668859253,0.5393162378976746,-0.30000001192092896,-0.30000001192092896,-0.30000001192092896,-0.30000001192092896,-0.30000001192092896,-0.30000001192092896,0.30000001192092896,-0.24605810292092894,0.9714153699209289,-0.30000001192092896,-0.279693068525238
1.2999999523162842,0.3909091172170105,-0.30000001192092896,0.3103092908859253,0.5222222208976746,-0.30000001192092896,-0.30000001192092896,-0.30000001192092896,-0.30000001192092896,-0.30000001192092896,-0.30000001192092896,0.30000001192092896,-0.30000001192092896,0.30000001192092896,-0.30000001192092896,-0.29932475252523805
1.2999999523162842,0.3618279022170105,-0.30000001192092896,0.3103092908859253,0.5222222208976746,-0.30000001192092896,-0.30000001192092896,-0.30000001192092896,-0.30000001192092896,-0.30000001192092896,-0.30000001192092896,0.30000001192092896,-0.27925312392092894,1.014219106920929,-0.30000001192092896,-0.29841820052523804
1.2999999523162842,0.4230196262170105,-0.30000001192092896,0.3103092908859253,0.5222222208976746,-0.30000001192092896,-0.30000001192092896,-0.30000001192092896,-0.30000001192092896,-0.30000001192092896,-0.30000001192092896,0.30000001192092896,-0.30000001192092896,0.30000001192092896,-0.30000001192092896,-0.299897113525238
1.2999999523162842,0.7547272382170105,-0.30000001192092896,0.3103092908859253,0.3769230758976746,-0.30000001192092896,-0.30000001192092896,-0.30000001192092896,-0.30000001192092896,-0.30000001192092896,-0.30000001192092896,0.30000001192092896,-0.2875518789209289,0.8365443559209289,-0.30000001192092896,-0.29967158352523804
1.2999999523162842,0.3609179022170105,-0.30000001192092896,0.49587630188592535,0.5393162378976746,-0.30000001192092896,-0.30000001192092896,-0.30000001192092896,-0.30000001192092896,-0.30000001192092896,-0.30000001192092896,0.30000001192092896,-0.24605810292092894,0.808402569920929,-0.30000001192092896,-0.259887080525238
1.2999999523162842,0.4530096292170105,-0.30000001192092896,0.3103092908859253,0.5222222208976746,-0.30000001192092896,-0.30000001192092896,-0.30000001192092896,-0.30000001192092896,-0.30000001192092896,-0.30000001192092896,0.30000001192092896,-0.30000001192092896,0.30000001192092896,-0.30000001192092896,-0.29990177012523805
1.2999999523162842,0.3606022502170105,-0.30000001192092896,0.4237113528859253,0.5393162378976746,-0.30000001192092896,-0.30000001192092896,-0.30000001192092896,-0.30000001192092896,-0.30000001192092896,-0.30000001192092896,0.30000001192092896,-0.24605810292092894,1.300000011920929,-0.30000001192092896,-0.28481703852523804
1.2999999523162842,0.3315101292170105,-0.30000001192092896,0.44432990988592536,0.5393162378976746,-0.30000001192092896,-0.30000001192092896,-0.30000001192092896,0.699999988079071,-0.30000001192092896,-0.30000001192092896,0.30000001192092896,-0.24605810292092894,0.713624865920929,-0.30000001192092896,-0.27553996052523805
1.2999999523162842,0.4224137672170105,-0.30000001192092896,0.3103092908859253,0.4367521358976746,-0.30000001192092896,-0.30000001192092896,-0.30000001192092896,-0.30000001192092896,-0.30000001192092896,-0.30000001192092896,0.30000001192092896,-0.295850633920929,0.8542434229209289,-0.30000001192092896,-0.29982703752523804
1.2999999523162842,0.33152164021701047,-0.30000001192092896,0.3103092908859253,0.3512820498976746,-0.30000001192092896,-0.21129033492092897,-0.28989900192092893,-0.30000001192092896,-0.30000001192092896,-0.30000001192092896,0.961764717920929,-0.30000001192092896,0.30000001192092896,-0.30000001192092896,-0.29984366952523805
1.2999999523162842,0.3327294192170105,-0.30000001192092896,0.4134020748859253,0.5393162378976746,-0.30000001192092896,-0.30000001192092896,-0.30000001192092896,0.699999988079071,-0.30000001192092896,-0.30000001192092896,0.30000001192092896,-0.24605810292092894,1.046923599920929,-0.30000001192092896,-0.24090781252523802
1.2999999523162842,0.45149498221701045,-0.30000001192092896,0.3103092908859253,0.5136752128976746,-0.30000001192092896,-0.30000001192092896,-0.30000001192092896,-0.30000001192092896,-0.30000001192092896,-0.30000001192092896,0.30000001192092896,-0.30000001192092896,0.30000001192092896,-0.30000001192092896,-0.29987050252523806
1.2999999523162842,0.45149498221701045,-0.30000001192092896,0.3103092908859253,0.5393162378976746,-0.30000001192092896,-0.30000001192092896,-0.30000001192092896,-0.30000001192092896,-0.30000001192092896,-0.30000001192092896,0.30000001192092896,-0.295850633920929,0.855148912920929,-0.30000001192092896,-0.299207220525238
1.2999999523162842,0.4524037702170105,-0.30000001192092896,0.3103092908859253,0.5307692298976746,-0.30000001192092896,-0.30000001192092896,-0.30000001192092896,-0.30000001192092896,-0.30000001192092896,-0.30000001192092896,0.30000001192092896,-0.30000001192092896,0.30000001192092896,-0.30000001192092896,-0.29885905752523806
1.2999999523162842,0.3333507272170105,-0.30000001192092896,0.3103092908859253,0.3512820498976746,-0.30000001192092896,-0.25967743092092893,-0.24949496092092896,-0.30000001192092896,-0.30000001192092896,-0.30000001192092896,0.39625669592092894,0.29751036107907103,1.126473973920929,-0.30000001192092896,-0.24907387652523805
1.2999999523162842,0.42179791221701046,-0.30000001192092896,0.3103092908859253,0.3512820498976746,-0.30000001192092896,-0.28387097992092897,-0.28989900192092893,-0.30000001192092896,-0.30000001192092896,-0.30000001192092896,0.575401081920929,-0.30000001192092896,0.30000001192092896,-0.30000001192092896,-0.299859414525238
1.2999999523162842,0.4527067002170105,-0.30000001192092896,0.3103092908859253,0.5222222208976746,-0.30000001192092896,-0.30000001192092896,-0.30000001192092896,-0.30000001192092896,-0.30000001192092896,-0.30000001192092896,0.30000001192092896,-0.2875518789209289,0.713624865920929,-0.30000001192092896,-0.29953697652523803
1.2999999523162842,0.4524037702170105,-0.30000001192092896,0.3103092908859253,0.5307692298976746,-0.30000001192092896,-0.30000001192092896,-0.30000001192092896,-0.30000001192092896,-0.30000001192092896,-0.30000001192092896,0.30000001192092896,-0.29170125692092896,1.1441927509209289,-0.30000001192092896,-0.29854526852523805
1.2999999523162842,0.3306243632170105,-0.30000001192092896,0.3103092908859253,0.3170940158976746,-0.30000001192092896,-0.06612904392092894,-0.28989900192092893,-0.30000001192092896,-0.30000001192092896,-0.30000001192092896,1.114171134920929,-0.20871370492092894,1.126473973920929,-0.30000001192092896,-0.25413863652523805
1.2999999523162842,0.8755960392170105,-0.30000001192092896,0.3103092908859253,0.3769230758976746,-0.30000001192092896,-0.30000001192092896,-0.30000001192092896,-0.30000001192092896,-0.30000001192092896,-0.30000001192092896,0.30000001192092896,-0.30000001192092896,0.30000001192092896,-0.30000001192092896,-0.29961193052523805
1.2999999523162842,0.3608991202170105,-0.30000001192092896,0.3824742398859253,0.4709401698976746,-0.30000001192092896,-0.30000001192092896,-0.30000001192092896,-0.30000001192092896,-0.30000001192092896,-0.30000001192092896,0.30000001192092896,-0.24605810292092894,1.119382977920929,-0.30000001192092896,-0.294138246525238
1.2999999523162842,0.45149346821701053,-0.30000001192092896,0.3103092908859253,0.5307692298976746,-0.30000001192092896,-0.30000001192092896,-0.30000001192092896,-0.30000001192092896,-0.30000001192092896,-0.30000001192092896,0.30000001192092896,-0.295850633920929,0.915058009920929,-0.30000001192092896,-0.29925312452523806
1.2999999523162842,0.3027494132170105,-0.30000001192092896,0.4134020748859253,0.5307692298976746,-0.30000001192092896,-0.30000001192092896,-0.30000001192092896,0.699999988079071,-0.30000001192092896,-0.30000001192092896,0.43636364792092897,-0.24605810292092894,0.766034467920929,-0.30000001192092896,-0.24228759852523804
1.2999999523162842,0.3633425482170105,-0.30000001192092896,0.3103092908859253,0.5051282038976745,-0.30000001192092896,-0.30000001192092896,-0.30000001192092896,-0.30000001192092896,-0.30000001192092896,-0.30000001192092896,0.30000001192092896,-0.30000001192092896,0.30000001192092896,-0.30000001192092896,-0.29073357552523804
1.2999999523162842,0.4224137672170105,-0.30000001192092896,0.3103092908859253,0.5222222208976746,-0.30000001192092896,-0.30000001192092896,-0.30000001192092896,-0.30000001192092896,-0.30000001192092896,-0.30000001192092896,0.30000001192092896,-0.30000001192092896,0.30000001192092896,-0.30000001192092896,-0.299181274525238
1.2999999523162842,0.3306261812170105,-0.30000001192092896,0.3103092908859253,0.3683760668976746,-0.30000001192092896,-0.11451614092092896,-0.28989900192092893,-0.30000001192092896,-0.30000001192092896,-0.30000001192092896,1.060695198920929,-0.20041494992092895,1.0424097209209289,-0.30000001192092896,-0.25190973352523804
1.2999999523162842,0.3930296222170105,-0.30000001192092896,0.3103092908859253,0.38547008389767456,-0.30000001192092896,-0.29193549592092893,-0.28989900192092893,-0.30000001192092896,-0.30000001192092896,-0.30000001192092896,0.4610962689209289,-0.30000001192092896,0.30000001192092896,-0.30000001192092896,-0.299856087525238
1.2999999523162842,0.4212020502170105,-0.30000001192092896,0.3103092908859253,0.3683760668976746,-0.30000001192092896,-0.30000001192092896,-0.30000001192092896,-0.30000001192092896,-0.30000001192092896,-0.30000001192092896,0.30000001192092896,-0.2875518789209289,1.104964719920929,-0.30000001192092896,-0.29975186052523806
1.2999999523162842,0.5129896362170105,-0.30000001192092896,0.3103092908859253,0.5222222208976746,-0.30000001192092896,-0.30000001192092896,-0.30000001192092896,-0.30000001192092896,-0.30000001192092896,-0.30000001192092896,0.30000001192092896,-0.27925312392092894,0.7382474989209289,-0.30000001192092896,-0.29942121752523804
1.2999999523162842,0.4523734772170105,-0.30000001192092896,0.3103092908859253,0.5222222208976746,-0.30000001192092896,-0.29193549592092893,-0.28989900192092893,-0.30000001192092896,-0.30000001192092896,-0.30000001192092896,0.4610962689209289,-0.30000001192092896,0.30000001192092896,-0.30000001192092896,-0.29127156352523803
1.2999999523162842,0.4214937712170105,-0.30000001192092896,0.6195876418859253,0.5393162378976746,-0.30000001192092896,-0.30000001192092896,-0.30000001192092896,-0.30000001192092896,-0.30000001192092896,-0.30000001192092896,0.30000001192092896,-0.24605810292092894,0.913875549920929,-0.30000001192092896,-0.29479576252523804
1.2999999523162842,0.3030362872170105,-0.30000001192092896,0.3103092908859253,0.3170940158976746,-0.30000001192092896,0.13548385907907107,-0.28989900192092893,-0.30000001192092896,-0.30000001192092896,-0.30000001192092896,1.166310171920929,-0.24605810292092894,1.026060097920929,-0.30000001192092896,-0.253876738525238
1.2999999523162842,0.3615225492170105,-0.30000001192092896,0.3103092908859253,0.33418803289767457,-0.30000001192092896,-0.27580646392092895,-0.26969698192092895,-0.30000001192092896,-0.30000001192092896,-0.30000001192092896,0.30000001192092896,-0.30000001192092896,0.30000001192092896,-0.30000001192092896,-0.299842338525238
1.2999999523162842,0.5735755012170105,-0.30000001192092896,0.3103092908859253,0.5222222208976746,-0.30000001192092896,-0.30000001192092896,-0.30000001192092896,-0.30000001192092896,-0.30000001192092896,-0.30000001192092896,0.30000001192092896,-0.30000001192092896,0.30000001192092896,-0.30000001192092896,-0.29990088312523805
1.2999999523162842,1.0270607032170105,-0.30000001192092896,0.3103092908859253,0.3769230758976746,-0.30000001192092896,-0.30000001192092896,-0.30000001192092896,-0.30000001192092896,-0.30000001192092896,-0.30000001192092896,0.30000001192092896,-0.29170125692092896,0.990216424920929,-0.30000001192092896,-0.29975940052523803
1.2999999523162842,0.5132925652170105,-0.30000001192092896,0.3103092908859253,0.5051282038976745,-0.30000001192092896,-0.30000001192092896,-0.30000001192092896,-0.30000001192092896,-0.30000001192092896,-0.30000001192092896,0.30000001192092896,-0.30000001192092896,0.30000001192092896,-0.30000001192092896,-0.299901104925238
1.2999999523162842,0.3024473922170105,-0.30000001192092896,0.3103092908859253,0.3256410248976746,-0.30000001192092896,-0.05806452792092895,0.0030302910790710458,-0.30000001192092896,-0.30000001192092896,-0.30000001192092896,0.30000001192092896,-0.30000001192092896,0.30000001192092896,-0.30000001192092896,-0.29984056452523805
1.2999999523162842,1.0273636322170105,-0.30000001192092896,0.3103092908859253,0.3769230758976746,-0.30000001192092896,-0.30000001192092896,-0.30000001192092896,-0.30000001192092896,-0.30000001192092896,-0.30000001192092896,0.30000001192092896,-0.30000001192092896,0.30000001192092896,-0.30000001192092896,-0.29990465302523805
1.2999999523162842,0.6032625752170104,-0.30000001192092896,0.3103092908859253,0.5222222208976746,-0.30000001192092896,-0.30000001192092896,-0.30000001192092896,-0.30000001192092896,-0.30000001192092896,-0.30000001192092896,0.30000001192092896,-0.30000001192092896,0.30000001192092896,-0.30000001192092896,-0.29990154842523803
1.2999999523162842,0.42150497921701047,-0.30000001192092896,0.3103092908859253,0.33418803289767457,-0.30000001192092896,-0.28387097992092897,-0.27979799192092897,-0.30000001192092896,-0.30000001192092896,-0.30000001192092896,0.30000001192092896,-0.30000001192092896,0.30000001192092896,-0.30000001192092896,-0.26269787952523804
1.2999999523162842,0.33123204021701047,-0.30000001192092896,0.3103092908859253,0.3512820498976746,-0.30000001192092896,-0.21935485092092893,-0.28989900192092893,-0.30000001192092896,-0.30000001192092896,-0.30000001192092896,0.9203208679209289,-0.30000001192092896,0.30000001192092896,-0.30000001192092896,-0.29985165252523804
1.2999999523162842,0.3621005382170105,-0.30000001192092896,0.3103092908859253,0.34273504189767456,-0.30000001192092896,-0.21935485092092893,-0.19898991092092894,-0.30000001192092896,-0.30000001192092896,-0.30000001192092896,0.30000001192092896,-0.30000001192092896,0.30000001192092896,-0.30000001192092896,-0.299844112525238
1.2999999523162842,0.3303074992170105,-0.30000001192092896,0.3103092908859253,0.3170940158976746,-0.30000001192092896,-0.06612904392092894,-0.28989900192092893,-0.30000001192092896,-0.30000001192092896,-0.30000001192092896,1.114171134920929,-0.30000001192092896,0.30000001192092896,-0.30000001192092896,-0.29984012152523803
1.2999999523162842,0.5426767102170105,-0.30000001192092896,0.3103092908859253,0.5222222208976746,-0.30000001192092896,-0.30000001192092896,-0.30000001192092896,-0.30000001192092896,-0.30000001192092896,-0.30000001192092896,0.30000001192092896,-0.30000001192092896,0.30000001192092896,-0.30000001192092896,-0.299900661325238
1.2999999523162842,0.30517920921701047,-0.30000001192092896,0.3103092908859253,0.3512820498976746,-0.30000001192092896,-0.25161291492092897,-0.28989900192092893,-0.30000001192092896,-0.30000001192092896,-0.30000001192092896,0.825401081920929,-0.005394202920928959,0.676590412920929,-0.30000001192092896,-0.24824272252523805
1.2999999523162842,0.4527067002170105,-0.30000001192092896,0.3103092908859253,0.5136752128976746,-0.30000001192092896,-0.30000001192092896,-0.30000001192092896,-0.30000001192092896,-0.30000001192092896,-0.30000001192092896,0.30000001192092896,-0.30000001192092896,0.30000001192092896,-0.30000001192092896,-0.29922074752523803
1.2999999523162842,0.4239284142170105,-0.30000001192092896,0.3103092908859253,0.5307692298976746,-0.30000001192092896,-0.30000001192092896,-0.30000001192092896,-0.30000001192092896,-0.30000001192092896,-0.30000001192092896,0.30000001192092896,-0.30000001192092896,0.30000001192092896,-0.30000001192092896,-0.29910942452523803
1.2999999523162842,0.3606155782170105,-0.30000001192092896,0.3103092908859253,0.3683760668976746,-0.30000001192092896,-0.28387097992092897,-0.28989900192092893,-0.30000001192092896,-0.30000001192092896,-0.30000001192092896,0.575401081920929,-0.30000001192092896,0.30000001192092896,-0.30000001192092896,-0.267318012525238
1.2999999523162842,0.4820744862170105,-0.30000001192092896,0.3103092908859253,0.33418803289767457,-0.30000001192092896,-0.24354839892092894,-0.22929294092092894,-0.30000001192092896,-0.30000001192092896,-0.30000001192092896,0.30000001192092896,-0.30000001192092896,0.30000001192092896,-0.30000001192092896,-0.293019692525238
1.2999999523162842,0.3618197222170105,-0.30000001192092896,0.3824742398859253,0.5393162378976746,-0.30000001192092896,-0.30000001192092896,-0.30000001192092896,-0.30000001192092896,-0.30000001192092896,-0.30000001192092896,0.30000001192092896,-0.24605810292092894,0.973676295920929,-0.30000001192092896,-0.28578612652523805
1.2999999523162842,0.3000182020170105,-0.30000001192092896,0.3103092908859253,0.2999999988976746,-0.30000001192092896,-0.21129033492092897,-0.18888890092092897,-0.30000001192092896,-0.30000001192092896,-0.30000001192092896,0.961764717920929,0.07344397107907102,1.0698410809209289,-0.30000001192092896,-0.24374877052523802
1.2999999523162842,0.39209145021701053,-0.30000001192092896,0.3103092908859253,0.5222222208976746,-0.30000001192092896,-0.30000001192092896,-0.30000001192092896,-0.30000001192092896,-0.30000001192092896,-0.30000001192092896,0.30000001192092896,-0.30000001192092896,0.30000001192092896,-0.30000001192092896,-0.29918548752523805
1.2999999523162842,0.3621308312170105,-0.30000001192092896,0.3103092908859253,0.3170940158976746,-0.30000001192092896,-0.21129033492092897,-0.18888890092092897,-0.30000001192092896,-0.30000001192092896,-0.30000001192092896,0.30000001192092896,-0.30000001192092896,0.30000001192092896,-0.30000001192092896,-0.299854978525238
1.2999999523162842,0.3909091172170105,-0.30000001192092896,0.3103092908859253,0.5222222208976746,-0.30000001192092896,-0.30000001192092896,-0.30000001192092896,-0.30000001192092896,-0.30000001192092896,-0.30000001192092896,0.30000001192092896,-0.30000001192092896,0.30000001192092896,-0.30000001192092896,-0.29932785752523805
1.2999999523162842,0.36088912421701047,-0.30000001192092896,0.3103092908859253,0.3598290588976746,-0.30000001192092896,-0.24354839892092894,-0.28989900192092893,-0.30000001192092896,-0.30000001192092896,-0.30000001192092896,0.861497337920929,-0.30000001192092896,0.30000001192092896,-0.30000001192092896,-0.24875986552523804
1.2999999523162842,0.48239377421701046,-0.30000001192092896,0.3103092908859253,0.5222222208976746,-0.30000001192092896,-0.30000001192092896,-0.30000001192092896,-0.30000001192092896,-0.30000001192092896,-0.30000001192092896,0.30000001192092896,-0.30000001192092896,0.30000001192092896,-0.30000001192092896,-0.299292153525238
1.2999999523162842,0.3915149762170105,-0.30000001192092896,0.3103092908859253,0.5051282038976745,-0.30000001192092896,-0.30000001192092896,-0.30000001192092896,-0.30000001192092896,-0.30000001192092896,-0.30000001192092896,0.30000001192092896,-0.30000001192092896,0.30000001192092896,-0.30000001192092896,-0.299901104925238
1.2999999523162842,0.48297085421701047,-0.30000001192092896,0.3103092908859253,0.5136752128976746,-0.30000001192092896,-0.30000001192092896,-0.30000001192092896,0.699999988079071,-0.30000001192092896,-0.30000001192092896,0.30000001192092896,-0.30000001192092896,0.30000001192092896,-0.30000001192092896,-0.299901104925238
1.2999999523162842,0.4817779182170105,-0.30000001192092896,0.3103092908859253,0.5222222208976746,-0.30000001192092896,-0.30000001192092896,-0.30000001192092896,-0.30000001192092896,-0.30000001192092896,-0.30000001192092896,0.30000001192092896,-0.30000001192092896,0.30000001192092896,-0.30000001192092896,-0.29939992852523806
1.2999999523162842,0.33123204021701047,-0.30000001192092896,0.3103092908859253,0.3512820498976746,-0.30000001192092896,-0.15483872192092896,-0.28989900192092893,-0.30000001192092896,-0.30000001192092896,-0.30000001192092896,1.0459893169209291,-0.30000001192092896,0.30000001192092896,-0.30000001192092896,-0.29125448852523805
1.2999999523162842,0.39363548121701053,-0.30000001192092896,0.3103092908859253,0.5051282038976745,-0.30000001192092896,-0.30000001192092896,-0.30000001192092896,-0.30000001192092896,-0.30000001192092896,-0.30000001192092896,0.30000001192092896,-0.29170125692092896,0.856131456920929,-0.30000001192092896,-0.298492268525238
0.2999999523162842,0.3000206254170105,-0.24735751992092897,0.3000000128859253,0.3598290588976746,0.699999988079071,-0.30000001192092896,-0.30000001192092896,0.699999988079071,-0.20909092092092896,0.12738588007907103,0.30000001192092896,-0.30000001192092896,0.30000001192092896,0.033333321079071054,-0.29630771752523805
1.2999999523162842,0.3033583012170105,-0.30000001192092896,0.3103092908859253,0.3683760668976746,-0.30000001192092896,-0.11451614092092896,-0.28989900192092893,-0.30000001192092896,-0.30000001192092896,-0.30000001192092896,1.032620332920929,-0.21286308292092895,0.846887934920929,-0.30000001192092896,-0.25673144652523805
1.2999999523162842,0.3605874062170105,-0.30000001192092896,0.3103092908859253,0.4367521358976746,-0.30000001192092896,-0.30000001192092896,-0.30000001192092896,-0.30000001192092896,-0.30000001192092896,-0.30000001192092896,0.30000001192092896,-0.30000001192092896,0.30000001192092896,-0.30000001192092896,-0.26306378252523804
1.2999999523162842,0.3915149762170105,-0.30000001192092896,0.3103092908859253,0.5222222208976746,-0.30000001192092896,-0.30000001192092896,-0.30000001192092896,-0.30000001192092896,-0.30000001192092896,-0.30000001192092896,0.30000001192092896,-0.30000001192092896,0.30000001192092896,-0.30000001192092896,-0.29965051652523805
1.2999999523162842,0.4212008382170105,-0.30000001192092896,0.44432990988592536,0.5393162378976746,-0.30000001192092896,-0.30000001192092896,-0.30000001192092896,-0.30000001192092896,-0.30000001192092896,-0.30000001192092896,0.30000001192092896,-0.24605810292092894,0.808402569920929,-0.30000001192092896,-0.295498961525238
1.2999999523162842,0.4514810472170105,-0.30000001192092896,0.4752577448859253,0.3940170928976746,-0.30000001192092896,-0.30000001192092896,-0.30000001192092896,-0.30000001192092896,-0.30000001192092896,-0.30000001192092896,0.30000001192092896,-0.24605810292092894,1.300000011920929,-0.30000001192092896,-0.29362930852523805
1.2999999523162842,1.0573536352170105,-0.30000001192092896,0.3103092908859253,0.3769230758976746,-0.30000001192092896,-0.30000001192092896,-0.30000001192092896,-0.30000001192092896,-0.30000001192092896,-0.30000001192092896,0.30000001192092896,-0.30000001192092896,0.30000001192092896,-0.30000001192092896,-0.29979709952523803
1.2999999523162842,0.5129896362170105,-0.30000001192092896,0.3103092908859253,0.4965811958976746,-0.30000001192092896,-0.30000001192092896,-0.30000001192092896,-0.30000001192092896,-0.30000001192092896,-0.30000001192092896,0.30000001192092896,-0.295850633920929,1.0698410809209289,-0.30000001192092896,-0.299394606525238
1.2999999523162842,0.3003174962170105,-0.30000001192092896,0.3103092908859253,0.34273504189767456,-0.30000001192092896,-0.21935485092092893,-0.19898991092092894,-0.30000001192092896,-0.30000001192092896,-0.30000001192092896,0.30000001192092896,-0.30000001192092896,0.30000001192092896,-0.30000001192092896,-0.29984056452523805
1.2999999523162842,0.3315286072170105,-0.30000001192092896,0.3103092908859253,0.3512820498976746,-0.30000001192092896,-0.14677420592092896,-0.28989900192092893,-0.30000001192092896,-0.30000001192092896,-0.30000001192092896,1.062032097920929,-0.30000001192092896,0.30000001192092896,-0.30000001192092896,-0.29983834652523805
1.2999999523162842,0.4817879152170105,-0.30000001192092896,0.3103092908859253,0.5393162378976746,-0.30000001192092896,-0.30000001192092896,-0.30000001192092896,-0.30000001192092896,-0.30000001192092896,-0.30000001192092896,0.30000001192092896,-0.30000001192092896,0.30000001192092896,-0.30000001192092896,-0.299395715525238
1.2999999523162842,0.4220811502170105,-0.30000001192092896,0.3103092908859253,0.5136752128976746,-0.30000001192092896,-0.30000001192092896,-0.30000001192092896,-0.30000001192092896,-0.30000001192092896,-0.30000001192092896,0.30000001192092896,-0.295850633920929,0.831649561920929,-0.30000001192092896,-0.299507038525238
1.2999999523162842,0.3012187112170105,-0.30000001192092896,0.3103092908859253,0.33418803289767457,-0.30000001192092896,-0.14677420592092896,-0.10808081992092897,-0.30000001192092896,-0.30000001192092896,-0.30000001192092896,0.30000001192092896,-0.30000001192092896,0.30000001192092896,-0.30000001192092896,-0.29983879052523804
1.2999999523162842,0.42271669621701047,-0.30000001192092896,0.3103092908859253,0.5051282038976745,-0.30000001192092896,-0.30000001192092896,-0.30000001192092896,-0.30000001192092896,-0.30000001192092896,-0.30000001192092896,0.30000001192092896,-0.30000001192092896,0.30000001192092896,-0.30000001192092896,-0.29889453952523803
1.2999999523162842,0.3615249722170105,-0.30000001192092896,0.3103092908859253,0.3683760668976746,-0.30000001192092896,-0.28387097992092897,-0.28989900192092893,-0.30000001192092896,-0.30000001192092896,-0.30000001192092896,0.575401081920929,0.15228214607907103,0.7079993899209289,-0.30000001192092896,-0.25401378652523804
1.2999999523162842,0.5426767102170105,-0.30000001192092896,0.3103092908859253,0.5222222208976746,-0.30000001192092896,-0.30000001192092896,-0.30000001192092896,-0.30000001192092896,-0.30000001192092896,-0.30000001192092896,0.30000001192092896,-0.30000001192092896,0.30000001192092896,-0.30000001192092896,-0.29964098152523805
1.2999999523162842,0.45149498221701045,-0.30000001192092896,0.3103092908859253,0.5307692298976746,-0.30000001192092896,-0.30000001192092896,-0.30000001192092896,-0.30000001192092896,-0.30000001192092896,-0.30000001192092896,0.30000001192092896,-0.30000001192092896,0.30000001192092896,-0.30000001192092896,-0.299252902525238
1.2999999523162842,0.48208569421701053,-0.30000001192092896,0.3103092908859253,0.4880341868976746,-0.30000001192092896,-0.29193549592092893,-0.28989900192092893,-0.30000001192092896,-0.30000001192092896,-0.30000001192092896,0.4610962689209289,-0.30000001192092896,0.30000001192092896,-0.30000001192092896,-0.29989445252523805
1.2999999523162842,0.3030414362170105,-0.30000001192092896,0.3103092908859253,0.3256410248976746,-0.30000001192092896,-0.13064517292092895,-0.08787879992092895,-0.30000001192092896,-0.30000001192092896,-0.30000001192092896,0.30000001192092896,-0.30000001192092896,0.30000001192092896,-0.30000001192092896,-0.29984034252523806
1.2999999523162842,0.3608991202170105,-0.30000001192092896,0.7845360948859252,0.5393162378976746,-0.30000001192092896,-0.30000001192092896,-0.30000001192092896,-0.30000001192092896,-0.30000001192092896,-0.30000001192092896,0.30000001192092896,-0.24605810292092894,1.119382977920929,-0.30000001192092896,-0.29443318652523803
1.2999999523162842,0.3330496162170105,-0.30000001192092896,0.3103092908859253,0.33418803289767457,-0.30000001192092896,-0.25161291492092897,-0.28989900192092893,-0.30000001192092896,-0.30000001192092896,-0.30000001192092896,0.825401081920929,-0.030290467920928932,0.992381329920929,-0.30000001192092896,-0.24880665652523803
1.2999999523162842,0.3609154782170105,-0.30000001192092896,0.5783505278859253,0.5393162378976746,-0.30000001192092896,-0.30000001192092896,-0.30000001192092896,-0.30000001192092896,-0.30000001192092896,-0.30000001192092896,0.30000001192092896,-0.24605810292092894,0.7381502899209289,-0.30000001192092896,-0.295069413525238
1.2999999523162842,0.3012193172170105,-0.30000001192092896,0.3103092908859253,0.3256410248976746,-0.30000001192092896,-0.13064517292092895,-0.08787879992092895,-0.30000001192092896,-0.30000001192092896,-0.30000001192092896,0.33676471792092894,-0.07178424392092894,0.985206940920929,-0.30000001192092896,-0.25465378352523804
1.2999999523162842,0.3027500182170105,-0.30000001192092896,0.3103092908859253,0.3256410248976746,-0.30000001192092896,-0.017741946920928953,-0.28989900192092893,-0.30000001192092896,-0.30000001192092896,-0.30000001192092896,1.142246000920929,-0.30000001192092896,0.30000001192092896,-0.30000001192092896,-0.29983701652523803
1.2999999523162842,0.3611978092170105,-0.30000001192092896,0.44432990988592536,0.5393162378976746,-0.30000001192092896,-0.30000001192092896,-0.30000001192092896,0.699999988079071,-0.30000001192092896,-0.30000001192092896,0.4597593699209289,-0.24605810292092894,0.950088698920929,-0.30000001192092896,-0.23228403752523802
1.2999999523162842,0.4817842802170105,-0.30000001192092896,0.4134020748859253,0.5393162378976746,-0.30000001192092896,-0.30000001192092896,-0.30000001192092896,-0.30000001192092896,-0.30000001192092896,-0.30000001192092896,0.30000001192092896,-0.24605810292092894,0.7381502899209289,-0.30000001192092896,-0.295131062525238
1.2999999523162842,0.3024367902170105,-0.30000001192092896,0.44432990988592536,0.5307692298976746,-0.30000001192092896,-0.30000001192092896,-0.30000001192092896,0.699999988079071,-0.30000001192092896,-0.30000001192092896,0.42098931692092895,-0.24605810292092894,0.920659170920929,-0.30000001192092896,-0.26253976552523806
1.2999999523162842,0.4817670132170105,-0.30000001192092896,0.3103092908859253,0.5222222208976746,-0.30000001192092896,-0.30000001192092896,-0.30000001192092896,-0.30000001192092896,-0.30000001192092896,-0.30000001192092896,0.30000001192092896,-0.30000001192092896,0.30000001192092896,-0.30000001192092896,-0.29990088312523805
1.2999999523162842,0.3303232522170105,-0.30000001192092896,0.3103092908859253,0.3769230758976746,-0.30000001192092896,-0.21935485092092893,-0.28989900192092893,-0.30000001192092896,-0.30000001192092896,-0.30000001192092896,0.902272738920929,-0.14647304092092894,1.018495879920929,-0.30000001192092896,-0.253190615525238
1.2999999523162842,0.4217985172170105,-0.30000001192092896,0.3103092908859253,0.5222222208976746,-0.30000001192092896,-0.30000001192092896,-0.30000001192092896,-0.30000001192092896,-0.30000001192092896,-0.30000001192092896,0.30000001192092896,-0.27925312392092894,0.737751744920929,-0.30000001192092896,-0.298627541525238
1.2999999523162842,0.42180790821701053,-0.30000001192092896,0.3103092908859253,0.5222222208976746,-0.30000001192092896,-0.30000001192092896,-0.30000001192092896,-0.30000001192092896,-0.30000001192092896,-0.30000001192092896,0.30000001192092896,-0.30000001192092896,0.30000001192092896,-0.30000001192092896,-0.299900661325238
1.2999999523162842,0.3621165932170105,-0.30000001192092896,0.3103092908859253,0.3769230758976746,-0.30000001192092896,-0.21129033492092897,-0.28989900192092893,-0.30000001192092896,-0.30000001192092896,-0.30000001192092896,0.8701871779209289,-0.30000001192092896,0.30000001192092896,-0.30000001192092896,-0.299843890525238
1.2999999523162842,0.5123743862170105,-0.30000001192092896,0.3103092908859253,0.5136752128976746,-0.30000001192092896,-0.30000001192092896,-0.30000001192092896,-0.30000001192092896,-0.30000001192092896,-0.30000001192092896,0.30000001192092896,-0.30000001192092896,0.30000001192092896,-0.30000001192092896,-0.29127799452523806
1.2999999523162842,0.3639311402170105,-0.30000001192092896,0.3103092908859253,0.3598290588976746,-0.30000001192092896,-0.21129033492092897,-0.18888890092092897,-0.30000001192092896,-0.30000001192092896,-0.30000001192092896,0.36016043992092894,0.07344397107907102,1.046923599920929,-0.30000001192092896,-0.24842057352523803
1.2999999523162842,0.5126570192170105,-0.30000001192092896,0.3103092908859253,0.5136752128976746,-0.30000001192092896,-0.30000001192092896,-0.30000001192092896,-0.30000001192092896,-0.30000001192092896,-0.30000001192092896,0.30000001192092896,-0.30000001192092896,0.30000001192092896,-0.30000001192092896,-0.29939970752523803
1.2999999523162842,0.5735755012170105,-0.30000001192092896,0.3103092908859253,0.5136752128976746,-0.30000001192092896,-0.30000001192092896,-0.30000001192092896,-0.30000001192092896,-0.30000001192092896,-0.30000001192092896,0.30000001192092896,-0.30000001192092896,0.30000001192092896,-0.30000001192092896,-0.29943319252523803
1.2999999523162842,0.4223898352170105,-0.30000001192092896,0.3103092908859253,0.38547008389767456,-0.30000001192092896,-0.29193549592092893,-0.28989900192092893,-0.30000001192092896,-0.30000001192092896,-0.30000001192092896,0.4610962689209289,-0.30000001192092896,0.30000001192092896,-0.30000001192092896,-0.29986251852523804
1.2999999523162842,0.3327333572170105,-0.30000001192092896,0.3103092908859253,0.34273504189767456,-0.30000001192092896,-0.13870968892092894,-0.28989900192092893,-0.30000001192092896,-0.30000001192092896,-0.30000001192092896,1.062032097920929,-0.17966806192092896,0.940819772920929,-0.30000001192092896,-0.252545739525238
1.2999999523162842,0.3003150722170105,-0.30000001192092896,0.3103092908859253,0.33418803289767457,-0.30000001192092896,-0.23548388292092895,-0.21919193092092895,-0.30000001192092896,-0.30000001192092896,-0.30000001192092896,0.30000001192092896,-0.30000001192092896,0.30000001192092896,-0.30000001192092896,-0.29983967752523805
1.2999999523162842,0.5123665102170105,-0.30000001192092896,0.3103092908859253,0.5222222208976746,-0.30000001192092896,-0.30000001192092896,-0.30000001192092896,-0.30000001192092896,-0.30000001192092896,-0.30000001192092896,0.30000001192092896,-0.30000001192092896,0.30000001192092896,-0.30000001192092896,-0.29961437052523804
1.2999999523162842,0.4524037702170105,-0.30000001192092896,0.3103092908859253,0.5222222208976746,-0.30000001192092896,-0.30000001192092896,-0.30000001192092896,0.699999988079071,-0.30000001192092896,-0.30000001192092896,0.30000001192092896,-0.30000001192092896,0.30000001192092896,-0.30000001192092896,-0.299896669525238
1.2999999523162842,0.5123837772170106,-0.30000001192092896,0.3103092908859253,0.5222222208976746,-0.30000001192092896,-0.30000001192092896,-0.30000001192092896,-0.30000001192092896,-0.30000001192092896,-0.30000001192092896,0.30000001192092896,-0.30000001192092896,0.30000001192092896,-0.30000001192092896,-0.29957844552523805
1.2999999523162842,0.5129896362170105,-0.30000001192092896,0.3103092908859253,0.5136752128976746,-0.30000001192092896,-0.30000001192092896,-0.30000001192092896,-0.30000001192092896,-0.30000001192092896,-0.30000001192092896,0.30000001192092896,-0.30000001192092896,0.30000001192092896,-0.30000001192092896,-0.29990088312523805
1.2999999523162842,0.5126815562170105,-0.30000001192092896,0.3103092908859253,0.5222222208976746,-0.30000001192092896,-0.30000001192092896,-0.30000001192092896,-0.30000001192092896,-0.30000001192092896,-0.30000001192092896,0.30000001192092896,-0.30000001192092896,0.30000001192092896,-0.30000001192092896,-0.299900661325238
1.2999999523162842,0.3315222462170105,-0.30000001192092896,0.4546391878859253,0.5393162378976746,-0.30000001192092896,-0.30000001192092896,-0.30000001192092896,0.699999988079071,-0.30000001192092896,-0.30000001192092896,0.42098931692092895,-0.24605810292092894,1.020383467920929,-0.30000001192092896,-0.25234837352523803
1.2999999523162842,0.4517979122170105,-0.30000001192092896,0.3103092908859253,0.5222222208976746,-0.30000001192092896,-0.30000001192092896,-0.30000001192092896,-0.30000001192092896,-0.30000001192092896,-0.30000001192092896,0.30000001192092896,-0.30000001192092896,0.30000001192092896,-0.30000001192092896,-0.299897113525238
1.2999999523162842,0.4820908442170105,-0.30000001192092896,0.3103092908859253,0.5222222208976746,-0.30000001192092896,-0.30000001192092896,-0.30000001192092896,-0.30000001192092896,-0.30000001192092896,-0.30000001192092896,0.30000001192092896,-0.30000001192092896,0.30000001192092896,-0.30000001192092896,-0.299900217825238
1.2999999523162842,0.4826967032170105,-0.30000001192092896,0.3103092908859253,0.5136752128976746,-0.30000001192092896,-0.30000001192092896,-0.30000001192092896,-0.30000001192092896,-0.30000001192092896,-0.30000001192092896,0.30000001192092896,-0.30000001192092896,0.30000001192092896,-0.30000001192092896,-0.29990088312523805
1.2999999523162842,0.3330329542170105,-0.30000001192092896,0.3103092908859253,0.34273504189767456,-0.30000001192092896,-0.25967743092092893,-0.28989900192092893,-0.30000001192092896,-0.30000001192092896,-0.30000001192092896,0.7812834339209289,0.03195019507907104,0.766397456920929,-0.30000001192092896,-0.24992787152523804
1.2999999523162842,0.5726667132170105,-0.30000001192092896,0.3103092908859253,0.5051282038976745,-0.30000001192092896,-0.30000001192092896,-0.30000001192092896,-0.30000001192092896,-0.30000001192092896,-0.30000001192092896,0.30000001192092896,-0.30000001192092896,0.30000001192092896,-0.30000001192092896,-0.299900661325238
1.2999999523162842,0.4527067002170105,-0.30000001192092896,0.3103092908859253,0.5222222208976746,-0.30000001192092896,-0.30000001192092896,-0.30000001192092896,-0.30000001192092896,-0.30000001192092896,-0.30000001192092896,0.30000001192092896,-0.30000001192092896,0.30000001192092896,-0.30000001192092896,-0.29126779452523804
1.2999999523162842,0.3927266932170105,-0.30000001192092896,0.3103092908859253,0.5222222208976746,-0.30000001192092896,-0.30000001192092896,-0.30000001192092896,-0.30000001192092896,-0.30000001192092896,-0.30000001192092896,0.30000001192092896,-0.30000001192092896,0.30000001192092896,-0.30000001192092896,-0.29860869152523806
1.2999999523162842,0.4223922592170105,-0.30000001192092896,0.3103092908859253,0.5307692298976746,-0.30000001192092896,-0.30000001192092896,-0.30000001192092896,-0.30000001192092896,-0.30000001192092896,-0.30000001192092896,0.30000001192092896,-0.295850633920929,1.044382434920929,-0.30000001192092896,-0.29939992852523806
1.2999999523162842,0.4527067002170105,-0.30000001192092896,0.3103092908859253,0.4880341868976746,-0.30000001192092896,-0.30000001192092896,-0.30000001192092896,0.699999988079071,-0.30000001192092896,-0.30000001192092896,0.30000001192092896,-0.30000001192092896,0.30000001192092896,-0.30000001192092896,-0.294891784525238
1.2999999523162842,0.3309291102170105,-0.30000001192092896,0.3103092908859253,0.3512820498976746,-0.30000001192092896,-0.24354839892092894,-0.28989900192092893,-0.30000001192092896,-0.30000001192092896,-0.30000001192092896,0.861497337920929,-0.10082988792092895,1.1746556309209288,-0.30000001192092896,-0.252257896525238
1.2999999523162842,0.30182305521701047,-0.30000001192092896,0.3103092908859253,0.3170940158976746,-0.30000001192092896,-0.07419355992092896,-0.28989900192092893,-0.30000001192092896,-0.30000001192092896,-0.30000001192092896,1.104812845920929,-0.17966806192092896,0.713624865920929,-0.30000001192092896,-0.25086524752523803
1.2999999523162842,0.3051552772170105,-0.30000001192092896,0.3103092908859253,0.3598290588976746,-0.30000001192092896,-0.20322581792092898,-0.17878789092092895,-0.30000001192092896,-0.30000001192092896,-0.30000001192092896,0.30000001192092896,-0.30000001192092896,0.30000001192092896,-0.30000001192092896,-0.299841229525238
1.2999999523162842,0.30031689021701047,-0.30000001192092896,0.3103092908859253,0.3512820498976746,-0.30000001192092896,-0.21129033492092897,-0.28989900192092893,-0.30000001192092896,-0.30000001192092896,-0.30000001192092896,0.961764717920929,-0.30000001192092896,0.30000001192092896,-0.30000001192092896,-0.29983967752523805
1.2999999523162842,0.3909091172170105,-0.30000001192092896,0.3103092908859253,0.3769230758976746,-0.30000001192092896,-0.30000001192092896,-0.30000001192092896,-0.30000001192092896,-0.30000001192092896,-0.30000001192092896,0.30000001192092896,-0.30000001192092896,0.30000001192092896,-0.30000001192092896,-0.29127799452523806
1.2999999523162842,0.5432825682170105,-0.30000001192092896,0.3103092908859253,0.5051282038976745,-0.30000001192092896,-0.30000001192092896,-0.30000001192092896,-0.30000001192092896,-0.30000001192092896,-0.30000001192092896,0.30000001192092896,-0.30000001192092896,0.30000001192092896,-0.30000001192092896,-0.299900661325238
1.2999999523162842,0.3621175022170105,-0.30000001192092896,0.5474226928859254,0.5393162378976746,-0.30000001192092896,-0.30000001192092896,-0.30000001192092896,-0.30000001192092896,-0.30000001192092896,-0.30000001192092896,0.30000001192092896,-0.24605810292092894,0.940819772920929,-0.30000001192092896,-0.28585487152523803
1.2999999523162842,0.45149498221701045,-0.30000001192092896,0.3103092908859253,0.5136752128976746,-0.30000001192092896,-0.30000001192092896,-0.30000001192092896,-0.30000001192092896,-0.30000001192092896,-0.30000001192092896,0.30000001192092896,-0.30000001192092896,0.30000001192092896,-0.30000001192092896,-0.29989533952523806
1.2999999523162842,0.3612011412170105,-0.30000001192092896,0.4649484668859253,0.5393162378976746,-0.30000001192092896,-0.30000001192092896,-0.30000001192092896,-0.30000001192092896,-0.30000001192092896,-0.30000001192092896,0.30000001192092896,-0.24605810292092894,1.173585533920929,-0.30000001192092896,-0.23970698552523803
1.2999999523162842,0.3009130552170105,-0.30000001192092896,0.3103092908859253,0.34273504189767456,-0.30000001192092896,-0.28387097992092897,-0.27979799192092897,-0.30000001192092896,-0.30000001192092896,-0.30000001192092896,0.30000001192092896,-0.30000001192092896,0.30000001192092896,-0.30000001192092896,-0.29983834652523805
1.2999999523162842,0.3909091172170105,-0.30000001192092896,0.3103092908859253,0.5222222208976746,-0.30000001192092896,-0.30000001192092896,-0.30000001192092896,-0.30000001192092896,-0.30000001192092896,-0.30000001192092896,0.30000001192092896,-0.30000001192092896,0.30000001192092896,-0.30000001192092896,-0.29932475252523805
1.2999999523162842,0.30304295121701047,-0.30000001192092896,0.3103092908859253,0.34273504189767456,-0.30000001192092896,-0.050000011920928955,-0.28989900192092893,-0.30000001192092896,-0.30000001192092896,-0.30000001192092896,1.1288770169209288,-0.22946059292092896,0.8893623089209289,-0.30000001192092896,-0.250698041525238
1.2999999523162842,0.3605989172170105,-0.30000001192092896,0.3824742398859253,0.4709401698976746,-0.30000001192092896,-0.28387097992092897,-0.28989900192092893,-0.30000001192092896,-0.30000001192092896,-0.30000001192092896,0.30000001192092896,-0.30000001192092896,0.30000001192092896,-0.30000001192092896,-0.299807300525238
1.2999999523162842,0.5438884272170105,-0.30000001192092896,0.3103092908859253,0.5222222208976746,-0.30000001192092896,-0.30000001192092896,-0.30000001192092896,-0.30000001192092896,-0.30000001192092896,-0.30000001192092896,0.30000001192092896,-0.30000001192092896,0.30000001192092896,-0.30000001192092896,-0.29918482252523804
1.2999999523162842,0.3309179022170105,-0.30000001192092896,0.3103092908859253,0.3256410248976746,-0.30000001192092896,-0.12258065692092895,-0.28989900192092893,-0.30000001192092896,-0.30000001192092896,-0.30000001192092896,1.0794117769209288,-0.20871370492092894,1.0270663139209288,-0.30000001192092896,-0.24899692552523803
1.2999999523162842,0.3621196222170105,-0.30000001192092896,0.3103092908859253,0.5222222208976746,-0.30000001192092896,-0.30000001192092896,-0.30000001192092896,-0.30000001192092896,-0.30000001192092896,-0.30000001192092896,0.30000001192092896,-0.30000001192092896,0.30000001192092896,-0.30000001192092896,-0.299471557525238
1.2999999523162842,0.4829996322170105,-0.30000001192092896,0.3103092908859253,0.5136752128976746,-0.30000001192092896,-0.30000001192092896,-0.30000001192092896,-0.30000001192092896,-0.30000001192092896,-0.30000001192092896,0.30000001192092896,-0.30000001192092896,0.30000001192092896,-0.30000001192092896,-0.29939615852523804
1.2999999523162842,0.3000239576170105,-0.30000001192092896,0.3103092908859253,0.2999999988976746,-0.30000001192092896,-0.050000011920928955,-0.28989900192092893,-0.30000001192092896,-0.30000001192092896,-0.30000001192092896,1.1288770169209288,-0.21286308292092895,0.8365443559209289,-0.30000001192092896,-0.25318107952523805
1.2999999523162842,0.6038684342170104,-0.30000001192092896,0.3103092908859253,0.5222222208976746,-0.30000001192092896,-0.30000001192092896,-0.30000001192092896,-0.30000001192092896,-0.30000001192092896,-0.30000001192092896,0.30000001192092896,-0.30000001192092896,0.30000001192092896,-0.30000001192092896,-0.299471335525238
1.2999999523162842,0.6032625752170104,-0.30000001192092896,0.3103092908859253,0.5136752128976746,-0.30000001192092896,-0.30000001192092896,-0.30000001192092896,-0.30000001192092896,-0.30000001192092896,-0.30000001192092896,0.30000001192092896,-0.295850633920929,1.173585533920929,-0.30000001192092896,-0.299614591525238
1.2999999523162842,0.5426767102170105,-0.30000001192092896,0.3103092908859253,0.5222222208976746,-0.30000001192092896,-0.30000001192092896,-0.30000001192092896,-0.30000001192092896,-0.30000001192092896,-0.30000001192092896,0.30000001192092896,-0.30000001192092896,0.30000001192092896,-0.30000001192092896,-0.299900661325238
1.2999999523162842,0.3605952822170105,-0.30000001192092896,0.3618556828859253,0.5393162378976746,-0.30000001192092896,-0.30000001192092896,-0.30000001192092896,0.699999988079071,-0.30000001192092896,-0.30000001192092896,0.30000001192092896,-0.24605810292092894,1.173585533920929,-0.30000001192092896,-0.27306046952523805
1.2999999523162842,0.3315146732170105,-0.30000001192092896,0.3103092908859253,0.34273504189767456,-0.30000001192092896,-0.25967743092092893,-0.28989900192092893,-0.30000001192092896,-0.30000001192092896,-0.30000001192092896,0.7812834339209289,-0.30000001192092896,0.30000001192092896,-0.30000001192092896,-0.29984012152523803
1.2999999523162842,0.39242376421701053,-0.30000001192092896,0.3103092908859253,0.5393162378976746,-0.30000001192092896,-0.30000001192092896,-0.30000001192092896,-0.30000001192092896,-0.30000001192092896,-0.30000001192092896,0.30000001192092896,-0.29170125692092896,0.990216424920929,-0.30000001192092896,-0.29799087052523804
1.2999999523162842,0.45179670021701046,-0.30000001192092896,0.3103092908859253,0.41965811889767457,-0.30000001192092896,-0.30000001192092896,-0.30000001192092896,-0.30000001192092896,-0.30000001192092896,-0.30000001192092896,0.30000001192092896,-0.30000001192092896,0.30000001192092896,-0.30000001192092896,-0.285148790525238
1.2999999523162842,0.3633349752170105,-0.30000001192092896,0.3103092908859253,0.34273504189767456,-0.30000001192092896,-0.13870968892092894,-0.28989900192092893,-0.30000001192092896,-0.30000001192092896,-0.30000001192092896,1.062032097920929,-0.18796681692092895,1.009900091920929,-0.30000001192092896,-0.25831791252523806
1.2999999523162842,0.3918179052170105,-0.30000001192092896,0.3103092908859253,0.5222222208976746,-0.30000001192092896,-0.30000001192092896,-0.30000001192092896,-0.30000001192092896,-0.30000001192092896,-0.30000001192092896,0.30000001192092896,-0.30000001192092896,0.30000001192092896,-0.30000001192092896,-0.299901104925238
1.2999999523162842,0.3908951822170105,-0.30000001192092896,0.48556702288592535,0.5393162378976746,-0.30000001192092896,-0.30000001192092896,-0.30000001192092896,-0.30000001192092896,-0.30000001192092896,-0.30000001192092896,0.30000001192092896,-0.24605810292092894,1.300000011920929,-0.30000001192092896,-0.28562712452523803
1.2999999523162842,0.4221108382170105,-0.30000001192092896,0.3103092908859253,0.5307692298976746,-0.30000001192092896,-0.30000001192092896,-0.30000001192092896,-0.30000001192092896,-0.30000001192092896,-0.30000001192092896,0.30000001192092896,-0.30000001192092896,0.30000001192092896,-0.30000001192092896,-0.29943541052523803
1.2999999523162842,0.4829996322170105,-0.30000001192092896,0.3103092908859253,0.5136752128976746,-0.30000001192092896,-0.30000001192092896,-0.30000001192092896,-0.30000001192092896,-0.30000001192092896,-0.30000001192092896,0.30000001192092896,-0.30000001192092896,0.30000001192092896,-0.30000001192092896,-0.299471335525238
1.2999999523162842,0.4539184172170105,-0.30000001192092896,0.3103092908859253,0.5307692298976746,-0.30000001192092896,-0.30000001192092896,-0.30000001192092896,-0.30000001192092896,-0.30000001192092896,-0.30000001192092896,0.30000001192092896,-0.27925312392092894,0.830881789920929,-0.30000001192092896,-0.299150227525238
1.2999999523162842,0.3306261812170105,-0.30000001192092896,0.3103092908859253,0.3256410248976746,-0.30000001192092896,0.19999998807907104,0.3262626140790711,-0.30000001192092896,-0.30000001192092896,-0.30000001192092896,0.31403744492092894,-0.30000001192092896,0.30000001192092896,-0.30000001192092896,-0.296637251525238
1.2999999523162842,0.3306167902170105,-0.30000001192092896,0.4340206318859253,0.4282051268976746,-0.30000001192092896,-0.29193549592092893,-0.28989900192092893,-0.30000001192092896,-0.30000001192092896,-0.30000001192092896,0.4610962689209289,0.699999988079071,0.765188056920929,-0.30000001192092896,-0.265557465525238
1.2999999523162842,0.4536154882170105,-0.30000001192092896,0.3103092908859253,0.5222222208976746,-0.30000001192092896,-0.30000001192092896,-0.30000001192092896,-0.30000001192092896,-0.30000001192092896,-0.30000001192092896,0.30000001192092896,-0.30000001192092896,0.30000001192092896,-0.30000001192092896,-0.29970440452523806
1.2999999523162842,0.3921208342170105,-0.30000001192092896,0.3103092908859253,0.5136752128976746,-0.30000001192092896,-0.30000001192092896,-0.30000001192092896,-0.30000001192092896,-0.30000001192092896,-0.30000001192092896,0.30000001192092896,-0.30000001192092896,0.30000001192092896,-0.30000001192092896,-0.285150120525238
1.2999999523162842,0.5135954942170105,-0.30000001192092896,0.3103092908859253,0.5222222208976746,-0.30000001192092896,-0.30000001192092896,-0.30000001192092896,-0.30000001192092896,-0.30000001192092896,-0.30000001192092896,0.30000001192092896,-0.29170125692092896,0.905518600920929,-0.30000001192092896,-0.29950149452523805
1.2999999523162842,0.45149498221701045,-0.30000001192092896,0.3103092908859253,0.5222222208976746,-0.30000001192092896,-0.30000001192092896,-0.30000001192092896,-0.30000001192092896,-0.30000001192092896,-0.30000001192092896,0.30000001192092896,-0.30000001192092896,0.30000001192092896,-0.30000001192092896,-0.29936356052523805
1.2999999523162842,0.3915149762170105,-0.30000001192092896,0.3103092908859253,0.3683760668976746,-0.30000001192092896,-0.29193549592092893,-0.28989900192092893,-0.30000001192092896,-0.30000001192092896,-0.30000001192092896,0.4610962689209289,0.218672187079071,0.7769382279209289,-0.30000001192092896,-0.269685293525238
1.2999999523162842,0.30183123421701047,-0.30000001192092896,0.3103092908859253,0.34273504189767456,-0.30000001192092896,-0.11451614092092896,-0.28989900192092893,-0.30000001192092896,-0.30000001192092896,-0.30000001192092896,1.084090920920929,-0.22116183792092897,0.8893623089209289,-0.30000001192092896,-0.253561618525238
1.2999999523162842,0.4820908442170105,-0.30000001192092896,0.3103092908859253,0.5222222208976746,-0.30000001192092896,-0.30000001192092896,-0.30000001192092896,-0.30000001192092896,-0.30000001192092896,-0.30000001192092896,0.30000001192092896,-0.30000001192092896,0.30000001192092896,-0.30000001192092896,-0.299507260525238
1.2999999523162842,0.5438884272170105,-0.30000001192092896,0.3103092908859253,0.5136752128976746,-0.30000001192092896,-0.30000001192092896,-0.30000001192092896,-0.30000001192092896,-0.30000001192092896,-0.30000001192092896,0.30000001192092896,-0.30000001192092896,0.30000001192092896,-0.30000001192092896,-0.29990088312523805
1.2999999523162842,0.3305961912170105,-0.30000001192092896,0.4237113528859253,0.5393162378976746,-0.30000001192092896,-0.30000001192092896,-0.30000001192092896,0.699999988079071,-0.30000001192092896,-0.30000001192092896,0.30000001192092896,-0.24605810292092894,1.1978775169209288,-0.30000001192092896,-0.27195189452523805
1.2999999523162842,1.1182424302170104,-0.30000001192092896,0.3103092908859253,0.3769230758976746,-0.30000001192092896,-0.30000001192092896,-0.30000001192092896,-0.30000001192092896,-0.30000001192092896,-0.30000001192092896,0.30000001192092896,-0.2875518789209289,0.901223653920929,-0.30000001192092896,-0.29965206952523804
1.2999999523162842,0.48299781521701046,-0.30000001192092896,0.3103092908859253,0.5222222208976746,-0.30000001192092896,-0.30000001192092896,-0.30000001192092896,-0.30000001192092896,-0.30000001192092896,-0.30000001192092896,0.30000001192092896,-0.30000001192092896,0.30000001192092896,-0.30000001192092896,-0.285149677525238
1.2999999523162842,0.30396506821701047,-0.30000001192092896,0.3103092908859253,0.33418803289767457,-0.30000001192092896,-0.16290323792092895,-0.28989900192092893,-0.30000001192092896,-0.30000001192092896,-0.30000001192092896,1.038636375920929,-0.30000001192092896,0.30000001192092896,-0.30000001192092896,-0.259287000525238
1.2999999523162842,0.3048571952170105,-0.30000001192092896,0.3618556828859253,0.3512820498976746,-0.30000001192092896,0.014516117079071023,-0.28989900192092893,-0.30000001192092896,-0.30000001192092896,-0.30000001192092896,1.1335561619209291,-0.16721992892092896,1.119382977920929,-0.30000001192092896,-0.24564592152523804
1.2999999523162842,1.1482324332170104,-0.30000001192092896,0.3103092908859253,0.3769230758976746,-0.30000001192092896,-0.30000001192092896,-0.30000001192092896,-0.30000001192092896,-0.30000001192092896,-0.30000001192092896,0.30000001192092896,-0.27925312392092894,0.9164036419209289,-0.30000001192092896,-0.299417004525238
1.2999999523162842,0.5135954942170105,-0.30000001192092896,0.3103092908859253,0.5136752128976746,-0.30000001192092896,-0.30000001192092896,-0.30000001192092896,-0.30000001192092896,-0.30000001192092896,-0.30000001192092896,0.30000001192092896,-0.30000001192092896,0.30000001192092896,-0.30000001192092896,-0.299364003525238
1.2999999523162842,0.5426767102170105,-0.30000001192092896,0.3103092908859253,0.5136752128976746,-0.30000001192092896,-0.30000001192092896,-0.30000001192092896,-0.30000001192092896,-0.30000001192092896,-0.30000001192092896,0.30000001192092896,-0.29170125692092896,1.0424097209209289,-0.30000001192092896,-0.29956136952523804
1.2999999523162842,0.4524037702170105,-0.30000001192092896,0.3103092908859253,0.5222222208976746,-0.30000001192092896,-0.30000001192092896,-0.30000001192092896,-0.30000001192092896,-0.30000001192092896,-0.30000001192092896,0.30000001192092896,-0.30000001192092896,0.30000001192092896,-0.30000001192092896,-0.299900217825238
1.2999999523162842,0.45149498221701045,-0.30000001192092896,0.3103092908859253,0.5222222208976746,-0.30000001192092896,-0.30000001192092896,-0.30000001192092896,-0.30000001192092896,-0.30000001192092896,-0.30000001192092896,0.30000001192092896,-0.30000001192092896,0.30000001192092896,-0.30000001192092896,-0.299364003525238
1.2999999523162842,0.4526967032170105,-0.30000001192092896,0.3103092908859253,0.5307692298976746,-0.30000001192092896,-0.30000001192092896,-0.30000001192092896,-0.30000001192092896,-0.30000001192092896,-0.30000001192092896,0.30000001192092896,-0.29170125692092896,1.092871814920929,-0.30000001192092896,-0.299037795525238
1.2999999523162842,0.5426597452170105,-0.30000001192092896,0.3103092908859253,0.5222222208976746,-0.30000001192092896,-0.30000001192092896,-0.30000001192092896,-0.30000001192092896,-0.30000001192092896,-0.30000001192092896,0.30000001192092896,-0.30000001192092896,0.30000001192092896,-0.30000001192092896,-0.29990088312523805
1.2999999523162842,0.45149498221701045,-0.30000001192092896,0.3103092908859253,0.5222222208976746,-0.30000001192092896,-0.30000001192092896,-0.30000001192092896,-0.30000001192092896,-0.30000001192092896,-0.30000001192092896,0.30000001192092896,-0.30000001192092896,0.30000001192092896,-0.30000001192092896,-0.29938728852523805
1.2999999523162842,0.6038684342170104,-0.30000001192092896,0.3103092908859253,0.5222222208976746,-0.30000001192092896,-0.30000001192092896,-0.30000001192092896,-0.30000001192092896,-0.30000001192092896,-0.30000001192092896,0.30000001192092896,-0.30000001192092896,0.30000001192092896,-0.30000001192092896,-0.299471335525238
1.2999999523162842,0.45149498221701045,-0.30000001192092896,0.3103092908859253,0.5222222208976746,-0.30000001192092896,-0.30000001192092896,-0.30000001192092896,-0.30000001192092896,-0.30000001192092896,-0.30000001192092896,0.30000001192092896,-0.30000001192092896,0.30000001192092896,-0.30000001192092896,-0.299870945525238
0.2999999523162842,0.3024449692170105,0.040152872079071034,0.3000000128859253,0.3085470078976746,0.699999988079071,-0.30000001192092896,-0.30000001192092896,0.699999988079071,0.18484847307907104,-0.24605810292092894,0.30000001192092896,-0.30000001192092896,0.30000001192092896,-0.23333334492092894,-0.29935136352523806
1.2999999523162842,0.4524037702170105,-0.30000001192092896,0.3103092908859253,0.5136752128976746,-0.30000001192092896,-0.30000001192092896,-0.30000001192092896,-0.30000001192092896,-0.30000001192092896,-0.30000001192092896,0.30000001192092896,-0.295850633920929,0.856131456920929,-0.30000001192092896,-0.299807078525238
1.2999999523162842,0.6335555082170106,-0.30000001192092896,0.3103092908859253,0.3769230758976746,-0.30000001192092896,-0.30000001192092896,-0.30000001192092896,-0.30000001192092896,-0.30000001192092896,-0.30000001192092896,0.30000001192092896,-0.29170125692092896,0.981370357920929,-0.30000001192092896,-0.29968777252523804
1.2999999523162842,0.3615249722170105,-0.30000001192092896,0.3103092908859253,0.46239316089767457,-0.30000001192092896,-0.30000001192092896,-0.30000001192092896,-0.30000001192092896,-0.30000001192092896,-0.30000001192092896,0.30000001192092896,-0.30000001192092896,0.30000001192092896,-0.30000001192092896,-0.299870723525238
1.2999999523162842,0.3918179052170105,-0.30000001192092896,0.3103092908859253,0.4367521358976746,-0.30000001192092896,-0.27580646392092895,-0.28989900192092893,-0.30000001192092896,-0.30000001192092896,-0.30000001192092896,0.6362299589209289,0.027800818079071032,1.124763670920929,-0.30000001192092896,-0.25420117252523805
1.2999999523162842,0.3339517392170105,-0.30000001192092896,0.3103092908859253,0.34273504189767456,-0.30000001192092896,-0.20322581792092898,-0.17878789092092895,-0.30000001192092896,-0.30000001192092896,-0.30000001192092896,0.30000001192092896,-0.30000001192092896,0.30000001192092896,-0.30000001192092896,-0.26102825452523803
1.2999999523162842,0.3318079082170105,-0.30000001192092896,0.3103092908859253,0.46239316089767457,-0.30000001192092896,-0.27580646392092895,-0.28989900192092893,-0.30000001192092896,-0.30000001192092896,-0.30000001192092896,0.652272738920929,0.01535268507907106,0.990216424920929,-0.30000001192092896,-0.24936548952523802
1.2999999523162842,0.3039493162170105,-0.30000001192092896,0.3103092908859253,0.33418803289767457,-0.30000001192092896,-0.21935485092092893,-0.19898991092092894,-0.30000001192092896,-0.30000001192092896,-0.30000001192092896,0.30000001192092896,-0.30000001192092896,0.30000001192092896,-0.30000001192092896,-0.29984034252523806
1.2999999523162842,0.4527067002170105,-0.30000001192092896,0.3103092908859253,0.5393162378976746,-0.30000001192092896,-0.30000001192092896,-0.30000001192092896,-0.30000001192092896,-0.30000001192092896,-0.30000001192092896,0.30000001192092896,-0.30000001192092896,0.30000001192092896,-0.30000001192092896,-0.299181052525238
1.2999999523162842,0.4820908442170105,-0.30000001192092896,0.3103092908859253,0.5136752128976746,-0.30000001192092896,-0.30000001192092896,-0.30000001192092896,-0.30000001192092896,-0.30000001192092896,-0.30000001192092896,0.30000001192092896,-0.283402501920929,0.897304123920929,-0.30000001192092896,-0.29806892952523806
1.2999999523162842,0.3309179022170105,-0.30000001192092896,0.3103092908859253,0.3940170928976746,-0.30000001192092896,-0.21129033492092897,-0.18888890092092897,-0.30000001192092896,-0.30000001192092896,-0.30000001192092896,0.30000001192092896,-0.30000001192092896,0.30000001192092896,-0.30000001192092896,-0.29984056452523805
1.2999999523162842,0.42240195321701046,-0.30000001192092896,0.3103092908859253,0.3512820498976746,-0.30000001192092896,-0.23548388292092895,-0.28989900192092893,-0.30000001192092896,-0.30000001192092896,-0.30000001192092896,0.893582899920929,-0.30000001192092896,0.30000001192092896,-0.30000001192092896,-0.29985564452523805
1.2999999523162842,0.3039405312170105,-0.30000001192092896,0.3103092908859253,0.3683760668976746,-0.30000001192092896,-0.25161291492092897,-0.23939395092092897,-0.30000001192092896,-0.30000001192092896,-0.30000001192092896,0.30000001192092896,-0.30000001192092896,0.30000001192092896,-0.30000001192092896,-0.29984056452523805
1.2999999523162842,0.5432528812170105,-0.30000001192092896,0.3103092908859253,0.5051282038976745,-0.30000001192092896,-0.30000001192092896,-0.30000001192092896,-0.30000001192092896,-0.30000001192092896,-0.30000001192092896,0.30000001192092896,-0.30000001192092896,0.30000001192092896,-0.30000001192092896,-0.299389949525238
1.2999999523162842,0.42180790821701053,-0.30000001192092896,0.3103092908859253,0.3769230758976746,-0.30000001192092896,-0.27580646392092895,-0.26969698192092895,-0.30000001192092896,-0.30000001192092896,-0.30000001192092896,0.30000001192092896,-0.30000001192092896,0.30000001192092896,-0.30000001192092896,-0.299856087525238
1.2999999523162842,0.4817879152170105,-0.30000001192092896,0.3103092908859253,0.5222222208976746,-0.30000001192092896,-0.30000001192092896,-0.30000001192092896,-0.30000001192092896,-0.30000001192092896,-0.30000001192092896,0.30000001192092896,-0.30000001192092896,0.30000001192092896,-0.30000001192092896,-0.299252680525238
1.2999999523162842,0.39090790521701047,-0.30000001192092896,0.9082474358859254,0.5393162378976746,-0.30000001192092896,-0.30000001192092896,-0.30000001192092896,-0.30000001192092896,-0.30000001192092896,-0.30000001192092896,0.30000001192092896,-0.24605810292092894,0.808402569920929,-0.30000001192092896,-0.295392738525238
1.2999999523162842,0.3915149762170105,-0.30000001192092896,0.3103092908859253,0.3683760668976746,-0.30000001192092896,-0.28387097992092897,-0.28989900192092893,-0.30000001192092896,-0.30000001192092896,-0.30000001192092896,0.575401081920929,-0.30000001192092896,0.30000001192092896,-0.30000001192092896,-0.29985342652523805
1.2999999523162842,0.4224137672170105,-0.30000001192092896,0.3103092908859253,0.5222222208976746,-0.30000001192092896,-0.30000001192092896,-0.30000001192092896,-0.30000001192092896,-0.30000001192092896,-0.30000001192092896,0.30000001192092896,-0.30000001192092896,0.30000001192092896,-0.30000001192092896,-0.299900661325238
1.2999999523162842,0.5120808482170105,-0.30000001192092896,0.3103092908859253,0.5136752128976746,-0.30000001192092896,-0.30000001192092896,-0.30000001192092896,-0.30000001192092896,-0.30000001192092896,-0.30000001192092896,0.30000001192092896,-0.27925312392092894,0.748362389920929,-0.30000001192092896,-0.29927086452523805
1.2999999523162842,0.5426767102170105,-0.30000001192092896,0.3103092908859253,0.5222222208976746,-0.30000001192092896,-0.30000001192092896,-0.30000001192092896,-0.30000001192092896,-0.30000001192092896,-0.30000001192092896,0.30000001192092896,-0.2875518789209289,0.751065240920929,-0.30000001192092896,-0.29876968852523805
1.2999999523162842,0.6032625752170104,-0.30000001192092896,0.3103092908859253,0.5222222208976746,-0.30000001192092896,-0.30000001192092896,-0.30000001192092896,-0.30000001192092896,-0.30000001192092896,-0.30000001192092896,0.30000001192092896,-0.30000001192092896,0.30000001192092896,-0.30000001192092896,-0.29990132662523805
1.2999999523162842,0.4826967032170105,-0.30000001192092896,0.3103092908859253,0.5222222208976746,-0.30000001192092896,-0.30000001192092896,-0.30000001192092896,-0.30000001192092896,-0.30000001192092896,-0.30000001192092896,0.30000001192092896,-0.295850633920929,1.110981954920929,-0.30000001192092896,-0.29918482252523804
1.2999999523162842,0.3003038642170105,-0.30000001192092896,0.3103092908859253,0.33418803289767457,-0.30000001192092896,-0.05806452792092895,-0.28989900192092893,-0.30000001192092896,-0.30000001192092896,-0.30000001192092896,1.122192524920929,-0.21701245992092894,1.131897453920929,-0.30000001192092896,-0.25000038652523804
1.2999999523162842,0.45209750921701053,-0.30000001192092896,0.3103092908859253,0.5136752128976746,-0.30000001192092896,-0.30000001192092896,-0.30000001192092896,-0.30000001192092896,-0.30000001192092896,-0.30000001192092896,0.30000001192092896,-0.30000001192092896,0.30000001192092896,-0.30000001192092896,-0.299897113525238
1.2999999523162842,1.1485214282170104,-0.30000001192092896,0.3103092908859253,0.3769230758976746,-0.30000001192092896,-0.30000001192092896,-0.30000001192092896,-0.30000001192092896,-0.30000001192092896,-0.30000001192092896,0.30000001192092896,-0.30000001192092896,0.30000001192092896,-0.30000001192092896,-0.29951080852523804
1.2999999523162842,0.3015355752170105,-0.30000001192092896,0.44432990988592536,0.5307692298976746,-0.30000001192092896,-0.30000001192092896,-0.30000001192092896,-0.30000001192092896,-0.30000001192092896,-0.30000001192092896,0.30000001192092896,-0.24605810292092894,0.765188056920929,-0.30000001192092896,-0.28086728352523804
1.2999999523162842,0.4817879152170105,-0.30000001192092896,0.3103092908859253,0.5222222208976746,-0.30000001192092896,-0.30000001192092896,-0.30000001192092896,-0.30000001192092896,-0.30000001192092896,-0.30000001192092896,0.30000001192092896,-0.30000001192092896,0.30000001192092896,-0.30000001192092896,-0.299900661325238
1.2999999523162842,0.42150497921701047,-0.30000001192092896,0.3103092908859253,0.5136752128976746,-0.30000001192092896,-0.30000001192092896,-0.30000001192092896,0.699999988079071,-0.30000001192092896,-0.30000001192092896,0.30000001192092896,-0.30000001192092896,0.30000001192092896,-0.30000001192092896,-0.27924289652523804
1.2999999523162842,0.3309197192170105,-0.30000001192092896,0.3103092908859253,0.3085470078976746,-0.30000001192092896,0.046774182079071025,0.13434342207907102,-0.30000001192092896,-0.30000001192092896,-0.30000001192092896,0.30000001192092896,-0.30000001192092896,0.30000001192092896,-0.30000001192092896,-0.29983856852523805
1.2999999523162842,0.3624337602170105,-0.30000001192092896,0.3103092908859253,0.5051282038976745,-0.30000001192092896,-0.28387097992092897,-0.28989900192092893,-0.30000001192092896,-0.30000001192092896,-0.30000001192092896,0.574064182920929,0.13568463507907103,0.979165439920929,-0.30000001192092896,-0.22498904352523802
1.2999999523162842,0.5738784302170106,-0.30000001192092896,0.3103092908859253,0.5136752128976746,-0.30000001192092896,-0.30000001192092896,-0.30000001192092896,-0.30000001192092896,-0.30000001192092896,-0.30000001192092896,0.30000001192092896,-0.30000001192092896,0.30000001192092896,-0.30000001192092896,-0.299901104925238
1.2999999523162842,0.5432825682170105,-0.30000001192092896,0.3103092908859253,0.5051282038976745,-0.30000001192092896,-0.30000001192092896,-0.30000001192092896,-0.30000001192092896,-0.30000001192092896,-0.30000001192092896,0.30000001192092896,-0.30000001192092896,0.30000001192092896,-0.30000001192092896,-0.29990088312523805
1.2999999523162842,0.4224025582170105,-0.30000001192092896,0.3103092908859253,0.38547008389767456,-0.30000001192092896,-0.25967743092092893,-0.28989900192092893,-0.30000001192092896,-0.30000001192092896,-0.30000001192092896,0.7812834339209289,-0.30000001192092896,0.30000001192092896,-0.30000001192092896,-0.27593890552523803
1.2999999523162842,0.4517721632170105,-0.30000001192092896,0.3103092908859253,0.5307692298976746,-0.30000001192092896,-0.30000001192092896,-0.30000001192092896,-0.30000001192092896,-0.30000001192092896,-0.30000001192092896,0.30000001192092896,-0.30000001192092896,0.30000001192092896,-0.30000001192092896,-0.29989733452523804
1.2999999523162842,0.3045597182170105,-0.30000001192092896,0.3103092908859253,0.3512820498976746,-0.30000001192092896,-0.017741946920928953,0.05353534207907107,-0.30000001192092896,-0.30000001192092896,-0.30000001192092896,0.30000001192092896,-0.30000001192092896,0.30000001192092896,-0.30000001192092896,-0.29983856852523805
1.2999999523162842,0.3930296222170105,-0.30000001192092896,0.3103092908859253,0.3683760668976746,-0.30000001192092896,-0.27580646392092895,-0.28989900192092893,-0.30000001192092896,-0.30000001192092896,-0.30000001192092896,0.6629679259209289,-0.30000001192092896,0.30000001192092896,-0.30000001192092896,-0.299856087525238
1.2999999523162842,0.4521008412170105,-0.30000001192092896,0.3103092908859253,0.34273504189767456,-0.30000001192092896,-0.18709678592092896,-0.15858587092092896,-0.30000001192092896,-0.30000001192092896,-0.30000001192092896,0.30000001192092896,-0.30000001192092896,0.30000001192092896,-0.30000001192092896,-0.29985475752523805
1.2999999523162842,0.3024398192170105,-0.30000001192092896,0.3824742398859253,0.46239316089767457,-0.30000001192092896,-0.27580646392092895,-0.28989900192092893,-0.30000001192092896,-0.30000001192092896,-0.30000001192092896,0.575401081920929,0.554771772079071,1.300000011920929,-0.30000001192092896,-0.21071439852523804
1.2999999523162842,0.3915149762170105,-0.30000001192092896,0.3103092908859253,0.3683760668976746,-0.30000001192092896,-0.30000001192092896,-0.30000001192092896,-0.30000001192092896,-0.30000001192092896,-0.30000001192092896,0.30000001192092896,-0.30000001192092896,0.30000001192092896,-0.30000001192092896,-0.299870280525238
1.2999999523162842,0.3006316342170105,-0.30000001192092896,0.3103092908859253,0.3512820498976746,-0.30000001192092896,-0.07419355992092896,-0.01717172892092894,-0.30000001192092896,-0.30000001192092896,-0.30000001192092896,0.30000001192092896,-0.30000001192092896,0.30000001192092896,-0.30000001192092896,-0.26374059152523804
1.2999999523162842,0.3048544682170105,-0.30000001192092896,0.3103092908859253,0.2999999988976746,-0.30000001192092896,-0.30000001192092896,-0.30000001192092896,-0.30000001192092896,-0.30000001192092896,-0.30000001192092896,0.30066846092092897,-0.30000001192092896,0.30000001192092896,-0.30000001192092896,-0.299835020525238
1.2999999523162842,0.4224137672170105,-0.30000001192092896,0.3103092908859253,0.4367521358976746,-0.30000001192092896,-0.30000001192092896,-0.30000001192092896,0.699999988079071,-0.30000001192092896,-0.30000001192092896,0.30000001192092896,-0.29170125692092896,0.918342235920929,-0.30000001192092896,-0.29982681552523804
1.2999999523162842,0.3000291074170105,-0.30000001192092896,0.33092784788592533,0.2999999988976746,-0.30000001192092896,-0.20322581792092898,-0.28989900192092893,-0.30000001192092896,-0.30000001192092896,-0.30000001192092896,0.981818193920929,0.05269708307907106,0.808402569920929,-0.30000001192092896,-0.251558467525238
1.2999999523162842,0.3015289102170105,-0.30000001192092896,0.3103092908859253,0.34273504189767456,-0.30000001192092896,-0.20322581792092898,-0.28989900192092893,-0.30000001192092896,-0.30000001192092896,-0.30000001192092896,0.981818193920929,-0.30000001192092896,0.30000001192092896,-0.30000001192092896,-0.29984056452523805
1.2999999523162842,0.5741813592170105,-0.30000001192092896,0.3103092908859253,0.5222222208976746,-0.30000001192092896,-0.30000001192092896,-0.30000001192092896,-0.30000001192092896,-0.30000001192092896,-0.30000001192092896,0.30000001192092896,-0.30000001192092896,0.30000001192092896,-0.30000001192092896,-0.29990088312523805
1.2999999523162842,0.4530096292170105,-0.30000001192092896,0.3103092908859253,0.5222222208976746,-0.30000001192092896,-0.30000001192092896,-0.30000001192092896,-0.30000001192092896,-0.30000001192092896,-0.30000001192092896,0.30000001192092896,-0.30000001192092896,0.30000001192092896,-0.30000001192092896,-0.299166194525238
1.2999999523162842,0.4833025622170105,-0.30000001192092896,0.3103092908859253,0.5222222208976746,-0.30000001192092896,-0.30000001192092896,-0.30000001192092896,-0.30000001192092896,-0.30000001192092896,-0.30000001192092896,0.30000001192092896,-0.29170125692092896,1.092871814920929,-0.30000001192092896,-0.299364003525238
1.2999999523162842,0.3909091172170105,-0.30000001192092896,0.3103092908859253,0.3683760668976746,-0.30000001192092896,-0.28387097992092897,-0.28989900192092893,-0.30000001192092896,-0.30000001192092896,-0.30000001192092896,0.575401081920929,0.12323650307907102,0.8542434229209289,-0.30000001192092896,-0.256862949525238
1.2999999523162842,0.4823683272170105,-0.30000001192092896,0.3103092908859253,0.5222222208976746,-0.30000001192092896,-0.30000001192092896,-0.30000001192092896,-0.30000001192092896,-0.30000001192092896,-0.30000001192092896,0.30000001192092896,-0.30000001192092896,0.30000001192092896,-0.30000001192092896,-0.29947111352523803
1.2999999523162842,0.3333304312170105,-0.30000001192092896,0.3103092908859253,0.3256410248976746,-0.30000001192092896,-0.17903226992092897,-0.28989900192092893,-0.30000001192092896,-0.30000001192092896,-0.30000001192092896,1.019251348920929,-0.17136930692092894,0.806812255920929,-0.30000001192092896,-0.24907742452523804
1.2999999523162842,0.3912120462170105,-0.30000001192092896,0.3103092908859253,0.5051282038976745,-0.30000001192092896,-0.30000001192092896,-0.30000001192092896,-0.30000001192092896,-0.30000001192092896,-0.30000001192092896,0.30000001192092896,-0.295850633920929,0.856131456920929,-0.30000001192092896,-0.299530101525238
1.2999999523162842,0.4833025622170105,-0.30000001192092896,0.3103092908859253,0.5222222208976746,-0.30000001192092896,-0.30000001192092896,-0.30000001192092896,-0.30000001192092896,-0.30000001192092896,-0.30000001192092896,0.30000001192092896,-0.30000001192092896,0.30000001192092896,-0.30000001192092896,-0.29939992852523806
1.2999999523162842,0.45149498221701045,-0.30000001192092896,0.3103092908859253,0.3769230758976746,-0.30000001192092896,-0.28387097992092897,-0.27979799192092897,-0.30000001192092896,-0.30000001192092896,-0.30000001192092896,0.30000001192092896,-0.30000001192092896,0.30000001192092896,-0.30000001192092896,-0.29986229652523805
1.2999999523162842,0.3003299162170105,-0.30000001192092896,0.3103092908859253,0.3256410248976746,-0.30000001192092896,0.03870966507907103,-0.28989900192092893,-0.30000001192092896,-0.30000001192092896,-0.30000001192092896,1.142246000920929,-0.30000001192092896,0.30000001192092896,-0.30000001192092896,-0.29983834652523805
1.2999999523162842,0.5741813592170105,-0.30000001192092896,0.3103092908859253,0.5307692298976746,-0.30000001192092896,-0.30000001192092896,-0.30000001192092896,-0.30000001192092896,-0.30000001192092896,-0.30000001192092896,0.30000001192092896,-0.30000001192092896,0.30000001192092896,-0.30000001192092896,-0.29990088312523805
1.2999999523162842,0.3918179052170105,-0.30000001192092896,0.3103092908859253,0.38547008389767456,-0.30000001192092896,-0.26774194692092895,-0.28989900192092893,-0.30000001192092896,-0.30000001192092896,-0.30000001192092896,0.7278074989209289,-0.30000001192092896,0.30000001192092896,-0.30000001192092896,-0.27615378952523806
1.2999999523162842,0.3614949822170105,-0.30000001192092896,0.4752577448859253,0.5393162378976746,-0.30000001192092896,-0.30000001192092896,-0.30000001192092896,-0.30000001192092896,-0.30000001192092896,-0.30000001192092896,0.30000001192092896,-0.24605810292092894,1.1978775169209288,-0.30000001192092896,-0.24642096952523804
1.2999999523162842,0.3033452752170105,-0.30000001192092896,0.3103092908859253,0.34273504189767456,-0.30000001192092896,0.05483869807907105,0.14444443207907104,-0.30000001192092896,-0.30000001192092896,-0.30000001192092896,0.30000001192092896,-0.30000001192092896,0.30000001192092896,-0.30000001192092896,-0.29983945552523805
1.2999999523162842,0.5435854982170105,-0.30000001192092896,0.3103092908859253,0.5222222208976746,-0.30000001192092896,-0.30000001192092896,-0.30000001192092896,-0.30000001192092896,-0.30000001192092896,-0.30000001192092896,0.30000001192092896,-0.30000001192092896,0.30000001192092896,-0.30000001192092896,-0.29990088312523805
1.2999999523162842,0.3015307282170105,-0.30000001192092896,0.3103092908859253,0.3256410248976746,-0.30000001192092896,-0.10645162492092897,-0.28989900192092893,-0.30000001192092896,-0.30000001192092896,-0.30000001192092896,1.086096268920929,-0.20041494992092895,1.159883051920929,-0.30000001192092896,-0.252381637525238
1.2999999523162842,0.39363548121701053,-0.30000001192092896,0.3103092908859253,0.5051282038976745,-0.30000001192092896,-0.30000001192092896,-0.30000001192092896,-0.30000001192092896,-0.30000001192092896,-0.30000001192092896,0.30000001192092896,-0.30000001192092896,0.30000001192092896,-0.30000001192092896,-0.298993222525238
1.2999999523162842,0.5132925652170105,-0.30000001192092896,0.3103092908859253,0.5222222208976746,-0.30000001192092896,-0.30000001192092896,-0.30000001192092896,-0.30000001192092896,-0.30000001192092896,-0.30000001192092896,0.30000001192092896,-0.29170125692092896,1.1082968329209288,-0.30000001192092896,-0.299358238525238
1.2999999523162842,0.9967677702170105,-0.30000001192092896,0.3103092908859253,0.3769230758976746,-0.30000001192092896,-0.30000001192092896,-0.30000001192092896,-0.30000001192092896,-0.30000001192092896,-0.30000001192092896,0.30000001192092896,-0.2875518789209289,0.973676295920929,-0.30000001192092896,-0.299468896525238
1.2999999523162842,0.4817879152170105,-0.30000001192092896,0.3103092908859253,0.5222222208976746,-0.30000001192092896,-0.30000001192092896,-0.30000001192092896,-0.30000001192092896,-0.30000001192092896,-0.30000001192092896,0.30000001192092896,-0.30000001192092896,0.30000001192092896,-0.30000001192092896,-0.29936156452523804
1.2999999523162842,0.3612062912170105,-0.30000001192092896,0.49587630188592535,0.5393162378976746,-0.30000001192092896,-0.30000001192092896,-0.30000001192092896,0.699999988079071,-0.30000001192092896,-0.30000001192092896,0.30000001192092896,-0.24605810292092894,1.007567409920929,-0.30000001192092896,-0.26543084152523805
1.2999999523162842,0.3618272962170105,-0.30000001192092896,0.44432990988592536,0.5393162378976746,-0.30000001192092896,-0.30000001192092896,-0.30000001192092896,-0.30000001192092896,-0.30000001192092896,-0.30000001192092896,0.30000001192092896,-0.24605810292092894,0.927652313920929,-0.30000001192092896,-0.27776110152523803
1.2999999523162842,0.4233225552170105,-0.30000001192092896,0.3103092908859253,0.5222222208976746,-0.30000001192092896,-0.30000001192092896,-0.30000001192092896,-0.30000001192092896,-0.30000001192092896,-0.30000001192092896,0.30000001192092896,-0.30000001192092896,0.30000001192092896,-0.30000001192092896,-0.29896683252523804
1.2999999523162842,0.3030514332170105,-0.30000001192092896,0.3103092908859253,0.34273504189767456,-0.30000001192092896,-0.18709678592092896,-0.28989900192092893,-0.30000001192092896,-0.30000001192092896,-0.30000001192092896,1.010561508920929,-0.14647304092092894,0.7782413209209289,-0.30000001192092896,-0.24907897652523803
1.2999999523162842,0.4236254842170105,-0.30000001192092896,0.3103092908859253,0.5136752128976746,-0.30000001192092896,-0.30000001192092896,-0.30000001192092896,-0.30000001192092896,-0.30000001192092896,-0.30000001192092896,0.30000001192092896,-0.30000001192092896,0.30000001192092896,-0.30000001192092896,-0.299896669525238
1.2999999523162842,0.4212020502170105,-0.30000001192092896,0.3103092908859253,0.3769230758976746,-0.30000001192092896,-0.30000001192092896,-0.30000001192092896,-0.30000001192092896,-0.30000001192092896,-0.30000001192092896,0.30000001192092896,-0.30000001192092896,0.30000001192092896,-0.30000001192092896,-0.299833024525238
1.2999999523162842,0.3615249722170105,-0.30000001192092896,0.3103092908859253,0.3683760668976746,-0.30000001192092896,-0.30000001192092896,-0.30000001192092896,-0.30000001192092896,-0.30000001192092896,-0.30000001192092896,0.30000001192092896,-0.2875518789209289,0.732241257920929,-0.30000001192092896,-0.299819940525238
1.2999999523162842,0.4214774122170105,-0.30000001192092896,0.5061855798859253,0.5393162378976746,-0.30000001192092896,-0.30000001192092896,-0.30000001192092896,-0.30000001192092896,-0.30000001192092896,-0.30000001192092896,0.30000001192092896,-0.24605810292092894,1.088932179920929,-0.30000001192092896,-0.295131284525238
1.2999999523162842,0.4212020502170105,-0.30000001192092896,0.3103092908859253,0.3598290588976746,-0.30000001192092896,-0.30000001192092896,-0.30000001192092896,-0.30000001192092896,-0.30000001192092896,-0.30000001192092896,0.30000001192092896,-0.2875518789209289,0.8365443559209289,-0.30000001192092896,-0.29967402352523803
1.2999999523162842,0.3318378982170105,-0.30000001192092896,0.3103092908859253,0.3769230758976746,-0.30000001192092896,-0.26774194692092895,-0.28989900192092893,-0.30000001192092896,-0.30000001192092896,-0.30000001192092896,0.727139048920929,0.03609957307907102,1.044382434920929,-0.30000001192092896,-0.261849650525238
1.2999999523162842,0.3330332572170105,-0.30000001192092896,0.3103092908859253,0.3683760668976746,-0.30000001192092896,-0.12258065692092895,-0.28989900192092893,-0.30000001192092896,-0.30000001192092896,-0.30000001192092896,1.018582899920929,-0.18796681692092895,1.054287704920929,-0.30000001192092896,-0.25007622852523803
1.2999999523162842,0.3926988232170105,-0.30000001192092896,0.3103092908859253,0.3598290588976746,-0.30000001192092896,-0.27580646392092895,-0.28989900192092893,-0.30000001192092896,-0.30000001192092896,-0.30000001192092896,0.6629679259209289,-0.30000001192092896,0.30000001192092896,-0.30000001192092896,-0.299858527525238
1.2999999523162842,0.3312111372170105,-0.30000001192092896,0.4649484668859253,0.5393162378976746,-0.30000001192092896,-0.30000001192092896,-0.30000001192092896,0.699999988079071,-0.30000001192092896,-0.30000001192092896,0.45909092092092896,-0.24605810292092894,1.173585533920929,-0.30000001192092896,-0.23547803652523802
1.2999999523162842,0.5435854982170105,-0.30000001192092896,0.3103092908859253,0.5222222208976746,-0.30000001192092896,-0.30000001192092896,-0.30000001192092896,-0.30000001192092896,-0.30000001192092896,-0.30000001192092896,0.30000001192092896,-0.30000001192092896,0.30000001192092896,-0.30000001192092896,-0.299542963525238
1.2999999523162842,0.3918179052170105,-0.30000001192092896,0.3103092908859253,0.4025641018976746,-0.30000001192092896,-0.29193549592092893,-0.28989900192092893,-0.30000001192092896,-0.30000001192092896,-0.30000001192092896,0.45842247192092894,0.6834024780790711,1.054287704920929,-0.30000001192092896,-0.25521660852523803
1.2999999523162842,0.36061618421701047,-0.30000001192092896,0.3103092908859253,0.3085470078976746,-0.30000001192092896,-0.30000001192092896,-0.30000001192092896,-0.30000001192092896,-0.30000001192092896,-0.30000001192092896,0.30000001192092896,-0.30000001192092896,0.30000001192092896,-0.30000001192092896,-0.29923227852523804
1.2999999523162842,1.0576565652170105,-0.30000001192092896,0.3103092908859253,0.3769230758976746,-0.30000001192092896,-0.30000001192092896,-0.30000001192092896,-0.30000001192092896,-0.30000001192092896,-0.30000001192092896,0.30000001192092896,-0.2875518789209289,0.901223653920929,-0.30000001192092896,-0.299519457525238
1.2999999523162842,0.3921208342170105,-0.30000001192092896,0.3103092908859253,0.3598290588976746,-0.30000001192092896,-0.22741936692092896,-0.20909092092092896,-0.30000001192092896,-0.30000001192092896,-0.30000001192092896,0.30000001192092896,-0.30000001192092896,0.30000001192092896,-0.30000001192092896,-0.299856087525238
1.2999999523162842,0.42180790821701053,-0.30000001192092896,0.3103092908859253,0.5136752128976746,-0.30000001192092896,-0.30000001192092896,-0.30000001192092896,0.699999988079071,-0.30000001192092896,-0.30000001192092896,0.30000001192092896,-0.30000001192092896,0.30000001192092896,-0.30000001192092896,-0.299870723525238
1.2999999523162842,0.3921208342170105,-0.30000001192092896,0.3103092908859253,0.34273504189767456,-0.30000001192092896,-0.25967743092092893,-0.28989900192092893,-0.30000001192092896,-0.30000001192092896,-0.30000001192092896,0.7812834339209289,-0.03858922392092895,0.869510518920929,-0.30000001192092896,-0.25261492852523804
1.2999999523162842,0.3321311342170105,-0.30000001192092896,0.3103092908859253,0.34273504189767456,-0.30000001192092896,-0.21935485092092893,-0.19898991092092894,-0.30000001192092896,-0.30000001192092896,-0.30000001192092896,0.9417112419209289,0.09834023707907102,0.7382474989209289,-0.30000001192092896,-0.25122006252523804
1.2999999523162842,0.3330350752170105,-0.30000001192092896,0.44432990988592536,0.5393162378976746,-0.30000001192092896,-0.30000001192092896,-0.30000001192092896,-0.30000001192092896,-0.30000001192092896,-0.30000001192092896,0.30000001192092896,-0.24605810292092894,1.019762921920929,-0.30000001192092896,-0.278045840525238
0.2999999523162842,0.3302953822170105,-0.17111433192092895,0.3000000128859253,0.3512820498976746,0.699999988079071,-0.30000001192092896,-0.30000001192092896,0.699999988079071,-0.24949496092092896,0.16058090107907103,0.30000001192092896,-0.30000001192092896,0.30000001192092896,-0.10000001192092894,-0.29584224452523805
1.2999999523162842,1.1182194072170106,-0.30000001192092896,0.3103092908859253,0.3769230758976746,-0.30000001192092896,-0.30000001192092896,-0.30000001192092896,-0.30000001192092896,-0.30000001192092896,-0.30000001192092896,0.30000001192092896,-0.30000001192092896,0.30000001192092896,-0.30000001192092896,-0.29965406552523804
1.2999999523162842,0.3027503212170105,-0.30000001192092896,0.5268041368859253,0.3940170928976746,-0.30000001192092896,-0.26774194692092895,-0.28989900192092893,-0.30000001192092896,-0.30000001192092896,-0.30000001192092896,0.6629679259209289,0.45103733207907104,0.905518600920929,-0.30000001192092896,-0.25899072952523805
1.2999999523162842,0.4829996322170105,-0.30000001192092896,0.3103092908859253,0.5136752128976746,-0.30000001192092896,-0.30000001192092896,-0.30000001192092896,-0.30000001192092896,-0.30000001192092896,-0.30000001192092896,0.30000001192092896,-0.30000001192092896,0.30000001192092896,-0.30000001192092896,-0.29990088312523805
1.2999999523162842,0.4233225552170105,-0.30000001192092896,0.3103092908859253,0.3683760668976746,-0.30000001192092896,-0.27580646392092895,-0.26969698192092895,-0.30000001192092896,-0.30000001192092896,-0.30000001192092896,0.30000001192092896,-0.30000001192092896,0.30000001192092896,-0.30000001192092896,-0.29985542252523806
1.2999999523162842,0.42271669621701047,-0.30000001192092896,0.3103092908859253,0.5222222208976746,-0.30000001192092896,-0.30000001192092896,-0.30000001192092896,-0.30000001192092896,-0.30000001192092896,-0.30000001192092896,0.30000001192092896,-0.30000001192092896,0.30000001192092896,-0.30000001192092896,-0.299901104925238
1.2999999523162842,0.4217985172170105,-0.30000001192092896,0.3103092908859253,0.5222222208976746,-0.30000001192092896,-0.29193549592092893,-0.28989900192092893,-0.30000001192092896,-0.30000001192092896,-0.30000001192092896,0.4610962689209289,-0.30000001192092896,0.30000001192092896,-0.30000001192092896,-0.299894673525238
1.2999999523162842,0.42331710221701047,-0.30000001192092896,0.3103092908859253,0.5393162378976746,-0.30000001192092896,-0.30000001192092896,-0.30000001192092896,-0.30000001192092896,-0.30000001192092896,-0.30000001192092896,0.30000001192092896,-0.30000001192092896,0.30000001192092896,-0.30000001192092896,-0.29728279252523804
1.2999999523162842,0.4517821592170105,-0.30000001192092896,0.3103092908859253,0.5222222208976746,-0.30000001192092896,-0.30000001192092896,-0.30000001192092896,-0.30000001192092896,-0.30000001192092896,-0.30000001192092896,0.30000001192092896,-0.30000001192092896,0.30000001192092896,-0.30000001192092896,-0.29939970752523803
1.2999999523162842,0.3303232522170105,-0.30000001192092896,0.3103092908859253,0.3769230758976746,-0.30000001192092896,-0.25161291492092897,-0.28989900192092893,-0.30000001192092896,-0.30000001192092896,-0.30000001192092896,0.824064182920929,-0.0012448249209289775,0.7782413209209289,-0.30000001192092896,-0.25022768952523805
1.2999999523162842,0.5129896362170105,-0.30000001192092896,0.3103092908859253,0.5222222208976746,-0.30000001192092896,-0.30000001192092896,-0.30000001192092896,-0.30000001192092896,-0.30000001192092896,-0.30000001192092896,0.30000001192092896,-0.2875518789209289,0.9188818659209289,-0.30000001192092896,-0.299542741525238
1.2999999523162842,0.3318378982170105,-0.30000001192092896,0.3103092908859253,0.33418803289767457,-0.30000001192092896,-0.21935485092092893,-0.28989900192092893,-0.30000001192092896,-0.30000001192092896,-0.30000001192092896,0.9417112419209289,-0.10497926492092896,1.124763670920929,-0.30000001192092896,-0.24902597652523803
1.2999999523162842,0.3039384102170105,-0.30000001192092896,0.3103092908859253,0.3256410248976746,-0.30000001192092896,0.0064516010790710565,0.08383837207907102,-0.30000001192092896,-0.30000001192092896,-0.30000001192092896,0.30000001192092896,-0.30000001192092896,0.30000001192092896,-0.30000001192092896,-0.29983879052523804
1.2999999523162842,0.3921208342170105,-0.30000001192092896,0.3103092908859253,0.3598290588976746,-0.30000001192092896,-0.29193549592092893,-0.28989900192092893,-0.30000001192092896,-0.30000001192092896,-0.30000001192092896,0.4610962689209289,0.699999988079071,0.856131456920929,-0.30000001192092896,-0.26468218152523804
1.2999999523162842,0.5123837772170106,-0.30000001192092896,0.3103092908859253,0.5136752128976746,-0.30000001192092896,-0.30000001192092896,-0.30000001192092896,-0.30000001192092896,-0.30000001192092896,-0.30000001192092896,0.30000001192092896,-0.30000001192092896,0.30000001192092896,-0.30000001192092896,-0.299328300525238
1.2999999523162842,0.45298327421701046,-0.30000001192092896,0.3103092908859253,0.4709401698976746,-0.30000001192092896,-0.30000001192092896,-0.30000001192092896,-0.30000001192092896,-0.30000001192092896,-0.30000001192092896,0.30000001192092896,-0.30000001192092896,0.30000001192092896,-0.30000001192092896,-0.285112865525238
1.2999999523162842,0.3021426452170105,-0.30000001192092896,0.4237113528859253,0.5307692298976746,-0.30000001192092896,-0.30000001192092896,-0.30000001192092896,0.699999988079071,-0.30000001192092896,-0.30000001192092896,0.40628343392092897,-0.24605810292092894,0.973676295920929,-0.30000001192092896,-0.270084459525238
1.2999999523162842,0.42180790821701053,-0.30000001192092896,0.3103092908859253,0.3769230758976746,-0.30000001192092896,-0.28387097992092897,-0.28989900192092893,-0.30000001192092896,-0.30000001192092896,-0.30000001192092896,0.5747326319209289,0.11078837007907105,0.9899074149209289,-0.30000001192092896,-0.22997020052523803
1.2999999523162842,0.4227009442170105,-0.30000001192092896,0.3103092908859253,0.5222222208976746,-0.30000001192092896,-0.30000001192092896,-0.30000001192092896,-0.30000001192092896,-0.30000001192092896,-0.30000001192092896,0.30000001192092896,-0.30000001192092896,0.30000001192092896,-0.30000001192092896,-0.29918504452523803
1.2999999523162842,0.3309127522170105,-0.30000001192092896,0.3103092908859253,0.3512820498976746,-0.30000001192092896,-0.13064517292092895,-0.08787879992092895,-0.30000001192092896,-0.30000001192092896,-0.30000001192092896,0.33676471792092894,-0.07178424392092894,0.798222310920929,-0.30000001192092896,-0.261535417525238
1.2999999523162842,0.3606067932170105,-0.30000001192092896,0.44432990988592536,0.5393162378976746,-0.30000001192092896,-0.30000001192092896,-0.30000001192092896,-0.30000001192092896,-0.30000001192092896,-0.30000001192092896,0.30000001192092896,-0.24605810292092894,0.765188056920929,-0.30000001192092896,-0.292292100525238
1.2999999523162842,0.3018275992170105,-0.30000001192092896,0.3103092908859253,0.3256410248976746,-0.30000001192092896,0.2725806330790711,-0.28989900192092893,-0.30000001192092896,-0.30000001192092896,-0.30000001192092896,1.201737979920929,-0.26265561392092895,1.104964719920929,-0.30000001192092896,-0.25491723352523804
1.2999999523162842,0.36061618421701047,-0.30000001192092896,0.3103092908859253,0.3683760668976746,-0.30000001192092896,-0.28387097992092897,-0.28989900192092893,-0.30000001192092896,-0.30000001192092896,-0.30000001192092896,0.575401081920929,-0.30000001192092896,0.30000001192092896,-0.30000001192092896,-0.28270034552523804
1.2999999523162842,0.42271669621701047,-0.30000001192092896,0.3103092908859253,0.5136752128976746,-0.30000001192092896,-0.30000001192092896,-0.30000001192092896,-0.30000001192092896,-0.30000001192092896,-0.30000001192092896,0.30000001192092896,-0.30000001192092896,0.30000001192092896,-0.30000001192092896,-0.29889453952523803
1.2999999523162842,0.3918179052170105,-0.30000001192092896,0.3103092908859253,0.41965811889767457,-0.30000001192092896,-0.27580646392092895,-0.28989900192092893,-0.30000001192092896,-0.30000001192092896,-0.30000001192092896,0.6622994769209289,-0.30000001192092896,0.30000001192092896,-0.30000001192092896,-0.26051155452523805
1.2999999523162842,0.3012384012170105,-0.30000001192092896,0.3515464048859253,0.4880341868976746,-0.30000001192092896,-0.28387097992092897,-0.28989900192092893,-0.30000001192092896,-0.30000001192092896,-0.30000001192092896,0.575401081920929,0.554771772079071,0.7381502899209289,-0.30000001192092896,-0.24063127852523802
1.2999999523162842,0.3330423452170105,-0.30000001192092896,0.4752577448859253,0.5393162378976746,-0.30000001192092896,-0.30000001192092896,-0.30000001192092896,-0.30000001192092896,-0.30000001192092896,-0.30000001192092896,0.30000001192092896,-0.24605810292092894,0.766034467920929,-0.30000001192092896,-0.235196623525238
1.2999999523162842,0.4221108382170105,-0.30000001192092896,0.3103092908859253,0.3769230758976746,-0.30000001192092896,-0.25967743092092893,-0.24949496092092896,-0.30000001192092896,-0.30000001192092896,-0.30000001192092896,0.30000001192092896,-0.30000001192092896,0.30000001192092896,-0.30000001192092896,-0.26230536552523803
1.2999999523162842,0.4224137672170105,-0.30000001192092896,0.3103092908859253,0.5307692298976746,-0.30000001192092896,-0.30000001192092896,-0.30000001192092896,-0.30000001192092896,-0.30000001192092896,-0.30000001192092896,0.30000001192092896,-0.30000001192092896,0.30000001192092896,-0.30000001192092896,-0.29939992852523806
1.2999999523162842,0.3618197222170105,-0.30000001192092896,0.33092784788592533,0.5393162378976746,-0.30000001192092896,-0.30000001192092896,-0.30000001192092896,-0.30000001192092896,-0.30000001192092896,-0.30000001192092896,0.30000001192092896,-0.24605810292092894,0.973676295920929,-0.30000001192092896,-0.285829369525238
1.2999999523162842,0.4527067002170105,-0.30000001192092896,0.3103092908859253,0.5222222208976746,-0.30000001192092896,-0.30000001192092896,-0.30000001192092896,-0.30000001192092896,-0.30000001192092896,-0.30000001192092896,0.30000001192092896,-0.30000001192092896,0.30000001192092896,-0.30000001192092896,-0.29990088312523805
1.2999999523162842,0.5741813592170105,-0.30000001192092896,0.3103092908859253,0.5222222208976746,-0.30000001192092896,-0.30000001192092896,-0.30000001192092896,-0.30000001192092896,-0.30000001192092896,-0.30000001192092896,0.30000001192092896,-0.30000001192092896,0.30000001192092896,-0.30000001192092896,-0.299900661325238
1.2999999523162842,0.4817879152170105,-0.30000001192092896,0.3103092908859253,0.5051282038976745,-0.30000001192092896,-0.30000001192092896,-0.30000001192092896,-0.30000001192092896,-0.30000001192092896,-0.30000001192092896,0.30000001192092896,-0.29170125692092896,1.112000005920929,-0.30000001192092896,-0.29939438452523803
1.2999999523162842,0.4514898322170105,-0.30000001192092896,0.3103092908859253,0.3085470078976746,-0.30000001192092896,-0.29193549592092893,-0.28989900192092893,-0.30000001192092896,-0.30000001192092896,-0.30000001192092896,0.4610962689209289,0.699999988079071,0.708840948920929,-0.30000001192092896,-0.27906948052523806
1.2999999523162842,0.3318378982170105,-0.30000001192092896,0.3103092908859253,0.3769230758976746,-0.30000001192092896,-0.29193549592092893,-0.28989900192092893,-0.30000001192092896,-0.30000001192092896,-0.30000001192092896,0.4610962689209289,0.14398339007907107,0.897441642920929,-0.30000001192092896,-0.26456886252523804
1.2999999523162842,0.3003302192170105,-0.30000001192092896,0.3103092908859253,0.34273504189767456,-0.30000001192092896,-0.017741946920928953,0.05353534207907107,-0.30000001192092896,-0.30000001192092896,-0.30000001192092896,0.30000001192092896,-0.30000001192092896,0.30000001192092896,-0.30000001192092896,-0.29984012152523803
1.2999999523162842,0.3921208342170105,-0.30000001192092896,0.3103092908859253,0.5136752128976746,-0.30000001192092896,-0.30000001192092896,-0.30000001192092896,-0.30000001192092896,-0.30000001192092896,-0.30000001192092896,0.30000001192092896,-0.30000001192092896,0.30000001192092896,-0.30000001192092896,-0.29990088312523805
1.2999999523162842,0.3911947792170105,-0.30000001192092896,0.3103092908859253,0.3085470078976746,-0.30000001192092896,0.0064516010790710565,0.08383837207907102,-0.30000001192092896,-0.30000001192092896,-0.30000001192092896,0.30000001192092896,-0.30000001192092896,0.30000001192092896,-0.30000001192092896,-0.299854091525238
1.2999999523162842,0.4829902412170105,-0.30000001192092896,0.3103092908859253,0.5222222208976746,-0.30000001192092896,-0.30000001192092896,-0.30000001192092896,-0.30000001192092896,-0.30000001192092896,-0.30000001192092896,0.30000001192092896,-0.30000001192092896,0.30000001192092896,-0.30000001192092896,-0.29943496652523804
1.2999999523162842,0.4233225552170105,-0.30000001192092896,0.3103092908859253,0.5222222208976746,-0.30000001192092896,-0.30000001192092896,-0.30000001192092896,-0.30000001192092896,-0.30000001192092896,-0.30000001192092896,0.30000001192092896,-0.2875518789209289,0.7584912959209289,-0.30000001192092896,-0.298949535525238
0.2999999523162842,0.3024449692170105,-0.09218482592092894,0.3000000128859253,0.3085470078976746,0.699999988079071,-0.30000001192092896,-0.30000001192092896,0.699999988079071,-0.26969698192092895,-0.24605810292092894,0.30000001192092896,-0.30000001192092896,0.30000001192092896,-0.23333334492092894,-0.29937154352523804
1.2999999523162842,0.30336102721701047,-0.30000001192092896,0.3103092908859253,0.3598290588976746,-0.30000001192092896,-0.25967743092092893,-0.24949496092092896,-0.30000001192092896,-0.30000001192092896,-0.30000001192092896,0.30000001192092896,-0.30000001192092896,0.30000001192092896,-0.30000001192092896,-0.29984012152523803
1.2999999523162842,0.3048581042170105,-0.30000001192092896,0.3103092908859253,0.3256410248976746,-0.30000001192092896,-0.017741946920928953,0.05353534207907107,-0.30000001192092896,-0.30000001192092896,-0.30000001192092896,0.30000001192092896,-0.30000001192092896,0.30000001192092896,-0.30000001192092896,-0.29983768152523804
1.2999999523162842,0.3021205312170105,-0.30000001192092896,0.3103092908859253,0.33418803289767457,-0.30000001192092896,0.03870966507907103,-0.28989900192092893,-0.30000001192092896,-0.30000001192092896,-0.30000001192092896,1.142246000920929,-0.30000001192092896,0.30000001192092896,-0.30000001192092896,-0.29983967752523805
1.2999999523162842,1.0879494972170105,-0.30000001192092896,0.3103092908859253,0.3769230758976746,-0.30000001192092896,-0.30000001192092896,-0.30000001192092896,-0.30000001192092896,-0.30000001192092896,-0.30000001192092896,0.30000001192092896,-0.30000001192092896,0.30000001192092896,-0.30000001192092896,-0.299797321525238
1.2999999523162842,0.3633425482170105,-0.30000001192092896,0.3103092908859253,0.4965811958976746,-0.30000001192092896,-0.30000001192092896,-0.30000001192092896,-0.30000001192092896,-0.30000001192092896,-0.30000001192092896,0.30000001192092896,-0.2875518789209289,0.7782413209209289,-0.30000001192092896,-0.28096374852523803
1.2999999523162842,0.4817879152170105,-0.30000001192092896,0.3103092908859253,0.44529914389767455,-0.30000001192092896,-0.29193549592092893,-0.28989900192092893,-0.30000001192092896,-0.30000001192092896,-0.30000001192092896,0.45441177692092893,0.658506212079071,0.973676295920929,-0.30000001192092896,-0.20446122952523804
1.2999999523162842,0.48239377421701046,-0.30000001192092896,0.3103092908859253,0.5222222208976746,-0.30000001192092896,-0.30000001192092896,-0.30000001192092896,-0.30000001192092896,-0.30000001192092896,-0.30000001192092896,0.30000001192092896,-0.29170125692092896,0.708840948920929,-0.30000001192092896,-0.299429422525238
1.2999999523162842,0.5438884272170105,-0.30000001192092896,0.3103092908859253,0.4965811958976746,-0.30000001192092896,-0.30000001192092896,-0.30000001192092896,-0.30000001192092896,-0.30000001192092896,-0.30000001192092896,0.30000001192092896,-0.30000001192092896,0.30000001192092896,-0.30000001192092896,-0.29936356052523805
1.2999999523162842,0.5123549992170104,-0.30000001192092896,0.3103092908859253,0.5136752128976746,-0.30000001192092896,-0.30000001192092896,-0.30000001192092896,-0.30000001192092896,-0.30000001192092896,-0.30000001192092896,0.30000001192092896,-0.30000001192092896,0.30000001192092896,-0.30000001192092896,-0.29990043962523805
1.2999999523162842,0.4212020502170105,-0.30000001192092896,0.3103092908859253,0.5136752128976746,-0.30000001192092896,-0.30000001192092896,-0.30000001192092896,-0.30000001192092896,-0.30000001192092896,-0.30000001192092896,0.30000001192092896,-0.30000001192092896,0.30000001192092896,-0.30000001192092896,-0.29978113352523805
1.2999999523162842,0.39211962221701047,-0.30000001192092896,0.3103092908859253,0.3769230758976746,-0.30000001192092896,-0.25967743092092893,-0.28989900192092893,-0.30000001192092896,-0.30000001192092896,-0.30000001192092896,0.7699197979209289,0.04854770607907105,0.9026445069209289,-0.30000001192092896,-0.24835559752523803
1.2999999523162842,0.3021311342170105,-0.30000001192092896,0.3103092908859253,0.34273504189767456,-0.30000001192092896,-0.26774194692092895,-0.259595971920929,-0.30000001192092896,-0.30000001192092896,-0.30000001192092896,0.30000001192092896,-0.30000001192092896,0.30000001192092896,-0.30000001192092896,-0.29983967752523805
1.2999999523162842,0.5120554012170104,-0.30000001192092896,0.8051546518859254,0.5393162378976746,-0.30000001192092896,-0.30000001192092896,-0.30000001192092896,-0.30000001192092896,-0.30000001192092896,-0.30000001192092896,0.30000001192092896,-0.24605810292092894,0.572031290920929,-0.30000001192092896,-0.29508382752523804
1.2999999523162842,0.4517979122170105,-0.30000001192092896,0.3103092908859253,0.3769230758976746,-0.30000001192092896,-0.30000001192092896,-0.30000001192092896,-0.30000001192092896,-0.30000001192092896,-0.30000001192092896,0.30000001192092896,-0.30000001192092896,0.30000001192092896,-0.30000001192092896,-0.29974742552523803
1.2999999523162842,0.3909091172170105,-0.30000001192092896,0.3103092908859253,0.5307692298976746,-0.30000001192092896,-0.30000001192092896,-0.30000001192092896,-0.30000001192092896,-0.30000001192092896,-0.30000001192092896,0.30000001192092896,-0.30000001192092896,0.30000001192092896,-0.30000001192092896,-0.29973655952523803
1.2999999523162842,0.42150497921701047,-0.30000001192092896,0.3103092908859253,0.5222222208976746,-0.30000001192092896,-0.30000001192092896,-0.30000001192092896,-0.30000001192092896,-0.30000001192092896,-0.30000001192092896,0.30000001192092896,-0.2875518789209289,1.077346022920929,-0.30000001192092896,-0.29864395152523804
1.2999999523162842,0.4536154882170105,-0.30000001192092896,0.3103092908859253,0.5307692298976746,-0.30000001192092896,-0.30000001192092896,-0.30000001192092896,-0.30000001192092896,-0.30000001192092896,-0.30000001192092896,0.30000001192092896,-0.295850633920929,0.985206940920929,-0.30000001192092896,-0.29964918652523803
1.2999999523162842,0.3342319492170105,-0.30000001192092896,0.3103092908859253,0.3256410248976746,-0.30000001192092896,-0.13870968892092894,-0.28989900192092893,-0.30000001192092896,-0.30000001192092896,-0.30000001192092896,1.062032097920929,-0.30000001192092896,0.30000001192092896,-0.30000001192092896,-0.299841229525238
1.2999999523162842,0.5123837772170106,-0.30000001192092896,0.3103092908859253,0.5136752128976746,-0.30000001192092896,-0.30000001192092896,-0.30000001192092896,-0.30000001192092896,-0.30000001192092896,-0.30000001192092896,0.30000001192092896,-0.30000001192092896,0.30000001192092896,-0.30000001192092896,-0.299900217825238
1.2999999523162842,0.3024249752170105,-0.30000001192092896,0.3103092908859253,0.33418803289767457,-0.30000001192092896,-0.06612904392092894,-0.28989900192092893,-0.30000001192092896,-0.30000001192092896,-0.30000001192092896,1.114171134920929,-0.30000001192092896,0.30000001192092896,-0.30000001192092896,-0.29983989952523804
1.2999999523162842,0.4223904412170105,-0.30000001192092896,0.3103092908859253,0.3683760668976746,-0.30000001192092896,-0.27580646392092895,-0.28989900192092893,-0.30000001192092896,-0.30000001192092896,-0.30000001192092896,0.6629679259209289,0.08174272707907104,0.909611701920929,-0.30000001192092896,-0.25448879452523804
1.2999999523162842,0.5129896362170105,-0.30000001192092896,0.3103092908859253,0.4880341868976746,-0.30000001192092896,-0.30000001192092896,-0.30000001192092896,-0.30000001192092896,-0.30000001192092896,-0.30000001192092896,0.30000001192092896,-0.30000001192092896,0.30000001192092896,-0.30000001192092896,-0.29935158552523805
1.2999999523162842,0.3015434512170105,-0.30000001192092896,0.4752577448859253,0.5393162378976746,-0.30000001192092896,-0.30000001192092896,-0.30000001192092896,0.699999988079071,-0.30000001192092896,-0.30000001192092896,0.779946535920929,-0.24605810292092894,0.7939963459209289,-0.30000001192092896,-0.23652008252523804
1.2999999523162842,0.3911908412170105,-0.30000001192092896,0.3103092908859253,0.5222222208976746,-0.30000001192092896,-0.30000001192092896,-0.30000001192092896,-0.30000001192092896,-0.30000001192092896,-0.30000001192092896,0.30000001192092896,-0.30000001192092896,0.30000001192092896,-0.30000001192092896,-0.29918504452523803
1.2999999523162842,0.4211914472170105,-0.30000001192092896,0.3103092908859253,0.5051282038976745,-0.30000001192092896,-0.30000001192092896,-0.30000001192092896,-0.30000001192092896,-0.30000001192092896,-0.30000001192092896,0.30000001192092896,-0.30000001192092896,0.30000001192092896,-0.30000001192092896,-0.299899996525238
1.2999999523162842,0.3930296222170105,-0.30000001192092896,0.3103092908859253,0.5136752128976746,-0.30000001192092896,-0.30000001192092896,-0.30000001192092896,-0.30000001192092896,-0.30000001192092896,-0.30000001192092896,0.30000001192092896,-0.30000001192092896,0.30000001192092896,-0.30000001192092896,-0.299342936525238
1.2999999523162842,0.33363760121701047,-0.30000001192092896,0.3103092908859253,0.3256410248976746,-0.30000001192092896,-0.06612904392092894,-0.007070718920928976,-0.30000001192092896,-0.30000001192092896,-0.30000001192092896,0.34879680292092896,-0.12572615292092895,0.869510518920929,-0.30000001192092896,-0.260076241525238
1.2999999523162842,0.3006346632170105,-0.30000001192092896,0.3103092908859253,0.3512820498976746,-0.30000001192092896,-0.17903226992092897,-0.14848485992092897,-0.30000001192092896,-0.30000001192092896,-0.30000001192092896,0.30000001192092896,-0.30000001192092896,0.30000001192092896,-0.30000001192092896,-0.29983701652523803
1.2999999523162842,0.48208145321701046,-0.30000001192092896,0.48556702288592535,0.38547008389767456,-0.30000001192092896,-0.30000001192092896,-0.30000001192092896,-0.30000001192092896,-0.30000001192092896,-0.30000001192092896,0.30000001192092896,-0.24605810292092894,0.765188056920929,-0.30000001192092896,-0.29504612852523804
1.2999999523162842,0.3618279022170105,-0.30000001192092896,0.3103092908859253,0.5136752128976746,-0.30000001192092896,-0.30000001192092896,-0.30000001192092896,-0.30000001192092896,-0.30000001192092896,-0.30000001192092896,0.30000001192092896,-0.30000001192092896,0.30000001192092896,-0.30000001192092896,-0.272209135525238
1.2999999523162842,0.4820908442170105,-0.30000001192092896,0.3103092908859253,0.3769230758976746,-0.30000001192092896,-0.30000001192092896,-0.30000001192092896,-0.30000001192092896,-0.30000001192092896,-0.30000001192092896,0.30000001192092896,-0.30000001192092896,0.30000001192092896,-0.30000001192092896,-0.29990487482523803
1.2999999523162842,0.3003314312170105,-0.30000001192092896,0.3103092908859253,0.3170940158976746,-0.30000001192092896,-0.24354839892092894,-0.28989900192092893,-0.30000001192092896,-0.30000001192092896,-0.30000001192092896,0.861497337920929,0.002904552079071032,1.126473973920929,-0.30000001192092896,-0.24531838252523802
1.2999999523162842,0.5135954942170105,-0.30000001192092896,0.3103092908859253,0.5222222208976746,-0.30000001192092896,-0.30000001192092896,-0.30000001192092896,-0.30000001192092896,-0.30000001192092896,-0.30000001192092896,0.30000001192092896,-0.30000001192092896,0.30000001192092896,-0.30000001192092896,-0.299900661325238
1.2999999523162842,0.36120932021701047,-0.30000001192092896,0.3103092908859253,0.3512820498976746,-0.30000001192092896,-0.25161291492092897,-0.23939395092092897,-0.30000001192092896,-0.30000001192092896,-0.30000001192092896,0.30000001192092896,-0.30000001192092896,0.30000001192092896,-0.30000001192092896,-0.299843003525238
1.2999999523162842,0.3908921532170105,-0.30000001192092896,0.44432990988592536,0.5393162378976746,-0.30000001192092896,-0.30000001192092896,-0.30000001192092896,-0.30000001192092896,-0.30000001192092896,-0.30000001192092896,0.30000001192092896,-0.24605810292092894,0.920659170920929,-0.30000001192092896,-0.285952667525238
1.2999999523162842,0.3612220432170105,-0.30000001192092896,0.3103092908859253,0.44529914389767455,-0.30000001192092896,-0.30000001192092896,-0.30000001192092896,0.699999988079071,-0.30000001192092896,-0.30000001192092896,0.30000001192092896,-0.30000001192092896,0.30000001192092896,-0.30000001192092896,-0.26649949952523805
1.2999999523162842,0.4817879152170105,-0.30000001192092896,0.3103092908859253,0.5051282038976745,-0.30000001192092896,-0.30000001192092896,-0.30000001192092896,-0.30000001192092896,-0.30000001192092896,-0.30000001192092896,0.30000001192092896,-0.30000001192092896,0.30000001192092896,-0.30000001192092896,-0.299435632525238
1.2999999523162842,0.4233225552170105,-0.30000001192092896,0.3103092908859253,0.5307692298976746,-0.30000001192092896,-0.30000001192092896,-0.30000001192092896,-0.30000001192092896,-0.30000001192092896,-0.30000001192092896,0.30000001192092896,-0.30000001192092896,0.30000001192092896,-0.30000001192092896,-0.29989644752523803
1.2999999523162842,0.3915149762170105,-0.30000001192092896,0.3103092908859253,0.3769230758976746,-0.30000001192092896,-0.27580646392092895,-0.28989900192092893,-0.30000001192092896,-0.30000001192092896,-0.30000001192092896,0.6629679259209289,-0.30000001192092896,0.30000001192092896,-0.30000001192092896,-0.29985453552523805
1.2999999523162842,0.4826967032170105,-0.30000001192092896,0.3103092908859253,0.5222222208976746,-0.30000001192092896,-0.30000001192092896,-0.30000001192092896,-0.30000001192092896,-0.30000001192092896,-0.30000001192092896,0.30000001192092896,-0.2875518789209289,0.8631749139209289,-0.30000001192092896,-0.299256450525238
1.2999999523162842,0.39242376421701053,-0.30000001192092896,0.3103092908859253,0.5307692298976746,-0.30000001192092896,-0.30000001192092896,-0.30000001192092896,-0.30000001192092896,-0.30000001192092896,-0.30000001192092896,0.30000001192092896,-0.295850633920929,0.860955634920929,-0.30000001192092896,-0.299305459525238
1.2999999523162842,0.3915149762170105,-0.30000001192092896,0.3103092908859253,0.5051282038976745,-0.30000001192092896,-0.30000001192092896,-0.30000001192092896,-0.30000001192092896,-0.30000001192092896,-0.30000001192092896,0.30000001192092896,-0.283402501920929,1.077346022920929,-0.30000001192092896,-0.29806338552523803
1.2999999523162842,0.9058889722170105,-0.30000001192092896,0.3103092908859253,0.3769230758976746,-0.30000001192092896,-0.30000001192092896,-0.30000001192092896,-0.30000001192092896,-0.30000001192092896,-0.30000001192092896,0.30000001192092896,-0.295850633920929,0.721907532920929,-0.30000001192092896,-0.29976139652523803
1.2999999523162842,0.4514855912170105,-0.30000001192092896,0.5164948578859253,0.5393162378976746,-0.30000001192092896,-0.30000001192092896,-0.30000001192092896,-0.30000001192092896,-0.30000001192092896,-0.30000001192092896,0.30000001192092896,-0.24605810292092894,0.765188056920929,-0.30000001192092896,-0.29507362652523805
1.2999999523162842,0.3606149732170105,-0.30000001192092896,0.3103092908859253,0.3769230758976746,-0.30000001192092896,-0.30000001192092896,-0.30000001192092896,-0.30000001192092896,-0.30000001192092896,-0.30000001192092896,0.30000001192092896,-0.30000001192092896,0.30000001192092896,-0.30000001192092896,-0.27784891752523805
1.2999999523162842,0.30393901621701047,-0.30000001192092896,0.3103092908859253,0.3598290588976746,-0.30000001192092896,-0.14677420592092896,-0.10808081992092897,-0.30000001192092896,-0.30000001192092896,-0.30000001192092896,0.30000001192092896,-0.30000001192092896,0.30000001192092896,-0.30000001192092896,-0.29984078652523805
1.2999999523162842,0.4524037702170105,-0.30000001192092896,0.3103092908859253,0.5222222208976746,-0.30000001192092896,-0.30000001192092896,-0.30000001192092896,-0.30000001192092896,-0.30000001192092896,-0.30000001192092896,0.30000001192092896,-0.30000001192092896,0.30000001192092896,-0.30000001192092896,-0.298790534525238
1.2999999523162842,0.4524037702170105,-0.30000001192092896,0.3103092908859253,0.5136752128976746,-0.30000001192092896,-0.30000001192092896,-0.30000001192092896,-0.30000001192092896,-0.30000001192092896,-0.30000001192092896,0.30000001192092896,-0.30000001192092896,0.30000001192092896,-0.30000001192092896,-0.299507038525238
1.2999999523162842,0.42180790821701053,-0.30000001192092896,0.3103092908859253,0.5136752128976746,-0.30000001192092896,-0.30000001192092896,-0.30000001192092896,-0.30000001192092896,-0.30000001192092896,-0.30000001192092896,0.30000001192092896,-0.295850633920929,1.003730975920929,-0.30000001192092896,-0.299429866525238
1.2999999523162842,0.3033625422170105,-0.30000001192092896,0.3103092908859253,0.3683760668976746,-0.30000001192092896,-0.26774194692092895,-0.28989900192092893,-0.30000001192092896,-0.30000001192092896,-0.30000001192092896,0.467112310920929,-0.30000001192092896,0.30000001192092896,-0.30000001192092896,-0.25734217152523803
1.2999999523162842,0.3609191142170105,-0.30000001192092896,0.3103092908859253,0.33418803289767457,-0.30000001192092896,-0.21935485092092893,-0.19898991092092894,-0.30000001192092896,-0.30000001192092896,-0.30000001192092896,0.30000001192092896,-0.30000001192092896,0.30000001192092896,-0.30000001192092896,-0.26429920352523806
1.2999999523162842,0.4829996322170105,-0.30000001192092896,0.3103092908859253,0.5136752128976746,-0.30000001192092896,-0.30000001192092896,-0.30000001192092896,-0.30000001192092896,-0.30000001192092896,-0.30000001192092896,0.30000001192092896,-0.295850633920929,0.7382474989209289,-0.30000001192092896,-0.299392610525238
1.2999999523162842,0.4233225552170105,-0.30000001192092896,0.3103092908859253,0.5222222208976746,-0.30000001192092896,-0.27580646392092895,-0.28989900192092893,-0.30000001192092896,-0.30000001192092896,-0.30000001192092896,0.6629679259209289,-0.30000001192092896,0.30000001192092896,-0.30000001192092896,-0.299882698525238
1.2999999523162842,0.3908918502170105,-0.30000001192092896,0.4546391878859253,0.5393162378976746,-0.30000001192092896,-0.30000001192092896,-0.30000001192092896,-0.30000001192092896,-0.30000001192092896,-0.30000001192092896,0.30000001192092896,-0.24605810292092894,1.046923599920929,-0.30000001192092896,-0.28550693152523804
1.2999999523162842,0.3021490072170105,-0.30000001192092896,0.3103092908859253,0.3598290588976746,-0.30000001192092896,-0.27580646392092895,-0.28989900192092893,-0.30000001192092896,-0.30000001192092896,-0.30000001192092896,0.6629679259209289,0.02365144007907105,0.7584912959209289,-0.30000001192092896,-0.250449227525238
1.2999999523162842,0.4542213462170105,-0.30000001192092896,0.3103092908859253,0.5222222208976746,-0.30000001192092896,-0.30000001192092896,-0.30000001192092896,-0.30000001192092896,-0.30000001192092896,-0.30000001192092896,0.30000001192092896,-0.30000001192092896,0.30000001192092896,-0.30000001192092896,-0.29922074752523803
1.2999999523162842,0.36301780821701046,-0.30000001192092896,0.3103092908859253,0.33418803289767457,-0.30000001192092896,0.030645149079071066,-0.28989900192092893,-0.30000001192092896,-0.30000001192092896,-0.30000001192092896,1.1288770169209288,-0.30000001192092896,0.30000001192092896,-0.30000001192092896,-0.299847439525238
1.2999999523162842,0.4539184172170105,-0.30000001192092896,0.3103092908859253,0.5307692298976746,-0.30000001192092896,-0.30000001192092896,-0.30000001192092896,-0.30000001192092896,-0.30000001192092896,-0.30000001192092896,0.30000001192092896,-0.295850633920929,1.018495879920929,-0.30000001192092896,-0.29892092852523805
1.2999999523162842,1.1482324332170104,-0.30000001192092896,0.3103092908859253,0.3769230758976746,-0.30000001192092896,-0.30000001192092896,-0.30000001192092896,-0.30000001192092896,-0.30000001192092896,-0.30000001192092896,0.30000001192092896,-0.30000001192092896,0.30000001192092896,-0.30000001192092896,-0.29972569352523803
1.2999999523162842,0.42208084821701053,-0.30000001192092896,0.3103092908859253,0.5222222208976746,-0.30000001192092896,-0.30000001192092896,-0.30000001192092896,-0.30000001192092896,-0.30000001192092896,-0.30000001192092896,0.30000001192092896,-0.295850633920929,0.990216424920929,-0.30000001192092896,-0.29979111252523805
1.2999999523162842,0.3621268932170105,-0.30000001192092896,0.5061855798859253,0.5393162378976746,-0.30000001192092896,-0.30000001192092896,-0.30000001192092896,-0.30000001192092896,-0.30000001192092896,-0.30000001192092896,0.30000001192092896,-0.24605810292092894,0.7354971079209289,-0.30000001192092896,-0.27660773152523804
1.2999999523162842,0.3908791272170105,-0.30000001192092896,0.3618556828859253,0.4709401698976746,-0.30000001192092896,-0.30000001192092896,-0.30000001192092896,-0.30000001192092896,-0.30000001192092896,-0.30000001192092896,0.30000001192092896,-0.24605810292092894,0.9747591699209289,-0.30000001192092896,-0.29468222152523804
1.2999999523162842,0.3609191142170105,-0.30000001192092896,0.3103092908859253,0.3598290588976746,-0.30000001192092896,-0.23548388292092895,-0.28989900192092893,-0.30000001192092896,-0.30000001192092896,-0.30000001192092896,0.808021401920929,-0.30000001192092896,0.30000001192092896,-0.30000001192092896,-0.29986140952523804
1.2999999523162842,0.6032625752170104,-0.30000001192092896,0.3103092908859253,0.5222222208976746,-0.30000001192092896,-0.30000001192092896,-0.30000001192092896,-0.30000001192092896,-0.30000001192092896,-0.30000001192092896,0.30000001192092896,-0.30000001192092896,0.30000001192092896,-0.30000001192092896,-0.299901104925238
1.2999999523162842,0.4239284142170105,-0.30000001192092896,0.3103092908859253,0.5307692298976746,-0.30000001192092896,-0.30000001192092896,-0.30000001192092896,-0.30000001192092896,-0.30000001192092896,-0.30000001192092896,0.30000001192092896,-0.30000001192092896,0.30000001192092896,-0.30000001192092896,-0.298966611525238
1.2999999523162842,0.7241313762170105,-0.30000001192092896,0.3103092908859253,0.3769230758976746,-0.30000001192092896,-0.30000001192092896,-0.30000001192092896,-0.30000001192092896,-0.30000001192092896,-0.30000001192092896,0.30000001192092896,-0.295850633920929,0.973676295920929,-0.30000001192092896,-0.29982903352523804
1.2999999523162842,0.3036424482170105,-0.30000001192092896,0.3103092908859253,0.3598290588976746,-0.30000001192092896,-0.13064517292092895,-0.28989900192092893,-0.30000001192092896,-0.30000001192092896,-0.30000001192092896,1.072058835920929,-0.17966806192092896,0.860955634920929,-0.30000001192092896,-0.24987819752523804
1.2999999523162842,0.4220999322170105,-0.30000001192092896,0.3103092908859253,0.5222222208976746,-0.30000001192092896,-0.30000001192092896,-0.30000001192092896,-0.30000001192092896,-0.30000001192092896,-0.30000001192092896,0.30000001192092896,-0.30000001192092896,0.30000001192092896,-0.30000001192092896,-0.291272229525238
1.2999999523162842,0.3621308312170105,-0.30000001192092896,0.3103092908859253,0.4367521358976746,-0.30000001192092896,-0.29193549592092893,-0.28989900192092893,-0.30000001192092896,-0.30000001192092896,-0.30000001192092896,0.4610962689209289,-0.30000001192092896,0.30000001192092896,-0.30000001192092896,-0.29986340552523805
1.2999999523162842,0.4829996322170105,-0.30000001192092896,0.3103092908859253,0.5051282038976745,-0.30000001192092896,-0.30000001192092896,-0.30000001192092896,-0.30000001192092896,-0.30000001192092896,-0.30000001192092896,0.30000001192092896,-0.30000001192092896,0.30000001192092896,-0.30000001192092896,-0.29990088312523805
1.2999999523162842,0.3630396192170105,-0.30000001192092896,0.3103092908859253,0.3512820498976746,-0.30000001192092896,-0.25967743092092893,-0.28989900192092893,-0.30000001192092896,-0.30000001192092896,-0.30000001192092896,0.7812834339209289,-0.30000001192092896,0.30000001192092896,-0.30000001192092896,-0.29985542252523806
1.2999999523162842,0.3930168992170105,-0.30000001192092896,0.3103092908859253,0.34273504189767456,-0.30000001192092896,-0.23548388292092895,-0.28989900192092893,-0.30000001192092896,-0.30000001192092896,-0.30000001192092896,0.893582899920929,-0.30000001192092896,0.30000001192092896,-0.30000001192092896,-0.29985564452523805
1.2999999523162842,0.3609109342170105,-0.30000001192092896,0.3618556828859253,0.5393162378976746,-0.30000001192092896,-0.30000001192092896,-0.30000001192092896,0.699999988079071,-0.30000001192092896,-0.30000001192092896,0.30000001192092896,-0.24605810292092894,0.973676295920929,-0.30000001192092896,-0.26229671752523803
1.2999999523162842,0.3006316342170105,-0.30000001192092896,0.3103092908859253,0.3512820498976746,-0.30000001192092896,-0.09032259292092895,-0.03737374892092893,-0.30000001192092896,-0.30000001192092896,-0.30000001192092896,0.30000001192092896,-0.30000001192092896,0.30000001192092896,-0.30000001192092896,-0.29984034252523806
1.2999999523162842,0.4826967032170105,-0.30000001192092896,0.3103092908859253,0.5136752128976746,-0.30000001192092896,-0.30000001192092896,-0.30000001192092896,-0.30000001192092896,-0.30000001192092896,-0.30000001192092896,0.30000001192092896,-0.30000001192092896,0.30000001192092896,-0.30000001192092896,-0.299900661325238
1.2999999523162842,0.4521008412170105,-0.30000001192092896,0.3103092908859253,0.5222222208976746,-0.30000001192092896,-0.30000001192092896,-0.30000001192092896,-0.30000001192092896,-0.30000001192092896,-0.30000001192092896,0.30000001192092896,-0.30000001192092896,0.30000001192092896,-0.30000001192092896,-0.29957911052523806
1.2999999523162842,0.6332525782170104,-0.30000001192092896,0.3103092908859253,0.5136752128976746,-0.30000001192092896,-0.30000001192092896,-0.30000001192092896,-0.30000001192092896,-0.30000001192092896,-0.30000001192092896,0.30000001192092896,-0.29170125692092896,1.046923599920929,-0.30000001192092896,-0.29904733152523805
1.2999999523162842,0.3012408252170105,-0.30000001192092896,0.3103092908859253,0.33418803289767457,-0.30000001192092896,0.14354837507907103,-0.28989900192092893,-0.30000001192092896,-0.30000001192092896,-0.30000001192092896,1.182352952920929,-0.30000001192092896,0.30000001192092896,-0.30000001192092896,-0.29983945552523805
1.2999999523162842,0.4527067002170105,-0.30000001192092896,0.3103092908859253,0.5136752128976746,-0.30000001192092896,-0.30000001192092896,-0.30000001192092896,-0.30000001192092896,-0.30000001192092896,-0.30000001192092896,0.30000001192092896,-0.30000001192092896,0.30000001192092896,-0.30000001192092896,-0.299038017525238
1.2999999523162842,0.3915149762170105,-0.30000001192092896,0.3103092908859253,0.5136752128976746,-0.30000001192092896,-0.30000001192092896,-0.30000001192092896,-0.30000001192092896,-0.30000001192092896,-0.30000001192092896,0.30000001192092896,-0.30000001192092896,0.30000001192092896,-0.30000001192092896,-0.299899996525238
0.2999999523162842,0.3000063877370105,-0.06777250892092895,0.3000000128859253,0.3085470078976746,0.699999988079071,-0.30000001192092896,-0.30000001192092896,0.699999988079071,-0.259595971920929,-0.24605810292092894,0.30000001192092896,-0.30000001192092896,0.30000001192092896,-0.23333334492092894,-0.299479540525238
1.2999999523162842,0.4542213462170105,-0.30000001192092896,0.3103092908859253,0.5307692298976746,-0.30000001192092896,-0.30000001192092896,-0.30000001192092896,-0.30000001192092896,-0.30000001192092896,-0.30000001192092896,0.30000001192092896,-0.2875518789209289,0.981370357920929,-0.30000001192092896,-0.299181052525238
1.2999999523162842,0.36061618421701047,-0.30000001192092896,0.3103092908859253,0.34273504189767456,-0.30000001192092896,-0.24354839892092894,-0.22929294092092894,-0.30000001192092896,-0.30000001192092896,-0.30000001192092896,0.30000001192092896,-0.30000001192092896,0.30000001192092896,-0.30000001192092896,-0.284896649525238
1.2999999523162842,0.4517979122170105,-0.30000001192092896,0.3103092908859253,0.5222222208976746,-0.30000001192092896,-0.30000001192092896,-0.30000001192092896,-0.30000001192092896,-0.30000001192092896,-0.30000001192092896,0.30000001192092896,-0.30000001192092896,0.30000001192092896,-0.30000001192092896,-0.299900661325238
1.2999999523162842,0.48239377421701046,-0.30000001192092896,0.3103092908859253,0.5136752128976746,-0.30000001192092896,-0.30000001192092896,-0.30000001192092896,-0.30000001192092896,-0.30000001192092896,-0.30000001192092896,0.30000001192092896,-0.30000001192092896,0.30000001192092896,-0.30000001192092896,-0.299900661325238
1.2999999523162842,0.3033480012170105,-0.30000001192092896,0.3103092908859253,0.3085470078976746,-0.30000001192092896,0.3209677300790711,-0.28989900192092893,-0.30000001192092896,-0.30000001192092896,-0.30000001192092896,1.175000011920929,-0.26680499092092896,0.9044411749209289,-0.30000001192092896,-0.259399875525238
1.2999999523162842,0.4524037702170105,-0.30000001192092896,0.3103092908859253,0.5222222208976746,-0.30000001192092896,-0.30000001192092896,-0.30000001192092896,-0.30000001192092896,-0.30000001192092896,-0.30000001192092896,0.30000001192092896,-0.30000001192092896,0.30000001192092896,-0.30000001192092896,-0.298879238525238
1.2999999523162842,0.4829996322170105,-0.30000001192092896,0.3103092908859253,0.5222222208976746,-0.30000001192092896,-0.30000001192092896,-0.30000001192092896,-0.30000001192092896,-0.30000001192092896,-0.30000001192092896,0.30000001192092896,-0.30000001192092896,0.30000001192092896,-0.30000001192092896,-0.299901104925238
1.2999999523162842,0.4820908442170105,-0.30000001192092896,0.3103092908859253,0.5222222208976746,-0.30000001192092896,-0.30000001192092896,-0.30000001192092896,-0.30000001192092896,-0.30000001192092896,-0.30000001192092896,0.30000001192092896,-0.30000001192092896,0.30000001192092896,-0.30000001192092896,-0.299073720525238
1.2999999523162842,0.3018282042170105,-0.30000001192092896,0.3103092908859253,0.33418803289767457,-0.30000001192092896,-0.17096775392092894,-0.28989900192092893,-0.30000001192092896,-0.30000001192092896,-0.30000001192092896,1.0272727389209289,-0.12157677492092894,0.7089505379209289,-0.30000001192092896,-0.25375787552523804
1.2999999523162842,0.3030390132170105,-0.30000001192092896,0.3103092908859253,0.3170940158976746,-0.30000001192092896,0.10322579407907106,-0.28989900192092893,-0.30000001192092896,-0.30000001192092896,-0.30000001192092896,1.168983968920929,-0.22531121492092895,1.110981954920929,-0.30000001192092896,-0.24917743752523802
1.2999999523162842,0.3018372922170105,-0.30000001192092896,0.3103092908859253,0.3170940158976746,-0.30000001192092896,0.11129031107907106,0.21515150307907105,-0.30000001192092896,-0.30000001192092896,-0.30000001192092896,0.30000001192092896,-0.30000001192092896,0.30000001192092896,-0.30000001192092896,-0.29983989952523804
1.2999999523162842,0.5129678252170105,-0.30000001192092896,0.3103092908859253,0.5222222208976746,-0.30000001192092896,-0.30000001192092896,-0.30000001192092896,-0.30000001192092896,-0.30000001192092896,-0.30000001192092896,0.30000001192092896,-0.30000001192092896,0.30000001192092896,-0.30000001192092896,-0.29990043962523805
1.2999999523162842,0.4817879152170105,-0.30000001192092896,0.3103092908859253,0.5222222208976746,-0.30000001192092896,-0.30000001192092896,-0.30000001192092896,-0.30000001192092896,-0.30000001192092896,-0.30000001192092896,0.30000001192092896,-0.30000001192092896,0.30000001192092896,-0.30000001192092896,-0.299900661325238
1.2999999523162842,0.4542213462170105,-0.30000001192092896,0.3103092908859253,0.5307692298976746,-0.30000001192092896,-0.30000001192092896,-0.30000001192092896,-0.30000001192092896,-0.30000001192092896,-0.30000001192092896,0.30000001192092896,-0.30000001192092896,0.30000001192092896,-0.30000001192092896,-0.29928882752523805
1.2999999523162842,0.5435854982170105,-0.30000001192092896,0.3103092908859253,0.5136752128976746,-0.30000001192092896,-0.30000001192092896,-0.30000001192092896,-0.30000001192092896,-0.30000001192092896,-0.30000001192092896,0.30000001192092896,-0.30000001192092896,0.30000001192092896,-0.30000001192092896,-0.29990088312523805
1.2999999523162842,0.4527067002170105,-0.30000001192092896,0.3103092908859253,0.5136752128976746,-0.30000001192092896,-0.30000001192092896,-0.30000001192092896,-0.30000001192092896,-0.30000001192092896,-0.30000001192092896,0.30000001192092896,-0.30000001192092896,0.30000001192092896,-0.30000001192092896,-0.291268015525238
1.2999999523162842,0.5741813592170105,-0.30000001192092896,0.3103092908859253,0.5222222208976746,-0.30000001192092896,-0.30000001192092896,-0.30000001192092896,-0.30000001192092896,-0.30000001192092896,-0.30000001192092896,0.30000001192092896,-0.30000001192092896,0.30000001192092896,-0.30000001192092896,-0.29990088312523805
1.2999999523162842,0.3012368862170105,-0.30000001192092896,0.3103092908859253,0.3512820498976746,-0.30000001192092896,-0.25161291492092897,-0.28989900192092893,-0.30000001192092896,-0.30000001192092896,-0.30000001192092896,0.825401081920929,-0.05103735592092895,1.077492108920929,-0.30000001192092896,-0.25054791052523806
1.2999999523162842,0.42180790821701053,-0.30000001192092896,0.3103092908859253,0.5136752128976746,-0.30000001192092896,-0.30000001192092896,-0.30000001192092896,-0.30000001192092896,-0.30000001192092896,-0.30000001192092896,0.30000001192092896,-0.30000001192092896,0.30000001192092896,-0.30000001192092896,-0.29914579252523804
1.2999999523162842,0.3321229552170105,-0.30000001192092896,0.3103092908859253,0.3256410248976746,-0.30000001192092896,0.030645149079071066,-0.28989900192092893,-0.30000001192092896,-0.30000001192092896,-0.30000001192092896,1.149598941920929,-0.30000001192092896,0.30000001192092896,-0.30000001192092896,-0.29984189552523804
1.2999999523162842,0.3918179052170105,-0.30000001192092896,0.3103092908859253,0.3256410248976746,-0.30000001192092896,-0.19516130192092895,-0.16868688092092896,-0.30000001192092896,-0.30000001192092896,-0.30000001192092896,0.30000001192092896,-0.30000001192092896,0.30000001192092896,-0.30000001192092896,-0.29985542252523806
1.2999999523162842,0.4239020592170105,-0.30000001192092896,0.3103092908859253,0.5136752128976746,-0.30000001192092896,-0.30000001192092896,-0.30000001192092896,-0.30000001192092896,-0.30000001192092896,-0.30000001192092896,0.30000001192092896,-0.30000001192092896,0.30000001192092896,-0.30000001192092896,-0.29943585352523805
1.2999999523162842,0.3042561832170105,-0.30000001192092896,0.3103092908859253,0.3512820498976746,-0.30000001192092896,-0.14677420592092896,-0.10808081992092897,-0.30000001192092896,-0.30000001192092896,-0.30000001192092896,0.30000001192092896,-0.30000001192092896,0.30000001192092896,-0.30000001192092896,-0.29984034252523806
1.2999999523162842,0.45177246521701053,-0.30000001192092896,0.4134020748859253,0.5393162378976746,-0.30000001192092896,-0.30000001192092896,-0.30000001192092896,-0.30000001192092896,-0.30000001192092896,-0.30000001192092896,0.30000001192092896,-0.24605810292092894,0.572031290920929,-0.30000001192092896,-0.29516942652523803
1.2999999523162842,0.39242376421701053,-0.30000001192092896,0.3103092908859253,0.3512820498976746,-0.30000001192092896,-0.22741936692092896,-0.20909092092092896,-0.30000001192092896,-0.30000001192092896,-0.30000001192092896,0.368850278920929,0.12738588007907103,0.920659170920929,-0.30000001192092896,-0.25340638752523803
1.2999999523162842,0.42271669621701047,-0.30000001192092896,0.3103092908859253,0.5051282038976745,-0.30000001192092896,-0.30000001192092896,-0.30000001192092896,-0.30000001192092896,-0.30000001192092896,-0.30000001192092896,0.30000001192092896,-0.30000001192092896,0.30000001192092896,-0.30000001192092896,-0.299870945525238
1.2999999523162842,0.39242376421701053,-0.30000001192092896,0.3103092908859253,0.38547008389767456,-0.30000001192092896,-0.30000001192092896,-0.30000001192092896,-0.30000001192092896,-0.30000001192092896,-0.30000001192092896,0.30000001192092896,-0.295850633920929,0.965039404920929,-0.30000001192092896,-0.29982659352523805
1.2999999523162842,0.39363548121701053,-0.30000001192092896,0.3103092908859253,0.3769230758976746,-0.30000001192092896,-0.28387097992092897,-0.28989900192092893,-0.30000001192092896,-0.30000001192092896,-0.30000001192092896,0.575401081920929,-0.30000001192092896,0.30000001192092896,-0.30000001192092896,-0.299856087525238
1.2999999523162842,0.4221108382170105,-0.30000001192092896,0.3103092908859253,0.5136752128976746,-0.30000001192092896,-0.30000001192092896,-0.30000001192092896,-0.30000001192092896,-0.30000001192092896,-0.30000001192092896,0.30000001192092896,-0.30000001192092896,0.30000001192092896,-0.30000001192092896,-0.29943585352523805
1.2999999523162842,0.4517979122170105,-0.30000001192092896,0.3103092908859253,0.5222222208976746,-0.30000001192092896,-0.30000001192092896,-0.30000001192092896,-0.30000001192092896,-0.30000001192092896,-0.30000001192092896,0.30000001192092896,-0.30000001192092896,0.30000001192092896,-0.30000001192092896,-0.299073720525238
1.2999999523162842,0.3336491132170105,-0.30000001192092896,0.3103092908859253,0.3598290588976746,-0.30000001192092896,-0.17096775392092894,-0.13838384992092895,-0.30000001192092896,-0.30000001192092896,-0.30000001192092896,0.30000001192092896,-0.30000001192092896,0.30000001192092896,-0.30000001192092896,-0.299843225525238
1.2999999523162842,0.5120808482170105,-0.30000001192092896,0.3103092908859253,0.5136752128976746,-0.30000001192092896,-0.30000001192092896,-0.30000001192092896,-0.30000001192092896,-0.30000001192092896,-0.30000001192092896,0.30000001192092896,-0.295850633920929,0.965039404920929,-0.30000001192092896,-0.299358238525238
1.2999999523162842,0.5129896362170105,-0.30000001192092896,0.3103092908859253,0.5136752128976746,-0.30000001192092896,-0.30000001192092896,-0.30000001192092896,-0.30000001192092896,-0.30000001192092896,-0.30000001192092896,0.30000001192092896,-0.283402501920929,1.110981954920929,-0.30000001192092896,-0.29898767852523805
1.2999999523162842,0.3039574952170105,-0.30000001192092896,0.3103092908859253,0.33418803289767457,-0.30000001192092896,-0.07419355992092896,-0.01717172892092894,-0.30000001192092896,-0.30000001192092896,-0.30000001192092896,0.30000001192092896,-0.30000001192092896,0.30000001192092896,-0.30000001192092896,-0.29984034252523806
1.2999999523162842,0.45146862721701053,-0.30000001192092896,0.3103092908859253,0.5307692298976746,-0.30000001192092896,-0.30000001192092896,-0.30000001192092896,-0.30000001192092896,-0.30000001192092896,-0.30000001192092896,0.30000001192092896,-0.295850633920929,0.695747523920929,-0.30000001192092896,-0.29965051652523805
1.2999999523162842,0.3033531512170105,-0.30000001192092896,0.3103092908859253,0.33418803289767457,-0.30000001192092896,-0.27580646392092895,-0.28989900192092893,-0.30000001192092896,-0.30000001192092896,-0.30000001192092896,0.6629679259209289,0.05269708307907106,0.737751744920929,-0.30000001192092896,-0.24929851852523804
1.2999999523162842,0.7547272382170105,-0.30000001192092896,0.3103092908859253,0.3683760668976746,-0.30000001192092896,-0.30000001192092896,-0.30000001192092896,-0.30000001192092896,-0.30000001192092896,-0.30000001192092896,0.30000001192092896,-0.295850633920929,1.088932179920929,-0.30000001192092896,-0.299759844525238
1.2999999523162842,0.4214974062170105,-0.30000001192092896,0.3103092908859253,0.4880341868976746,-0.30000001192092896,-0.30000001192092896,-0.30000001192092896,-0.30000001192092896,-0.30000001192092896,-0.30000001192092896,0.30000001192092896,-0.29170125692092896,0.9714153699209289,-0.30000001192092896,-0.299870723525238
1.2999999523162842,0.4214810472170105,-0.30000001192092896,0.3103092908859253,0.5222222208976746,-0.30000001192092896,-0.30000001192092896,-0.30000001192092896,-0.30000001192092896,-0.30000001192092896,-0.30000001192092896,0.30000001192092896,-0.30000001192092896,0.30000001192092896,-0.30000001192092896,-0.299077490525238
1.2999999523162842,0.3318206312170105,-0.30000001192092896,0.3515464048859253,0.5393162378976746,-0.30000001192092896,-0.30000001192092896,-0.30000001192092896,0.699999988079071,-0.30000001192092896,-0.30000001192092896,0.30000001192092896,-0.24605810292092894,1.046923599920929,-0.30000001192092896,-0.22764483252523804
1.2999999523162842,0.4820838772170105,-0.30000001192092896,0.3103092908859253,0.5136752128976746,-0.30000001192092896,-0.30000001192092896,-0.30000001192092896,-0.30000001192092896,-0.30000001192092896,-0.30000001192092896,0.30000001192092896,-0.30000001192092896,0.30000001192092896,-0.30000001192092896,-0.29990043962523805
1.2999999523162842,0.3927266932170105,-0.30000001192092896,0.3103092908859253,0.4367521358976746,-0.30000001192092896,-0.29193549592092893,-0.28989900192092893,-0.30000001192092896,-0.30000001192092896,-0.30000001192092896,0.4610962689209289,-0.30000001192092896,0.30000001192092896,-0.30000001192092896,-0.27818621352523804
1.2999999523162842,0.4539038762170105,-0.30000001192092896,0.3103092908859253,0.5222222208976746,-0.30000001192092896,-0.30000001192092896,-0.30000001192092896,-0.30000001192092896,-0.30000001192092896,-0.30000001192092896,0.30000001192092896,-0.30000001192092896,0.30000001192092896,-0.30000001192092896,-0.298966167525238
1.2999999523162842,0.4215037672170105,-0.30000001192092896,0.5164948578859253,0.4965811958976746,-0.30000001192092896,-0.30000001192092896,-0.30000001192092896,-0.30000001192092896,-0.30000001192092896,-0.30000001192092896,0.30000001192092896,-0.24605810292092894,0.808402569920929,-0.30000001192092896,-0.295508940525238
1.2999999523162842,0.3051570952170105,-0.30000001192092896,0.3103092908859253,0.33418803289767457,-0.30000001192092896,-0.19516130192092895,-0.28989900192092893,-0.30000001192092896,-0.30000001192092896,-0.30000001192092896,0.9951871779209289,-0.30000001192092896,0.30000001192092896,-0.30000001192092896,-0.24839884052523803
1.2999999523162842,0.3633425482170105,-0.30000001192092896,0.3103092908859253,0.5051282038976745,-0.30000001192092896,-0.30000001192092896,-0.30000001192092896,-0.30000001192092896,-0.30000001192092896,-0.30000001192092896,0.30000001192092896,-0.2875518789209289,0.860955634920929,-0.30000001192092896,-0.28092915452523803
1.2999999523162842,0.3621308312170105,-0.30000001192092896,0.3103092908859253,0.33418803289767457,-0.30000001192092896,-0.11451614092092896,-0.28989900192092893,-0.30000001192092896,-0.30000001192092896,-0.30000001192092896,1.084090920920929,-0.17966806192092896,1.0270663139209288,-0.30000001192092896,-0.251843871525238
1.2999999523162842,0.3918179052170105,-0.30000001192092896,0.3103092908859253,0.5222222208976746,-0.30000001192092896,-0.30000001192092896,-0.30000001192092896,-0.30000001192092896,-0.30000001192092896,-0.30000001192092896,0.30000001192092896,-0.30000001192092896,0.30000001192092896,-0.30000001192092896,-0.29990132662523805
1.2999999523162842,0.4817879152170105,-0.30000001192092896,0.3103092908859253,0.5222222208976746,-0.30000001192092896,-0.30000001192092896,-0.30000001192092896,-0.30000001192092896,-0.30000001192092896,-0.30000001192092896,0.30000001192092896,-0.30000001192092896,0.30000001192092896,-0.30000001192092896,-0.29939992852523806
1.2999999523162842,0.4211744832170105,-0.30000001192092896,0.7948453738859254,0.5393162378976746,-0.30000001192092896,-0.30000001192092896,-0.30000001192092896,-0.30000001192092896,-0.30000001192092896,-0.30000001192092896,0.30000001192092896,-0.24605810292092894,1.088932179920929,-0.30000001192092896,-0.29511487452523805
1.2999999523162842,0.3030296222170105,-0.30000001192092896,0.3103092908859253,0.33418803289767457,-0.30000001192092896,-0.15483872192092896,-0.28989900192092893,-0.30000001192092896,-0.30000001192092896,-0.30000001192092896,1.0459893169209291,-0.17551868392092895,0.9747591699209289,-0.30000001192092896,-0.250058709525238
1.2999999523162842,0.3612138642170105,-0.30000001192092896,0.3618556828859253,0.5393162378976746,-0.30000001192092896,-0.30000001192092896,-0.30000001192092896,-0.30000001192092896,-0.30000001192092896,-0.30000001192092896,0.30000001192092896,-0.24605810292092894,0.973676295920929,-0.30000001192092896,-0.24060023252523804
1.2999999523162842,0.4829996322170105,-0.30000001192092896,0.3103092908859253,0.5136752128976746,-0.30000001192092896,-0.30000001192092896,-0.30000001192092896,-0.30000001192092896,-0.30000001192092896,-0.30000001192092896,0.30000001192092896,-0.295850633920929,1.092871814920929,-0.30000001192092896,-0.29939948552523804
1.2999999523162842,0.4221108382170105,-0.30000001192092896,0.3103092908859253,0.5136752128976746,-0.30000001192092896,-0.30000001192092896,-0.30000001192092896,-0.30000001192092896,-0.30000001192092896,-0.30000001192092896,0.30000001192092896,-0.30000001192092896,0.30000001192092896,-0.30000001192092896,-0.29990043962523805
1.2999999523162842,0.5120808482170105,-0.30000001192092896,0.3103092908859253,0.5222222208976746,-0.30000001192092896,-0.30000001192092896,-0.30000001192092896,-0.30000001192092896,-0.30000001192092896,-0.30000001192092896,0.30000001192092896,-0.29170125692092896,0.7382474989209289,-0.30000001192092896,-0.29957844552523805
1.2999999523162842,0.3605943732170105,-0.30000001192092896,0.3103092908859253,0.3170940158976746,-0.30000001192092896,0.07096773007907103,0.16464645307907105,-0.30000001192092896,-0.30000001192092896,-0.30000001192092896,0.30000001192092896,-0.30000001192092896,0.30000001192092896,-0.30000001192092896,-0.299456477525238
1.2999999523162842,0.4823640862170105,-0.30000001192092896,0.3103092908859253,0.5222222208976746,-0.30000001192092896,-0.30000001192092896,-0.30000001192092896,-0.30000001192092896,-0.30000001192092896,-0.30000001192092896,0.30000001192092896,-0.30000001192092896,0.30000001192092896,-0.30000001192092896,-0.299507482525238
1.2999999523162842,0.4221108382170105,-0.30000001192092896,0.3103092908859253,0.4709401698976746,-0.30000001192092896,-0.30000001192092896,-0.30000001192092896,0.699999988079071,-0.30000001192092896,-0.30000001192092896,0.30000001192092896,-0.30000001192092896,0.30000001192092896,-0.30000001192092896,-0.272827400525238
1.2999999523162842,0.4829996322170105,-0.30000001192092896,0.3103092908859253,0.5222222208976746,-0.30000001192092896,-0.30000001192092896,-0.30000001192092896,-0.30000001192092896,-0.30000001192092896,-0.30000001192092896,0.30000001192092896,-0.29170125692092896,0.755274616920929,-0.30000001192092896,-0.299358238525238
1.2999999523162842,0.4221108382170105,-0.30000001192092896,0.3103092908859253,0.4709401698976746,-0.30000001192092896,-0.28387097992092897,-0.28989900192092893,-0.30000001192092896,-0.30000001192092896,-0.30000001192092896,0.575401081920929,-0.30000001192092896,0.30000001192092896,-0.30000001192092896,-0.299857861525238
1.2999999523162842,0.5432825682170105,-0.30000001192092896,0.3103092908859253,0.5222222208976746,-0.30000001192092896,-0.30000001192092896,-0.30000001192092896,-0.30000001192092896,-0.30000001192092896,-0.30000001192092896,0.30000001192092896,-0.27925312392092894,0.9899074149209289,-0.30000001192092896,-0.298438380525238
1.2999999523162842,0.3003187082170105,-0.30000001192092896,0.3103092908859253,0.3256410248976746,-0.30000001192092896,-0.03387097992092897,-0.28989900192092893,-0.30000001192092896,-0.30000001192092896,-0.30000001192092896,1.138235305920929,-0.21701245992092894,1.037685921920929,-0.30000001192092896,-0.25036008052523806
1.2999999523162842,0.3615104322170105,-0.30000001192092896,0.48556702288592535,0.4025641018976746,-0.30000001192092896,-0.25967743092092893,-0.28989900192092893,-0.30000001192092896,-0.30000001192092896,-0.30000001192092896,0.779278086920929,0.29751036107907103,1.019762921920929,-0.30000001192092896,-0.24469435252523802
1.2999999523162842,0.3609048762170105,-0.30000001192092896,0.3103092908859253,0.3256410248976746,-0.30000001192092896,-0.15483872192092896,-0.11818182992092896,-0.30000001192092896,-0.30000001192092896,-0.30000001192092896,0.30000001192092896,-0.30000001192092896,0.30000001192092896,-0.30000001192092896,-0.29984278252523805
1.2999999523162842,0.5732725722170104,-0.30000001192092896,0.3103092908859253,0.5222222208976746,-0.30000001192092896,-0.30000001192092896,-0.30000001192092896,-0.30000001192092896,-0.30000001192092896,-0.30000001192092896,0.30000001192092896,-0.30000001192092896,0.30000001192092896,-0.30000001192092896,-0.29954252052523805
1.2999999523162842,0.4517745862170105,-0.30000001192092896,0.3103092908859253,0.5222222208976746,-0.30000001192092896,-0.30000001192092896,-0.30000001192092896,-0.30000001192092896,-0.30000001192092896,-0.30000001192092896,0.30000001192092896,-0.30000001192092896,0.30000001192092896,-0.30000001192092896,-0.29914557052523805
1.2999999523162842,0.3027415362170105,-0.30000001192092896,0.3103092908859253,0.3598290588976746,-0.30000001192092896,-0.06612904392092894,-0.28989900192092893,-0.30000001192092896,-0.30000001192092896,-0.30000001192092896,1.114171134920929,-0.20871370492092894,0.9899074149209289,-0.30000001192092896,-0.254039731525238
1.2999999523162842,0.4212020502170105,-0.30000001192092896,0.3103092908859253,0.3598290588976746,-0.30000001192092896,-0.28387097992092897,-0.27979799192092897,-0.30000001192092896,-0.30000001192092896,-0.30000001192092896,0.30000001192092896,-0.30000001192092896,0.30000001192092896,-0.30000001192092896,-0.29980086952523805
1.2999999523162842,0.3318378982170105,-0.30000001192092896,0.3103092908859253,0.3598290588976746,-0.30000001192092896,-0.22741936692092896,-0.28989900192092893,-0.30000001192092896,-0.30000001192092896,-0.30000001192092896,0.861497337920929,-0.30000001192092896,0.30000001192092896,-0.30000001192092896,-0.28882910752523805
1.2999999523162842,0.4542213462170105,-0.30000001192092896,0.3103092908859253,0.5393162378976746,-0.30000001192092896,-0.30000001192092896,-0.30000001192092896,-0.30000001192092896,-0.30000001192092896,-0.30000001192092896,0.30000001192092896,-0.295850633920929,0.918342235920929,-0.30000001192092896,-0.299243588525238
1.2999999523162842,0.45149498221701045,-0.30000001192092896,0.3103092908859253,0.5222222208976746,-0.30000001192092896,-0.30000001192092896,-0.30000001192092896,-0.30000001192092896,-0.30000001192092896,-0.30000001192092896,0.30000001192092896,-0.295850633920929,1.018495879920929,-0.30000001192092896,-0.299435632525238
1.2999999523162842,0.4527067002170105,-0.30000001192092896,0.3103092908859253,0.5222222208976746,-0.30000001192092896,-0.30000001192092896,-0.30000001192092896,-0.30000001192092896,-0.30000001192092896,-0.30000001192092896,0.30000001192092896,-0.30000001192092896,0.30000001192092896,-0.30000001192092896,-0.299181052525238
1.2999999523162842,0.3605907382170105,-0.30000001192092896,0.3618556828859253,0.5222222208976746,-0.30000001192092896,-0.30000001192092896,-0.30000001192092896,-0.30000001192092896,-0.30000001192092896,-0.30000001192092896,0.30000001192092896,-0.24605810292092894,0.9164036419209289,-0.30000001192092896,-0.28198450652523804
1.2999999523162842,0.4833025622170105,-0.30000001192092896,0.3103092908859253,0.5136752128976746,-0.30000001192092896,-0.30000001192092896,-0.30000001192092896,-0.30000001192092896,-0.30000001192092896,-0.30000001192092896,0.30000001192092896,-0.30000001192092896,0.30000001192092896,-0.30000001192092896,-0.299901104925238
1.2999999523162842,0.3633425482170105,-0.30000001192092896,0.3103092908859253,0.4965811958976746,-0.30000001192092896,-0.30000001192092896,-0.30000001192092896,-0.30000001192092896,-0.30000001192092896,-0.30000001192092896,0.30000001192092896,-0.30000001192092896,0.30000001192092896,-0.30000001192092896,-0.28987181952523805
1.2999999523162842,0.48239377421701046,-0.30000001192092896,0.3103092908859253,0.5136752128976746,-0.30000001192092896,-0.30000001192092896,-0.30000001192092896,-0.30000001192092896,-0.30000001192092896,-0.30000001192092896,0.30000001192092896,-0.30000001192092896,0.30000001192092896,-0.30000001192092896,-0.299900661325238
1.2999999523162842,0.4536154882170105,-0.30000001192092896,0.3103092908859253,0.5307692298976746,-0.30000001192092896,-0.30000001192092896,-0.30000001192092896,-0.30000001192092896,-0.30000001192092896,-0.30000001192092896,0.30000001192092896,-0.295850633920929,1.1082968329209288,-0.30000001192092896,-0.299064628525238
1.2999999523162842,0.36302871321701047,-0.30000001192092896,0.3103092908859253,0.3769230758976746,-0.30000001192092896,-0.24354839892092894,-0.22929294092092894,-0.30000001192092896,-0.30000001192092896,-0.30000001192092896,0.30000001192092896,-0.30000001192092896,0.30000001192092896,-0.30000001192092896,-0.29984965652523804
1.2999999523162842,0.4230196262170105,-0.30000001192092896,0.3103092908859253,0.4965811958976746,-0.30000001192092896,-0.30000001192092896,-0.30000001192092896,-0.30000001192092896,-0.30000001192092896,-0.30000001192092896,0.30000001192092896,-0.30000001192092896,0.30000001192092896,-0.30000001192092896,-0.29885972352523804
1.2999999523162842,0.6029596462170105,-0.30000001192092896,0.3103092908859253,0.5222222208976746,-0.30000001192092896,-0.30000001192092896,-0.30000001192092896,-0.30000001192092896,-0.30000001192092896,-0.30000001192092896,0.30000001192092896,-0.29170125692092896,1.173585533920929,-0.30000001192092896,-0.299358238525238
1.2999999523162842,0.3618106352170105,-0.30000001192092896,0.3103092908859253,0.5136752128976746,-0.30000001192092896,-0.30000001192092896,-0.30000001192092896,-0.30000001192092896,-0.30000001192092896,-0.30000001192092896,0.30000001192092896,-0.2875518789209289,1.018495879920929,-0.30000001192092896,-0.27556878852523803
1.2999999523162842,0.3039620392170105,-0.30000001192092896,0.3103092908859253,0.3598290588976746,-0.30000001192092896,-0.08225807692092896,-0.28989900192092893,-0.30000001192092896,-0.30000001192092896,-0.30000001192092896,1.112165786920929,-0.30000001192092896,0.30000001192092896,-0.30000001192092896,-0.29984056452523805
1.2999999523162842,0.4826967032170105,-0.30000001192092896,0.3103092908859253,0.5222222208976746,-0.30000001192092896,-0.30000001192092896,-0.30000001192092896,-0.30000001192092896,-0.30000001192092896,-0.30000001192092896,0.30000001192092896,-0.30000001192092896,0.30000001192092896,-0.30000001192092896,-0.299614591525238
0.2999999523162842,0.3003074992170105,-0.27198199492092895,0.3000000128859253,0.3512820498976746,0.699999988079071,-0.30000001192092896,-0.30000001192092896,0.699999988079071,-0.28989900192092893,0.29751036107907103,0.30000001192092896,-0.30000001192092896,0.30000001192092896,-0.23333334492092894,-0.29471992052523804
1.2999999523162842,0.3621047792170105,-0.30000001192092896,0.3103092908859253,0.34273504189767456,-0.30000001192092896,-0.24354839892092894,-0.22929294092092894,-0.30000001192092896,-0.30000001192092896,-0.30000001192092896,0.30000001192092896,-0.30000001192092896,0.30000001192092896,-0.30000001192092896,-0.29984256052523806
1.2999999523162842,0.4523816562170105,-0.30000001192092896,0.3103092908859253,0.5222222208976746,-0.30000001192092896,-0.30000001192092896,-0.30000001192092896,-0.30000001192092896,-0.30000001192092896,-0.30000001192092896,0.30000001192092896,-0.295850633920929,0.911283526920929,-0.30000001192092896,-0.29882291152523804
1.2999999523162842,0.4832974122170105,-0.30000001192092896,0.3103092908859253,0.44529914389767455,-0.30000001192092896,-0.28387097992092897,-0.27979799192092897,-0.30000001192092896,-0.30000001192092896,-0.30000001192092896,0.30000001192092896,-0.30000001192092896,0.30000001192092896,-0.30000001192092896,-0.29986140952523804
1.2999999523162842,0.3006325422170105,-0.30000001192092896,0.4546391878859253,0.4794871778976746,-0.30000001192092896,-0.30000001192092896,-0.30000001192092896,-0.30000001192092896,-0.30000001192092896,-0.30000001192092896,0.30000001192092896,-0.24605810292092894,0.7381502899209289,-0.30000001192092896,-0.27408765852523803
1.2999999523162842,0.3033473952170105,-0.30000001192092896,0.3103092908859253,0.3256410248976746,-0.30000001192092896,-0.08225807692092896,-0.027272738920928963,-0.30000001192092896,-0.30000001192092896,-0.30000001192092896,0.33008022592092895,-0.11327801992092895,0.9899074149209289,-0.30000001192092896,-0.26692084152523804
1.2999999523162842,0.4829996322170105,-0.30000001192092896,0.3103092908859253,0.5136752128976746,-0.30000001192092896,-0.30000001192092896,-0.30000001192092896,-0.30000001192092896,-0.30000001192092896,-0.30000001192092896,0.30000001192092896,-0.30000001192092896,0.30000001192092896,-0.30000001192092896,-0.29990088312523805
1.2999999523162842,0.3015343632170105,-0.30000001192092896,0.3103092908859253,0.3598290588976746,-0.30000001192092896,-0.19516130192092895,-0.16868688092092896,-0.30000001192092896,-0.30000001192092896,-0.30000001192092896,0.35347594792092896,0.03195019507907104,1.014219106920929,-0.30000001192092896,-0.25301919552523805
1.2999999523162842,0.5135954942170105,-0.30000001192092896,0.3103092908859253,0.5051282038976745,-0.30000001192092896,-0.30000001192092896,-0.30000001192092896,-0.30000001192092896,-0.30000001192092896,-0.30000001192092896,0.30000001192092896,-0.30000001192092896,0.30000001192092896,-0.30000001192092896,-0.29990088312523805
1.2999999523162842,0.4829996322170105,-0.30000001192092896,0.3103092908859253,0.5136752128976746,-0.30000001192092896,-0.30000001192092896,-0.30000001192092896,-0.30000001192092896,-0.30000001192092896,-0.30000001192092896,0.30000001192092896,-0.295850633920929,1.105094860920929,-0.30000001192092896,-0.299471335525238
1.2999999523162842,0.4521008412170105,-0.30000001192092896,0.3103092908859253,0.5222222208976746,-0.30000001192092896,-0.30000001192092896,-0.30000001192092896,-0.30000001192092896,-0.30000001192092896,-0.30000001192092896,0.30000001192092896,-0.30000001192092896,0.30000001192092896,-0.30000001192092896,-0.29127245052523804
1.2999999523162842,0.42180790821701053,-0.30000001192092896,0.3103092908859253,0.5136752128976746,-0.30000001192092896,-0.30000001192092896,-0.30000001192092896,-0.30000001192092896,-0.30000001192092896,-0.30000001192092896,0.30000001192092896,-0.30000001192092896,0.30000001192092896,-0.30000001192092896,-0.29914579252523804
1.2999999523162842,0.5132925652170105,-0.30000001192092896,0.3103092908859253,0.5136752128976746,-0.30000001192092896,-0.30000001192092896,-0.30000001192092896,-0.30000001192092896,-0.30000001192092896,-0.30000001192092896,0.30000001192092896,-0.30000001192092896,0.30000001192092896,-0.30000001192092896,-0.299077712525238
1.2999999523162842,0.3339474982170105,-0.30000001192092896,0.3103092908859253,0.3683760668976746,-0.30000001192092896,-0.25161291492092897,-0.23939395092092897,-0.30000001192092896,-0.30000001192092896,-0.30000001192092896,0.30000001192092896,-0.30000001192092896,0.30000001192092896,-0.30000001192092896,-0.29984278252523805
1.2999999523162842,0.3606155782170105,-0.30000001192092896,0.44432990988592536,0.5393162378976746,-0.30000001192092896,-0.30000001192092896,-0.30000001192092896,-0.30000001192092896,-0.30000001192092896,-0.30000001192092896,0.30000001192092896,-0.24605810292092894,0.927652313920929,-0.30000001192092896,-0.276660731525238
1.2999999523162842,0.4212020502170105,-0.30000001192092896,0.3103092908859253,0.5051282038976745,-0.30000001192092896,-0.30000001192092896,-0.30000001192092896,-0.30000001192092896,-0.30000001192092896,-0.30000001192092896,0.30000001192092896,-0.30000001192092896,0.30000001192092896,-0.30000001192092896,-0.299900217825238
1.2999999523162842,0.5732725722170104,-0.30000001192092896,0.3103092908859253,0.5051282038976745,-0.30000001192092896,-0.30000001192092896,-0.30000001192092896,-0.30000001192092896,-0.30000001192092896,-0.30000001192092896,0.30000001192092896,-0.30000001192092896,0.30000001192092896,-0.30000001192092896,-0.299435632525238
1.2999999523162842,0.3006289072170105,-0.30000001192092896,0.48556702288592535,0.5393162378976746,-0.30000001192092896,-0.30000001192092896,-0.30000001192092896,0.699999988079071,-0.30000001192092896,-0.30000001192092896,0.30000001192092896,-0.24605810292092894,0.766034467920929,-0.30000001192092896,-0.272862216525238
1.2999999523162842,0.42180790821701053,-0.30000001192092896,0.3103092908859253,0.5222222208976746,-0.30000001192092896,-0.30000001192092896,-0.30000001192092896,-0.30000001192092896,-0.30000001192092896,-0.30000001192092896,0.30000001192092896,-0.2875518789209289,0.720415468920929,-0.30000001192092896,-0.29914557052523805
1.2999999523162842,0.3000297133170105,-0.30000001192092896,0.3103092908859253,0.2999999988976746,-0.30000001192092896,-0.07419355992092896,-0.28989900192092893,-0.30000001192092896,-0.30000001192092896,-0.30000001192092896,1.104812845920929,-0.22116183792092897,0.927652313920929,-0.30000001192092896,-0.24830703252523803
1.2999999523162842,0.4521008412170105,-0.30000001192092896,0.3103092908859253,0.4880341868976746,-0.30000001192092896,-0.29193549592092893,-0.28989900192092893,-0.30000001192092896,-0.30000001192092896,-0.30000001192092896,0.4610962689209289,0.23526969807907105,0.985206940920929,-0.30000001192092896,-0.275545282525238
1.2999999523162842,0.7544243092170104,-0.30000001192092896,0.3103092908859253,0.3769230758976746,-0.30000001192092896,-0.30000001192092896,-0.30000001192092896,-0.30000001192092896,-0.30000001192092896,-0.30000001192092896,0.30000001192092896,-0.30000001192092896,0.30000001192092896,-0.30000001192092896,-0.29990465302523805
1.2999999523162842,0.3618279022170105,-0.30000001192092896,0.3103092908859253,0.3769230758976746,-0.30000001192092896,-0.26774194692092895,-0.28989900192092893,-0.30000001192092896,-0.30000001192092896,-0.30000001192092896,0.727139048920929,0.04439832807907107,1.124763670920929,-0.30000001192092896,-0.255925794525238
1.2999999523162842,0.3918179052170105,-0.30000001192092896,0.3103092908859253,0.4880341868976746,-0.30000001192092896,-0.30000001192092896,-0.30000001192092896,-0.30000001192092896,-0.30000001192092896,-0.30000001192092896,0.30000001192092896,-0.30000001192092896,0.30000001192092896,-0.30000001192092896,-0.299870945525238
1.2999999523162842,0.5126867062170105,-0.30000001192092896,0.3103092908859253,0.5307692298976746,-0.30000001192092896,-0.30000001192092896,-0.30000001192092896,-0.30000001192092896,-0.30000001192092896,-0.30000001192092896,0.30000001192092896,-0.30000001192092896,0.30000001192092896,-0.30000001192092896,-0.29956070452523803
1.2999999523162842,0.3039684002170105,-0.30000001192092896,0.3103092908859253,0.34273504189767456,-0.30000001192092896,-0.21129033492092897,-0.28989900192092893,-0.30000001192092896,-0.30000001192092896,-0.30000001192092896,0.961764717920929,-0.10082988792092895,1.1082968329209288,-0.30000001192092896,-0.251578203525238
1.2999999523162842,0.4517979122170105,-0.30000001192092896,0.3103092908859253,0.5051282038976745,-0.30000001192092896,-0.30000001192092896,-0.30000001192092896,-0.30000001192092896,-0.30000001192092896,-0.30000001192092896,0.30000001192092896,-0.30000001192092896,0.30000001192092896,-0.30000001192092896,-0.299897113525238
1.2999999523162842,0.3033537572170105,-0.30000001192092896,0.3103092908859253,0.3598290588976746,-0.30000001192092896,-0.18709678592092896,-0.28989900192092893,-0.30000001192092896,-0.30000001192092896,-0.30000001192092896,1.011229958920929,-0.30000001192092896,0.30000001192092896,-0.30000001192092896,-0.29984056452523805
1.2999999523162842,0.3930296222170105,-0.30000001192092896,0.3103092908859253,0.5222222208976746,-0.30000001192092896,-0.30000001192092896,-0.30000001192092896,-0.30000001192092896,-0.30000001192092896,-0.30000001192092896,0.30000001192092896,-0.30000001192092896,0.30000001192092896,-0.30000001192092896,-0.29964009452523804
1.2999999523162842,0.5129641892170105,-0.30000001192092896,0.3103092908859253,0.5222222208976746,-0.30000001192092896,-0.30000001192092896,-0.30000001192092896,-0.30000001192092896,-0.30000001192092896,-0.30000001192092896,0.30000001192092896,-0.30000001192092896,0.30000001192092896,-0.30000001192092896,-0.29990088312523805
1.2999999523162842,0.9361819052170105,-0.30000001192092896,0.3103092908859253,0.3769230758976746,-0.30000001192092896,-0.30000001192092896,-0.30000001192092896,-0.30000001192092896,-0.30000001192092896,-0.30000001192092896,0.30000001192092896,-0.30000001192092896,0.30000001192092896,-0.30000001192092896,-0.29973811152523805
1.2999999523162842,0.3321144732170105,-0.30000001192092896,0.3103092908859253,0.34273504189767456,-0.30000001192092896,-0.25161291492092897,-0.23939395092092897,-0.30000001192092896,-0.30000001192092896,-0.30000001192092896,0.825401081920929,0.24356845307907105,0.695747523920929,-0.30000001192092896,-0.24725168052523805
1.2999999523162842,0.4817770092170105,-0.30000001192092896,0.3103092908859253,0.5222222208976746,-0.30000001192092896,-0.30000001192092896,-0.30000001192092896,-0.30000001192092896,-0.30000001192092896,-0.30000001192092896,0.30000001192092896,-0.30000001192092896,0.30000001192092896,-0.30000001192092896,-0.299901104925238
1.2999999523162842,0.45149498221701045,-0.30000001192092896,0.3103092908859253,0.5307692298976746,-0.30000001192092896,-0.29193549592092893,-0.28989900192092893,-0.30000001192092896,-0.30000001192092896,-0.30000001192092896,0.4610962689209289,0.20622405407907107,0.9044411749209289,-0.30000001192092896,-0.286582685525238
1.2999999523162842,0.4223843832170105,-0.30000001192092896,0.3103092908859253,0.5222222208976746,-0.30000001192092896,-0.30000001192092896,-0.30000001192092896,-0.30000001192092896,-0.30000001192092896,-0.30000001192092896,0.30000001192092896,-0.29170125692092896,0.721907532920929,-0.30000001192092896,-0.299358238525238
1.2999999523162842,0.30213507221701047,-0.30000001192092896,0.3103092908859253,0.3598290588976746,-0.30000001192092896,-0.20322581792092898,-0.17878789092092895,-0.30000001192092896,-0.30000001192092896,-0.30000001192092896,0.30000001192092896,-0.30000001192092896,0.30000001192092896,-0.30000001192092896,-0.29984078652523805
1.2999999523162842,0.39211962221701047,-0.30000001192092896,0.3103092908859253,0.5222222208976746,-0.30000001192092896,-0.30000001192092896,-0.30000001192092896,-0.30000001192092896,-0.30000001192092896,-0.30000001192092896,0.30000001192092896,-0.30000001192092896,0.30000001192092896,-0.30000001192092896,-0.299218308525238
1.2999999523162842,0.30545336021701047,-0.30000001192092896,0.3103092908859253,0.3256410248976746,-0.30000001192092896,-0.05806452792092895,0.0030302910790710458,-0.30000001192092896,-0.30000001192092896,-0.30000001192092896,1.122192524920929,-0.12987553092092896,0.831649561920929,-0.30000001192092896,-0.24671280552523803
1.2999999523162842,0.3915149762170105,-0.30000001192092896,0.3103092908859253,0.3512820498976746,-0.30000001192092896,-0.27580646392092895,-0.26969698192092895,-0.30000001192092896,-0.30000001192092896,-0.30000001192092896,0.30000001192092896,-0.30000001192092896,0.30000001192092896,-0.30000001192092896,-0.299855865525238
1.2999999523162842,0.42271669621701047,-0.30000001192092896,0.3103092908859253,0.5222222208976746,-0.30000001192092896,-0.30000001192092896,-0.30000001192092896,-0.30000001192092896,-0.30000001192092896,-0.30000001192092896,0.30000001192092896,-0.295850633920929,0.798222310920929,-0.30000001192092896,-0.29896993752523804
1.2999999523162842,0.3612087142170105,-0.30000001192092896,0.4237113528859253,0.5393162378976746,-0.30000001192092896,-0.30000001192092896,-0.30000001192092896,-0.30000001192092896,-0.30000001192092896,-0.30000001192092896,0.30000001192092896,-0.24605810292092894,0.940819772920929,-0.30000001192092896,-0.28765888352523805
1.2999999523162842,0.36149528521701046,-0.30000001192092896,0.3103092908859253,0.46239316089767457,-0.30000001192092896,-0.30000001192092896,-0.30000001192092896,-0.30000001192092896,-0.30000001192092896,-0.30000001192092896,0.30000001192092896,-0.30000001192092896,0.30000001192092896,-0.30000001192092896,-0.299870280525238
0.2999999523162842,0.3012235582170105,-0.20986927192092897,0.3000000128859253,0.3598290588976746,0.699999988079071,-0.30000001192092896,-0.30000001192092896,0.699999988079071,-0.21919193092092895,0.09834023707907102,0.30000001192092896,-0.30000001192092896,0.30000001192092896,0.09999998807907107,-0.29642281052523806
1.2999999523162842,0.4829996322170105,-0.30000001192092896,0.3103092908859253,0.5222222208976746,-0.30000001192092896,-0.30000001192092896,-0.30000001192092896,-0.30000001192092896,-0.30000001192092896,-0.30000001192092896,0.30000001192092896,-0.295850633920929,0.856131456920929,-0.30000001192092896,-0.299358238525238
1.2999999523162842,0.3027454742170105,-0.30000001192092896,0.3103092908859253,0.3512820498976746,-0.30000001192092896,0.05483869807907105,0.14444443207907104,-0.30000001192092896,-0.30000001192092896,-0.30000001192092896,0.30000001192092896,-0.30000001192092896,0.30000001192092896,-0.30000001192092896,-0.29983989952523804
1.2999999523162842,0.5120808482170105,-0.30000001192092896,0.3103092908859253,0.5136752128976746,-0.30000001192092896,-0.30000001192092896,-0.30000001192092896,-0.30000001192092896,-0.30000001192092896,-0.30000001192092896,0.30000001192092896,-0.30000001192092896,0.30000001192092896,-0.30000001192092896,-0.299578666525238
1.2999999523162842,0.3605877092170105,-0.30000001192092896,0.3515464048859253,0.5393162378976746,-0.30000001192092896,-0.30000001192092896,-0.30000001192092896,-0.30000001192092896,-0.30000001192092896,-0.30000001192092896,0.30000001192092896,-0.24605810292092894,0.800400685920929,-0.30000001192092896,-0.27644118952523805
1.2999999523162842,0.3024486042170105,-0.30000001192092896,0.3103092908859253,0.3683760668976746,-0.30000001192092896,-0.26774194692092895,-0.259595971920929,-0.30000001192092896,-0.30000001192092896,-0.30000001192092896,0.30000001192092896,-0.30000001192092896,0.30000001192092896,-0.30000001192092896,-0.29983701652523803
1.2999999523162842,0.4529923622170105,-0.30000001192092896,0.3103092908859253,0.5393162378976746,-0.30000001192092896,-0.30000001192092896,-0.30000001192092896,-0.30000001192092896,-0.30000001192092896,-0.30000001192092896,0.30000001192092896,-0.30000001192092896,0.30000001192092896,-0.30000001192092896,-0.299002092525238
1.2999999523162842,0.3312181052170105,-0.30000001192092896,0.3103092908859253,0.34273504189767456,-0.30000001192092896,-0.18709678592092896,-0.28989900192092893,-0.30000001192092896,-0.30000001192092896,-0.30000001192092896,1.007887712920929,-0.12157677492092894,1.003730975920929,-0.30000001192092896,-0.24870730852523804
1.2999999523162842,0.4517979122170105,-0.30000001192092896,0.3103092908859253,0.5136752128976746,-0.30000001192092896,-0.30000001192092896,-0.30000001192092896,-0.30000001192092896,-0.30000001192092896,-0.30000001192092896,0.30000001192092896,-0.295850633920929,0.7071134619209289,-0.30000001192092896,-0.29695170652523806
1.2999999523162842,0.4236254842170105,-0.30000001192092896,0.3103092908859253,0.5222222208976746,-0.30000001192092896,-0.30000001192092896,-0.30000001192092896,-0.30000001192092896,-0.30000001192092896,-0.30000001192092896,0.30000001192092896,-0.30000001192092896,0.30000001192092896,-0.30000001192092896,-0.299217642525238
1.2999999523162842,0.5426767102170105,-0.30000001192092896,0.3103092908859253,0.5222222208976746,-0.30000001192092896,-0.30000001192092896,-0.30000001192092896,-0.30000001192092896,-0.30000001192092896,-0.30000001192092896,0.30000001192092896,-0.30000001192092896,0.30000001192092896,-0.30000001192092896,-0.29990088312523805
1.2999999523162842,0.30031931421701047,-0.30000001192092896,0.3103092908859253,0.3256410248976746,-0.30000001192092896,-0.23548388292092895,-0.21919193092092895,-0.30000001192092896,-0.30000001192092896,-0.30000001192092896,0.30000001192092896,-0.30000001192092896,0.30000001192092896,-0.30000001192092896,-0.29983856852523805
1.2999999523162842,0.4517979122170105,-0.30000001192092896,0.3103092908859253,0.5222222208976746,-0.30000001192092896,-0.30000001192092896,-0.30000001192092896,-0.30000001192092896,-0.30000001192092896,-0.30000001192092896,0.30000001192092896,-0.30000001192092896,0.30000001192092896,-0.30000001192092896,-0.29990043962523805
1.2999999523162842,0.45149498221701045,-0.30000001192092896,0.3103092908859253,0.5222222208976746,-0.30000001192092896,-0.30000001192092896,-0.30000001192092896,-0.30000001192092896,-0.30000001192092896,-0.30000001192092896,0.30000001192092896,-0.30000001192092896,0.30000001192092896,-0.30000001192092896,-0.29990088312523805
1.2999999523162842,0.3912099262170105,-0.30000001192092896,0.3103092908859253,0.5222222208976746,-0.30000001192092896,-0.30000001192092896,-0.30000001192092896,-0.30000001192092896,-0.30000001192092896,-0.30000001192092896,0.30000001192092896,-0.30000001192092896,0.30000001192092896,-0.30000001192092896,-0.29918482252523804
1.2999999523162842,0.8453031072170105,-0.30000001192092896,0.3103092908859253,0.3769230758976746,-0.30000001192092896,-0.30000001192092896,-0.30000001192092896,-0.30000001192092896,-0.30000001192092896,-0.30000001192092896,0.30000001192092896,-0.30000001192092896,0.30000001192092896,-0.30000001192092896,-0.29990465302523805
1.2999999523162842,0.42271669621701047,-0.30000001192092896,0.3103092908859253,0.5051282038976745,-0.30000001192092896,-0.30000001192092896,-0.30000001192092896,-0.30000001192092896,-0.30000001192092896,-0.30000001192092896,0.30000001192092896,-0.295850633920929,0.976949329920929,-0.30000001192092896,-0.29964186852523805
1.2999999523162842,0.4533125582170105,-0.30000001192092896,0.3103092908859253,0.3170940158976746,-0.30000001192092896,-0.25967743092092893,-0.24949496092092896,-0.30000001192092896,-0.30000001192092896,-0.30000001192092896,0.30000001192092896,-0.30000001192092896,0.30000001192092896,-0.30000001192092896,-0.29654300352523805
1.2999999523162842,0.5423737802170105,-0.30000001192092896,0.3103092908859253,0.5222222208976746,-0.30000001192092896,-0.30000001192092896,-0.30000001192092896,-0.30000001192092896,-0.30000001192092896,-0.30000001192092896,0.30000001192092896,-0.30000001192092896,0.30000001192092896,-0.30000001192092896,-0.299901104925238
1.2999999523162842,0.3321344662170105,-0.30000001192092896,0.3103092908859253,0.3512820498976746,-0.30000001192092896,-0.10645162492092897,-0.05757576992092894,-0.30000001192092896,-0.30000001192092896,-0.30000001192092896,0.30000001192092896,-0.30000001192092896,0.30000001192092896,-0.30000001192092896,-0.29983768152523804
1.2999999523162842,0.5129896362170105,-0.30000001192092896,0.3103092908859253,0.5051282038976745,-0.30000001192092896,-0.30000001192092896,-0.30000001192092896,-0.30000001192092896,-0.30000001192092896,-0.30000001192092896,0.30000001192092896,-0.295850633920929,1.020383467920929,-0.30000001192092896,-0.29904156552523803
1.2999999523162842,0.3921208342170105,-0.30000001192092896,0.3103092908859253,0.38547008389767456,-0.30000001192092896,-0.29193549592092893,-0.28989900192092893,-0.30000001192092896,-0.30000001192092896,-0.30000001192092896,0.4610962689209289,0.699999988079071,0.897304123920929,-0.30000001192092896,-0.24921912852523803
1.2999999523162842,0.3342349782170105,-0.30000001192092896,0.3103092908859253,0.34273504189767456,-0.30000001192092896,-0.25967743092092893,-0.28989900192092893,-0.30000001192092896,-0.30000001192092896,-0.30000001192092896,0.7812834339209289,-0.30000001192092896,0.30000001192092896,-0.30000001192092896,-0.299843447525238
1.2999999523162842,0.3315131582170105,-0.30000001192092896,0.3103092908859253,0.33418803289767457,-0.30000001192092896,-0.25967743092092893,-0.28989900192092893,-0.30000001192092896,-0.30000001192092896,-0.30000001192092896,0.7812834339209289,-0.30000001192092896,0.30000001192092896,-0.30000001192092896,-0.29983967752523805
1.2999999523162842,0.4221011442170105,-0.30000001192092896,0.3103092908859253,0.4025641018976746,-0.30000001192092896,-0.29193549592092893,-0.28989900192092893,-0.30000001192092896,-0.30000001192092896,-0.30000001192092896,0.4610962689209289,-0.30000001192092896,0.30000001192092896,-0.30000001192092896,-0.259873109525238
1.2999999523162842,0.4820769092170105,-0.30000001192092896,0.4134020748859253,0.5393162378976746,-0.30000001192092896,-0.30000001192092896,-0.30000001192092896,-0.30000001192092896,-0.30000001192092896,-0.30000001192092896,0.30000001192092896,-0.24605810292092894,1.300000011920929,-0.30000001192092896,-0.29363352252523806
1.2999999523162842,0.4517845832170105,-0.30000001192092896,0.3103092908859253,0.3512820498976746,-0.30000001192092896,-0.20322581792092898,-0.17878789092092895,-0.30000001192092896,-0.30000001192092896,-0.30000001192092896,0.30000001192092896,-0.30000001192092896,0.30000001192092896,-0.30000001192092896,-0.299855865525238
1.2999999523162842,0.4221108382170105,-0.30000001192092896,0.3103092908859253,0.5136752128976746,-0.30000001192092896,-0.30000001192092896,-0.30000001192092896,-0.30000001192092896,-0.30000001192092896,-0.30000001192092896,0.30000001192092896,-0.30000001192092896,0.30000001192092896,-0.30000001192092896,-0.299507482525238
1.2999999523162842,0.3045742592170105,-0.30000001192092896,0.3103092908859253,0.3512820498976746,-0.30000001192092896,-0.24354839892092894,-0.28989900192092893,-0.30000001192092896,-0.30000001192092896,-0.30000001192092896,0.861497337920929,-0.06348548892092895,1.126473973920929,-0.30000001192092896,-0.25167511252523805
1.2999999523162842,0.4236254842170105,-0.30000001192092896,0.3103092908859253,0.5136752128976746,-0.30000001192092896,-0.30000001192092896,-0.30000001192092896,-0.30000001192092896,-0.30000001192092896,-0.30000001192092896,0.30000001192092896,-0.30000001192092896,0.30000001192092896,-0.30000001192092896,-0.299896891525238
1.2999999523162842,0.3908891242170105,-0.30000001192092896,0.4546391878859253,0.5393162378976746,-0.30000001192092896,-0.30000001192092896,-0.30000001192092896,-0.30000001192092896,-0.30000001192092896,-0.30000001192092896,0.30000001192092896,-0.24605810292092894,1.119382977920929,-0.30000001192092896,-0.294538521525238
1.2999999523162842,0.3318309312170105,-0.30000001192092896,0.3103092908859253,0.3683760668976746,-0.30000001192092896,-0.20322581792092898,-0.17878789092092895,-0.30000001192092896,-0.30000001192092896,-0.30000001192092896,0.30000001192092896,-0.30000001192092896,0.30000001192092896,-0.30000001192092896,-0.275668580525238
1.2999999523162842,0.3018457742170105,-0.30000001192092896,0.3103092908859253,0.34273504189767456,-0.30000001192092896,-0.10645162492092897,-0.05757576992092894,-0.30000001192092896,-0.30000001192092896,-0.30000001192092896,0.30000001192092896,-0.30000001192092896,0.30000001192092896,-0.30000001192092896,-0.29983967752523805
1.2999999523162842,0.4823698422170105,-0.30000001192092896,0.3103092908859253,0.5222222208976746,-0.30000001192092896,-0.30000001192092896,-0.30000001192092896,-0.30000001192092896,-0.30000001192092896,-0.30000001192092896,0.30000001192092896,-0.30000001192092896,0.30000001192092896,-0.30000001192092896,-0.29990088312523805
1.2999999523162842,0.4227018532170105,-0.30000001192092896,0.3103092908859253,0.5222222208976746,-0.30000001192092896,-0.29193549592092893,-0.28989900192092893,-0.30000001192092896,-0.30000001192092896,-0.30000001192092896,0.4610962689209289,-0.30000001192092896,0.30000001192092896,-0.30000001192092896,-0.28144363552523805
1.2999999523162842,0.5132637872170105,-0.30000001192092896,0.3103092908859253,0.5222222208976746,-0.30000001192092896,-0.30000001192092896,-0.30000001192092896,-0.30000001192092896,-0.30000001192092896,-0.30000001192092896,0.30000001192092896,-0.30000001192092896,0.30000001192092896,-0.30000001192092896,-0.29990043962523805
1.2999999523162842,0.4524037702170105,-0.30000001192092896,0.3103092908859253,0.3598290588976746,-0.30000001192092896,-0.25967743092092893,-0.24949496092092896,-0.30000001192092896,-0.30000001192092896,-0.30000001192092896,0.30000001192092896,-0.30000001192092896,0.30000001192092896,-0.30000001192092896,-0.29985542252523806
1.2999999523162842,0.4236076112170105,-0.30000001192092896,0.3103092908859253,0.5222222208976746,-0.30000001192092896,-0.30000001192092896,-0.30000001192092896,-0.30000001192092896,-0.30000001192092896,-0.30000001192092896,0.30000001192092896,-0.29170125692092896,0.830881789920929,-0.30000001192092896,-0.299810627525238
1.2999999523162842,0.3009327452170105,-0.30000001192092896,0.3103092908859253,0.3512820498976746,-0.30000001192092896,-0.24354839892092894,-0.28989900192092893,-0.30000001192092896,-0.30000001192092896,-0.30000001192092896,0.861497337920929,-0.30000001192092896,0.30000001192092896,-0.30000001192092896,-0.29983923452523803
1.2999999523162842,0.4221108382170105,-0.30000001192092896,0.3103092908859253,0.5051282038976745,-0.30000001192092896,-0.30000001192092896,-0.30000001192092896,-0.30000001192092896,-0.30000001192092896,-0.30000001192092896,0.30000001192092896,-0.30000001192092896,0.30000001192092896,-0.30000001192092896,-0.28157026052523804
1.2999999523162842,0.3012408252170105,-0.30000001192092896,0.6608247548859253,0.2999999988976746,-0.30000001192092896,-0.26774194692092895,-0.28989900192092893,-0.30000001192092896,-0.30000001192092896,-0.30000001192092896,0.624197872920929,0.363900403079071,0.808402569920929,-0.30000001192092896,-0.24860241552523804
1.2999999523162842,0.4820908442170105,-0.30000001192092896,0.3103092908859253,0.5136752128976746,-0.30000001192092896,-0.30000001192092896,-0.30000001192092896,-0.30000001192092896,-0.30000001192092896,-0.30000001192092896,0.30000001192092896,-0.30000001192092896,0.30000001192092896,-0.30000001192092896,-0.299673358525238
1.2999999523162842,0.4233225552170105,-0.30000001192092896,0.3103092908859253,0.3940170928976746,-0.30000001192092896,-0.24354839892092894,-0.22929294092092894,-0.30000001192092896,-0.30000001192092896,-0.30000001192092896,0.30000001192092896,-0.30000001192092896,0.30000001192092896,-0.30000001192092896,-0.299856309525238
1.2999999523162842,0.3302981082170105,-0.30000001192092896,0.3103092908859253,0.3512820498976746,-0.30000001192092896,-0.21129033492092897,-0.18888890092092897,-0.30000001192092896,-0.30000001192092896,-0.30000001192092896,0.30000001192092896,-0.30000001192092896,0.30000001192092896,-0.30000001192092896,-0.29984078652523805
1.2999999523162842,0.3917924592170105,-0.30000001192092896,0.3103092908859253,0.3598290588976746,-0.30000001192092896,-0.27580646392092895,-0.26969698192092895,-0.30000001192092896,-0.30000001192092896,-0.30000001192092896,0.30000001192092896,-0.30000001192092896,0.30000001192092896,-0.30000001192092896,-0.299857418525238
1.2999999523162842,0.4517979122170105,-0.30000001192092896,0.3103092908859253,0.38547008389767456,-0.30000001192092896,-0.25967743092092893,-0.24949496092092896,-0.30000001192092896,-0.30000001192092896,-0.30000001192092896,0.30000001192092896,-0.30000001192092896,0.30000001192092896,-0.30000001192092896,-0.299856087525238
1.2999999523162842,0.4823704482170105,-0.30000001192092896,0.3103092908859253,0.5307692298976746,-0.30000001192092896,-0.30000001192092896,-0.30000001192092896,-0.30000001192092896,-0.30000001192092896,-0.30000001192092896,0.30000001192092896,-0.30000001192092896,0.30000001192092896,-0.30000001192092896,-0.299900217825238
1.2999999523162842,0.4820908442170105,-0.30000001192092896,0.3103092908859253,0.5222222208976746,-0.30000001192092896,-0.30000001192092896,-0.30000001192092896,-0.30000001192092896,-0.30000001192092896,-0.30000001192092896,0.30000001192092896,-0.30000001192092896,0.30000001192092896,-0.30000001192092896,-0.29990043962523805
1.2999999523162842,0.3036642592170105,-0.30000001192092896,0.3412371258859253,0.5307692298976746,-0.30000001192092896,-0.24354839892092894,-0.28989900192092893,-0.30000001192092896,-0.30000001192092896,-0.30000001192092896,0.8327540229209289,0.19792529907907103,0.9026445069209289,-0.30000001192092896,-0.24770783852523803
1.2999999523162842,0.3015437542170105,-0.30000001192092896,0.3103092908859253,0.34273504189767456,-0.30000001192092896,-0.09032259292092895,-0.03737374892092893,-0.30000001192092896,-0.30000001192092896,-0.30000001192092896,0.30000001192092896,-0.30000001192092896,0.30000001192092896,-0.30000001192092896,-0.29983923452523803
1.2999999523162842,0.3027424452170105,-0.30000001192092896,0.3103092908859253,0.33418803289767457,-0.30000001192092896,-0.09838710892092895,-0.28989900192092893,-0.30000001192092896,-0.30000001192092896,-0.30000001192092896,1.1021390489209288,-0.30000001192092896,0.30000001192092896,-0.30000001192092896,-0.29983790352523804
1.2999999523162842,0.3303120432170105,-0.30000001192092896,0.6298969198859253,0.5393162378976746,-0.30000001192092896,-0.28387097992092897,-0.28989900192092893,-0.30000001192092896,-0.30000001192092896,-0.30000001192092896,0.36617648292092897,0.11078837007907105,0.913875549920929,-0.30000001192092896,-0.28583446952523806
1.2999999523162842,0.7241313762170105,-0.30000001192092896,0.3103092908859253,0.3769230758976746,-0.30000001192092896,-0.30000001192092896,-0.30000001192092896,-0.30000001192092896,-0.30000001192092896,-0.30000001192092896,0.30000001192092896,-0.30000001192092896,0.30000001192092896,-0.30000001192092896,-0.299904431225238
1.2999999523162842,0.4223834742170105,-0.30000001192092896,0.3103092908859253,0.4282051268976746,-0.30000001192092896,-0.29193549592092893,-0.28989900192092893,-0.30000001192092896,-0.30000001192092896,-0.30000001192092896,0.4610962689209289,-0.30000001192092896,0.30000001192092896,-0.30000001192092896,-0.299863184525238
1.2999999523162842,0.3309291102170105,-0.30000001192092896,0.3103092908859253,0.3769230758976746,-0.30000001192092896,-0.30000001192092896,-0.30000001192092896,-0.30000001192092896,-0.30000001192092896,-0.30000001192092896,0.30000001192092896,-0.30000001192092896,0.30000001192092896,-0.30000001192092896,-0.27888165052523806
1.2999999523162842,0.5738784302170106,-0.30000001192092896,0.3103092908859253,0.5136752128976746,-0.30000001192092896,-0.30000001192092896,-0.30000001192092896,-0.30000001192092896,-0.30000001192092896,-0.30000001192092896,0.30000001192092896,-0.30000001192092896,0.30000001192092896,-0.30000001192092896,-0.29893423452523804
1.2999999523162842,0.3024322462170105,-0.30000001192092896,0.3103092908859253,0.33418803289767457,-0.30000001192092896,-0.14677420592092896,-0.10808081992092897,-0.30000001192092896,-0.30000001192092896,-0.30000001192092896,0.30000001192092896,-0.30000001192092896,0.30000001192092896,-0.30000001192092896,-0.29983923452523803
1.2999999523162842,0.4212020502170105,-0.30000001192092896,0.3103092908859253,0.5136752128976746,-0.30000001192092896,-0.30000001192092896,-0.30000001192092896,-0.30000001192092896,-0.30000001192092896,-0.30000001192092896,0.30000001192092896,-0.30000001192092896,0.30000001192092896,-0.30000001192092896,-0.299614591525238
1.2999999523162842,0.4211908412170105,-0.30000001192092896,0.4134020748859253,0.5393162378976746,-0.30000001192092896,-0.30000001192092896,-0.30000001192092896,-0.30000001192092896,-0.30000001192092896,-0.30000001192092896,0.30000001192092896,-0.24605810292092894,0.913875549920929,-0.30000001192092896,-0.29483656652523804
1.2999999523162842,0.5126867062170105,-0.30000001192092896,0.3103092908859253,0.5222222208976746,-0.30000001192092896,-0.30000001192092896,-0.30000001192092896,-0.30000001192092896,-0.30000001192092896,-0.30000001192092896,0.30000001192092896,-0.30000001192092896,0.30000001192092896,-0.30000001192092896,-0.299900661325238
1.2999999523162842,0.42150497921701047,-0.30000001192092896,0.3103092908859253,0.38547008389767456,-0.30000001192092896,-0.26774194692092895,-0.28989900192092893,-0.30000001192092896,-0.30000001192092896,-0.30000001192092896,0.6970588359209289,-0.30000001192092896,0.30000001192092896,-0.30000001192092896,-0.271292382525238
1.2999999523162842,0.36061618421701047,-0.30000001192092896,0.3103092908859253,0.3940170928976746,-0.30000001192092896,-0.30000001192092896,-0.30000001192092896,-0.30000001192092896,-0.30000001192092896,-0.30000001192092896,0.30000001192092896,-0.30000001192092896,0.30000001192092896,-0.30000001192092896,-0.27141545952523805
1.2999999523162842,0.42178367421701046,-0.30000001192092896,0.3103092908859253,0.41965811889767457,-0.30000001192092896,-0.30000001192092896,-0.30000001192092896,-0.30000001192092896,-0.30000001192092896,-0.30000001192092896,0.30000001192092896,-0.30000001192092896,0.30000001192092896,-0.30000001192092896,-0.299870723525238
1.2999999523162842,0.48239377421701046,-0.30000001192092896,0.3103092908859253,0.5136752128976746,-0.30000001192092896,-0.30000001192092896,-0.30000001192092896,-0.30000001192092896,-0.30000001192092896,-0.30000001192092896,0.30000001192092896,-0.295850633920929,1.1441927509209289,-0.30000001192092896,-0.29897570352523806
1.2999999523162842,0.3024322462170105,-0.30000001192092896,0.3103092908859253,0.34273504189767456,-0.30000001192092896,-0.22741936692092896,-0.28989900192092893,-0.30000001192092896,-0.30000001192092896,-0.30000001192092896,0.919652417920929,-0.30000001192092896,0.30000001192092896,-0.30000001192092896,-0.29983967752523805
1.2999999523162842,0.3908836712170105,-0.30000001192092896,0.4546391878859253,0.4111111098976746,-0.30000001192092896,-0.30000001192092896,-0.30000001192092896,-0.30000001192092896,-0.30000001192092896,-0.30000001192092896,0.30000001192092896,-0.24605810292092894,0.572031290920929,-0.30000001192092896,-0.295166765525238
1.2999999523162842,0.4221108382170105,-0.30000001192092896,0.3103092908859253,0.5051282038976745,-0.30000001192092896,-0.30000001192092896,-0.30000001192092896,-0.30000001192092896,-0.30000001192092896,-0.30000001192092896,0.30000001192092896,-0.30000001192092896,0.30000001192092896,-0.30000001192092896,-0.29943585352523805
1.2999999523162842,0.3306180022170105,-0.30000001192092896,0.3103092908859253,0.3683760668976746,-0.30000001192092896,-0.30000001192092896,-0.30000001192092896,-0.30000001192092896,-0.30000001192092896,-0.30000001192092896,0.30000001192092896,-0.30000001192092896,0.30000001192092896,-0.30000001192092896,-0.299896004525238
1.2999999523162842,0.4233225552170105,-0.30000001192092896,0.3103092908859253,0.5136752128976746,-0.30000001192092896,-0.30000001192092896,-0.30000001192092896,-0.30000001192092896,-0.30000001192092896,-0.30000001192092896,0.30000001192092896,-0.30000001192092896,0.30000001192092896,-0.30000001192092896,-0.29896683252523804
1.2999999523162842,0.3042601212170105,-0.30000001192092896,0.3103092908859253,0.3598290588976746,-0.30000001192092896,-0.20322581792092898,-0.17878789092092895,-0.30000001192092896,-0.30000001192092896,-0.30000001192092896,0.30000001192092896,-0.30000001192092896,0.30000001192092896,-0.30000001192092896,-0.29984034252523806
1.2999999523162842,0.45149498221701045,-0.30000001192092896,0.3103092908859253,0.34273504189767456,-0.30000001192092896,-0.26774194692092895,-0.259595971920929,-0.30000001192092896,-0.30000001192092896,-0.30000001192092896,0.30000001192092896,-0.30000001192092896,0.30000001192092896,-0.30000001192092896,-0.29985564452523805
1.2999999523162842,0.4521008412170105,-0.30000001192092896,0.3103092908859253,0.5307692298976746,-0.30000001192092896,-0.30000001192092896,-0.30000001192092896,-0.30000001192092896,-0.30000001192092896,-0.30000001192092896,0.30000001192092896,-0.30000001192092896,0.30000001192092896,-0.30000001192092896,-0.299870723525238
1.2999999523162842,0.3000051760170105,-0.30000001192092896,0.3103092908859253,0.2999999988976746,-0.30000001192092896,-0.14677420592092896,-0.28989900192092893,-0.30000001192092896,-0.30000001192092896,-0.30000001192092896,1.062032097920929,-0.30000001192092896,0.30000001192092896,-0.30000001192092896,-0.299949004925238
1.2999999523162842,0.36061618421701047,-0.30000001192092896,0.3103092908859253,0.4282051268976746,-0.30000001192092896,-0.30000001192092896,-0.30000001192092896,-0.30000001192092896,-0.30000001192092896,-0.30000001192092896,0.30000001192092896,-0.30000001192092896,0.30000001192092896,-0.30000001192092896,-0.29127156352523803
1.2999999523162842,0.4530096292170105,-0.30000001192092896,0.3103092908859253,0.5307692298976746,-0.30000001192092896,-0.30000001192092896,-0.30000001192092896,-0.30000001192092896,-0.30000001192092896,-0.30000001192092896,0.30000001192092896,-0.30000001192092896,0.30000001192092896,-0.30000001192092896,-0.29990132662523805
1.2999999523162842,0.3000048730870105,-0.30000001192092896,0.3103092908859253,0.2999999988976746,-0.30000001192092896,-0.27580646392092895,-0.26969698192092895,-0.30000001192092896,-0.30000001192092896,-0.30000001192092896,0.30000001192092896,-0.30000001192092896,0.30000001192092896,-0.30000001192092896,-0.299949448425238
1.2999999523162842,0.45149498221701045,-0.30000001192092896,0.3103092908859253,0.5222222208976746,-0.30000001192092896,-0.30000001192092896,-0.30000001192092896,-0.30000001192092896,-0.30000001192092896,-0.30000001192092896,0.30000001192092896,-0.30000001192092896,0.30000001192092896,-0.30000001192092896,-0.299344932525238
1.2999999523162842,0.3327466862170105,-0.30000001192092896,0.3103092908859253,0.3940170928976746,-0.30000001192092896,-0.30000001192092896,-0.30000001192092896,-0.30000001192092896,-0.30000001192092896,-0.30000001192092896,0.30000001192092896,-0.295850633920929,0.7382474989209289,-0.30000001192092896,-0.299870280525238
1.2999999523162842,0.3915149762170105,-0.30000001192092896,0.3103092908859253,0.3769230758976746,-0.30000001192092896,-0.27580646392092895,-0.26969698192092895,-0.30000001192092896,-0.30000001192092896,-0.30000001192092896,0.30000001192092896,-0.30000001192092896,0.30000001192092896,-0.30000001192092896,-0.276297933525238
1.2999999523162842,0.5132925652170105,-0.30000001192092896,0.3103092908859253,0.5222222208976746,-0.30000001192092896,-0.30000001192092896,-0.30000001192092896,-0.30000001192092896,-0.30000001192092896,-0.30000001192092896,0.30000001192092896,-0.283402501920929,0.973676295920929,-0.30000001192092896,-0.29939527152523804
1.2999999523162842,0.4517979122170105,-0.30000001192092896,0.3103092908859253,0.41965811889767457,-0.30000001192092896,-0.29193549592092893,-0.28989900192092893,-0.30000001192092896,-0.30000001192092896,-0.30000001192092896,0.460427818920929,0.20622405407907107,0.8156024129209289,-0.30000001192092896,-0.27283449652523806
1.2999999523162842,0.5132925652170105,-0.30000001192092896,0.3103092908859253,0.5222222208976746,-0.30000001192092896,-0.30000001192092896,-0.30000001192092896,-0.30000001192092896,-0.30000001192092896,-0.30000001192092896,0.30000001192092896,-0.30000001192092896,0.30000001192092896,-0.30000001192092896,-0.299901104925238
1.2999999523162842,0.5738784302170106,-0.30000001192092896,0.3103092908859253,0.5222222208976746,-0.30000001192092896,-0.30000001192092896,-0.30000001192092896,-0.30000001192092896,-0.30000001192092896,-0.30000001192092896,0.30000001192092896,-0.30000001192092896,0.30000001192092896,-0.30000001192092896,-0.29990088312523805
1.2999999523162842,0.4233225552170105,-0.30000001192092896,0.3103092908859253,0.5136752128976746,-0.30000001192092896,-0.30000001192092896,-0.30000001192092896,-0.30000001192092896,-0.30000001192092896,-0.30000001192092896,0.30000001192092896,-0.30000001192092896,0.30000001192092896,-0.30000001192092896,-0.291266019525238
1.2999999523162842,0.3021338602170105,-0.30000001192092896,0.3103092908859253,0.3256410248976746,-0.30000001192092896,0.2725806330790711,0.4171717050790711,-0.30000001192092896,-0.30000001192092896,-0.30000001192092896,0.30000001192092896,-0.30000001192092896,0.30000001192092896,-0.30000001192092896,-0.29983923452523803
1.2999999523162842,0.4524037702170105,-0.30000001192092896,0.3103092908859253,0.3512820498976746,-0.30000001192092896,-0.24354839892092894,-0.22929294092092894,-0.30000001192092896,-0.30000001192092896,-0.30000001192092896,0.30000001192092896,-0.30000001192092896,0.30000001192092896,-0.30000001192092896,-0.299855865525238
1.2999999523162842,0.3309036642170105,-0.30000001192092896,0.3618556828859253,0.4794871778976746,-0.30000001192092896,-0.30000001192092896,-0.30000001192092896,-0.30000001192092896,-0.30000001192092896,-0.30000001192092896,0.30000001192092896,-0.24605810292092894,0.9164036419209289,-0.30000001192092896,-0.273265596525238
1.2999999523162842,0.4817879152170105,-0.30000001192092896,0.3103092908859253,0.5307692298976746,-0.30000001192092896,-0.30000001192092896,-0.30000001192092896,-0.30000001192092896,-0.30000001192092896,-0.30000001192092896,0.30000001192092896,-0.30000001192092896,0.30000001192092896,-0.30000001192092896,-0.299900661325238
1.2999999523162842,0.5135652012170104,-0.30000001192092896,0.3103092908859253,0.5222222208976746,-0.30000001192092896,-0.30000001192092896,-0.30000001192092896,-0.30000001192092896,-0.30000001192092896,-0.30000001192092896,0.30000001192092896,-0.30000001192092896,0.30000001192092896,-0.30000001192092896,-0.299149340525238
1.2999999523162842,0.3030384072170105,-0.30000001192092896,0.3103092908859253,0.4111111098976746,-0.30000001192092896,-0.22741936692092896,-0.20909092092092896,-0.30000001192092896,-0.30000001192092896,-0.30000001192092896,0.30000001192092896,-0.30000001192092896,0.30000001192092896,-0.30000001192092896,-0.29984100852523804
1.2999999523162842,0.5135954942170105,-0.30000001192092896,0.3103092908859253,0.5136752128976746,-0.30000001192092896,-0.30000001192092896,-0.30000001192092896,-0.30000001192092896,-0.30000001192092896,-0.30000001192092896,0.30000001192092896,-0.30000001192092896,0.30000001192092896,-0.30000001192092896,-0.299364003525238
1.2999999523162842,0.3930087202170105,-0.30000001192092896,0.3103092908859253,0.34273504189767456,-0.30000001192092896,-0.30000001192092896,-0.30000001192092896,-0.30000001192092896,-0.30000001192092896,-0.30000001192092896,0.30000001192092896,-0.30000001192092896,0.30000001192092896,-0.30000001192092896,-0.299868949525238
1.2999999523162842,0.4221108382170105,-0.30000001192092896,0.3103092908859253,0.3512820498976746,-0.30000001192092896,-0.27580646392092895,-0.26969698192092895,-0.30000001192092896,-0.30000001192092896,-0.30000001192092896,0.30000001192092896,-0.30000001192092896,0.30000001192092896,-0.30000001192092896,-0.299855200525238
1.2999999523162842,0.3024537542170105,-0.30000001192092896,0.3103092908859253,0.34273504189767456,-0.30000001192092896,-0.30000001192092896,-0.30000001192092896,-0.30000001192092896,-0.30000001192092896,-0.30000001192092896,0.30000001192092896,-0.29170125692092896,0.927516626920929,-0.30000001192092896,-0.25511881252523805
1.2999999523162842,0.5726667132170105,-0.30000001192092896,0.3103092908859253,0.4880341868976746,-0.30000001192092896,-0.30000001192092896,-0.30000001192092896,-0.30000001192092896,-0.30000001192092896,-0.30000001192092896,0.30000001192092896,-0.283402501920929,0.6740299839209289,-0.30000001192092896,-0.29903158652523804
1.2999999523162842,0.5426767102170105,-0.30000001192092896,0.3103092908859253,0.5222222208976746,-0.30000001192092896,-0.30000001192092896,-0.30000001192092896,-0.30000001192092896,-0.30000001192092896,-0.30000001192092896,0.30000001192092896,-0.30000001192092896,0.30000001192092896,-0.30000001192092896,-0.299901104925238
1.2999999523162842,0.3015437542170105,-0.30000001192092896,0.4340206318859253,0.4282051268976746,-0.30000001192092896,-0.30000001192092896,-0.30000001192092896,-0.30000001192092896,-0.30000001192092896,-0.30000001192092896,0.30000001192092896,-0.24605810292092894,0.808402569920929,-0.30000001192092896,-0.27805182752523805
1.2999999523162842,0.4530096292170105,-0.30000001192092896,0.3103092908859253,0.5307692298976746,-0.30000001192092896,-0.30000001192092896,-0.30000001192092896,-0.30000001192092896,-0.30000001192092896,-0.30000001192092896,0.30000001192092896,-0.30000001192092896,0.30000001192092896,-0.30000001192092896,-0.29889498252523805
1.2999999523162842,0.5120808482170105,-0.30000001192092896,0.3103092908859253,0.5136752128976746,-0.30000001192092896,-0.30000001192092896,-0.30000001192092896,-0.30000001192092896,-0.30000001192092896,-0.30000001192092896,0.30000001192092896,-0.30000001192092896,0.30000001192092896,-0.30000001192092896,-0.29957822352523805
1.2999999523162842,0.3306089142170105,-0.30000001192092896,0.33092784788592533,0.5307692298976746,-0.30000001192092896,-0.30000001192092896,-0.30000001192092896,0.699999988079071,-0.30000001192092896,-0.30000001192092896,0.43636364792092897,-0.24605810292092894,1.046923599920929,-0.30000001192092896,-0.23330723452523805
1.2999999523162842,0.4527067002170105,-0.30000001192092896,0.3103092908859253,0.5222222208976746,-0.30000001192092896,-0.30000001192092896,-0.30000001192092896,-0.30000001192092896,-0.30000001192092896,-0.30000001192092896,0.30000001192092896,-0.30000001192092896,0.30000001192092896,-0.30000001192092896,-0.299899996525238
1.2999999523162842,0.4517945792170105,-0.30000001192092896,0.3103092908859253,0.33418803289767457,-0.30000001192092896,-0.24354839892092894,-0.22929294092092894,-0.30000001192092896,-0.30000001192092896,-0.30000001192092896,0.30000001192092896,-0.30000001192092896,0.30000001192092896,-0.30000001192092896,-0.299858970525238
1.2999999523162842,0.3030320462170105,-0.30000001192092896,0.3103092908859253,0.33418803289767457,-0.30000001192092896,-0.16290323792092895,-0.28989900192092893,-0.30000001192092896,-0.30000001192092896,-0.30000001192092896,1.038636375920929,-0.17966806192092896,1.088932179920929,-0.30000001192092896,-0.250731526525238
1.2999999523162842,0.3057753742170105,-0.30000001192092896,0.3103092908859253,0.34273504189767456,-0.30000001192092896,-0.17096775392092894,-0.13838384992092895,-0.30000001192092896,-0.30000001192092896,-0.30000001192092896,1.0272727389209289,-0.01784233592092893,1.014219106920929,-0.30000001192092896,-0.24455774852523804
1.2999999523162842,0.3630396192170105,-0.30000001192092896,0.3103092908859253,0.33418803289767457,-0.30000001192092896,-0.13870968892092894,-0.09797980992092895,-0.30000001192092896,-0.30000001192092896,-0.30000001192092896,0.30000001192092896,-0.30000001192092896,0.30000001192092896,-0.30000001192092896,-0.29985564452523805
1.2999999523162842,0.4529950882170105,-0.30000001192092896,0.3103092908859253,0.5307692298976746,-0.30000001192092896,-0.30000001192092896,-0.30000001192092896,-0.30000001192092896,-0.30000001192092896,-0.30000001192092896,0.30000001192092896,-0.30000001192092896,0.30000001192092896,-0.30000001192092896,-0.299002092525238
1.2999999523162842,0.4536154882170105,-0.30000001192092896,0.3103092908859253,0.5307692298976746,-0.30000001192092896,-0.30000001192092896,-0.30000001192092896,-0.30000001192092896,-0.30000001192092896,-0.30000001192092896,0.30000001192092896,-0.295850633920929,1.0698410809209289,-0.30000001192092896,-0.299064628525238
1.2999999523162842,0.3015234582170105,-0.30000001192092896,0.3103092908859253,0.3256410248976746,-0.30000001192092896,-0.09838710892092895,-0.04747475892092895,-0.30000001192092896,-0.30000001192092896,-0.30000001192092896,0.30000001192092896,-0.30000001192092896,0.30000001192092896,-0.30000001192092896,-0.29983967752523805
1.2999999523162842,0.3615180052170105,-0.30000001192092896,0.4649484668859253,0.5393162378976746,-0.30000001192092896,-0.30000001192092896,-0.30000001192092896,0.699999988079071,-0.30000001192092896,-0.30000001192092896,0.725133701920929,-0.24605810292092894,0.9897557319209289,-0.30000001192092896,-0.255549690525238
1.2999999523162842,0.39150982621701047,-0.30000001192092896,0.3103092908859253,0.4025641018976746,-0.30000001192092896,-0.29193549592092893,-0.28989900192092893,-0.30000001192092896,-0.30000001192092896,-0.30000001192092896,0.460427818920929,-0.30000001192092896,0.30000001192092896,-0.30000001192092896,-0.299862075525238
1.2999999523162842,0.4212020502170105,-0.30000001192092896,0.3103092908859253,0.5051282038976745,-0.30000001192092896,-0.30000001192092896,-0.30000001192092896,0.699999988079071,-0.30000001192092896,-0.30000001192092896,0.30000001192092896,-0.30000001192092896,0.30000001192092896,-0.30000001192092896,-0.299899996525238
1.2999999523162842,0.5741813592170105,-0.30000001192092896,0.3103092908859253,0.5222222208976746,-0.30000001192092896,-0.30000001192092896,-0.30000001192092896,-0.30000001192092896,-0.30000001192092896,-0.30000001192092896,0.30000001192092896,-0.30000001192092896,0.30000001192092896,-0.30000001192092896,-0.29990088312523805
1.2999999523162842,0.4521008412170105,-0.30000001192092896,0.3103092908859253,0.5307692298976746,-0.30000001192092896,-0.30000001192092896,-0.30000001192092896,-0.30000001192092896,-0.30000001192092896,-0.30000001192092896,0.30000001192092896,-0.30000001192092896,0.30000001192092896,-0.30000001192092896,-0.29989644752523803
1.2999999523162842,0.3612220432170105,-0.30000001192092896,0.3103092908859253,0.3598290588976746,-0.30000001192092896,-0.25161291492092897,-0.23939395092092897,-0.30000001192092896,-0.30000001192092896,-0.30000001192092896,0.427673808920929,-0.01369295792092895,0.918342235920929,-0.30000001192092896,-0.24941516352523802
1.2999999523162842,0.45149498221701045,-0.30000001192092896,0.3103092908859253,0.5136752128976746,-0.30000001192092896,-0.30000001192092896,-0.30000001192092896,-0.30000001192092896,-0.30000001192092896,-0.30000001192092896,0.30000001192092896,-0.30000001192092896,0.30000001192092896,-0.30000001192092896,-0.29126735052523806
1.2999999523162842,0.3012214372170105,-0.30000001192092896,0.3103092908859253,0.3256410248976746,-0.30000001192092896,-0.041935495920928934,0.023232311079071033,-0.30000001192092896,-0.30000001192092896,-0.30000001192092896,0.30000001192092896,-0.30000001192092896,0.30000001192092896,-0.30000001192092896,-0.29983812552523803
1.2999999523162842,1.1482324332170104,-0.30000001192092896,0.3103092908859253,0.3769230758976746,-0.30000001192092896,-0.30000001192092896,-0.30000001192092896,-0.30000001192092896,-0.30000001192092896,-0.30000001192092896,0.30000001192092896,-0.30000001192092896,0.30000001192092896,-0.30000001192092896,-0.29990465302523805
1.2999999523162842,0.3009160842170105,-0.30000001192092896,0.3103092908859253,0.34273504189767456,-0.30000001192092896,-0.14677420592092896,-0.28989900192092893,-0.30000001192092896,-0.30000001192092896,-0.30000001192092896,1.062032097920929,-0.30000001192092896,0.30000001192092896,-0.30000001192092896,-0.29983901252523804
1.2999999523162842,0.4539184172170105,-0.30000001192092896,0.3103092908859253,0.3512820498976746,-0.30000001192092896,-0.29193549592092893,-0.28989900192092893,-0.30000001192092896,-0.30000001192092896,-0.30000001192092896,0.4610962689209289,0.699999988079071,1.0151738689209289,-0.30000001192092896,-0.260139442525238
1.2999999523162842,0.5729696422170105,-0.30000001192092896,0.3103092908859253,0.5222222208976746,-0.30000001192092896,-0.30000001192092896,-0.30000001192092896,-0.30000001192092896,-0.30000001192092896,-0.30000001192092896,0.30000001192092896,-0.295850633920929,0.950088698920929,-0.30000001192092896,-0.299836129525238
1.2999999523162842,0.3609097232170105,-0.30000001192092896,0.3515464048859253,0.5393162378976746,-0.30000001192092896,-0.30000001192092896,-0.30000001192092896,-0.30000001192092896,-0.30000001192092896,-0.30000001192092896,0.30000001192092896,-0.24605810292092894,0.765188056920929,-0.30000001192092896,-0.29510689052523803
1.2999999523162842,0.3033383072170105,-0.30000001192092896,0.3103092908859253,0.3170940158976746,-0.30000001192092896,-0.17096775392092894,-0.13838384992092895,-0.30000001192092896,-0.30000001192092896,-0.30000001192092896,0.30000001192092896,-0.30000001192092896,0.30000001192092896,-0.30000001192092896,-0.29984012152523803
1.2999999523162842,0.4221108382170105,-0.30000001192092896,0.3103092908859253,0.5222222208976746,-0.30000001192092896,-0.30000001192092896,-0.30000001192092896,-0.30000001192092896,-0.30000001192092896,-0.30000001192092896,0.30000001192092896,-0.30000001192092896,0.30000001192092896,-0.30000001192092896,-0.29889431752523804
1.2999999523162842,0.3612220432170105,-0.30000001192092896,0.3103092908859253,0.44529914389767455,-0.30000001192092896,-0.30000001192092896,-0.30000001192092896,-0.30000001192092896,-0.30000001192092896,-0.30000001192092896,0.30000001192092896,-0.30000001192092896,0.30000001192092896,-0.30000001192092896,-0.27036919852523805
1.2999999523162842,0.4521008412170105,-0.30000001192092896,0.3103092908859253,0.5307692298976746,-0.30000001192092896,-0.30000001192092896,-0.30000001192092896,-0.30000001192092896,-0.30000001192092896,-0.30000001192092896,0.30000001192092896,-0.30000001192092896,0.30000001192092896,-0.30000001192092896,-0.299896669525238
1.2999999523162842,0.3327385072170105,-0.30000001192092896,0.3618556828859253,0.5393162378976746,-0.30000001192092896,-0.30000001192092896,-0.30000001192092896,0.699999988079071,-0.30000001192092896,-0.30000001192092896,0.30000001192092896,-0.24605810292092894,0.973676295920929,-0.30000001192092896,-0.24093974552523803
1.2999999523162842,0.5423628752170104,-0.30000001192092896,0.3103092908859253,0.5222222208976746,-0.30000001192092896,-0.30000001192092896,-0.30000001192092896,-0.30000001192092896,-0.30000001192092896,-0.30000001192092896,0.30000001192092896,-0.30000001192092896,0.30000001192092896,-0.30000001192092896,-0.29990088312523805
1.2999999523162842,0.36061618421701047,-0.30000001192092896,0.3103092908859253,0.3170940158976746,-0.30000001192092896,-0.24354839892092894,-0.22929294092092894,-0.30000001192092896,-0.30000001192092896,-0.30000001192092896,0.30000001192092896,-0.30000001192092896,0.30000001192092896,-0.30000001192092896,-0.29581385952523803
1.2999999523162842,0.5435854982170105,-0.30000001192092896,0.3103092908859253,0.5222222208976746,-0.30000001192092896,-0.30000001192092896,-0.30000001192092896,-0.30000001192092896,-0.30000001192092896,-0.30000001192092896,0.30000001192092896,-0.30000001192092896,0.30000001192092896,-0.30000001192092896,-0.299256450525238
1.2999999523162842,0.3000000262170105,-0.30000001192092896,0.3103092908859253,0.2999999988976746,-0.30000001192092896,-0.07419355992092896,-0.01717172892092894,-0.30000001192092896,-0.30000001192092896,-0.30000001192092896,0.30000001192092896,-0.30000001192092896,0.30000001192092896,-0.30000001192092896,-0.29994922662523804
1.2999999523162842,0.4239284142170105,-0.30000001192092896,0.3103092908859253,0.5136752128976746,-0.30000001192092896,-0.30000001192092896,-0.30000001192092896,-0.30000001192092896,-0.30000001192092896,-0.30000001192092896,0.30000001192092896,-0.283402501920929,0.721141444920929,-0.30000001192092896,-0.298094653525238
1.2999999523162842,0.39242376421701053,-0.30000001192092896,0.3103092908859253,0.5222222208976746,-0.30000001192092896,-0.30000001192092896,-0.30000001192092896,-0.30000001192092896,-0.30000001192092896,-0.30000001192092896,0.30000001192092896,-0.30000001192092896,0.30000001192092896,-0.30000001192092896,-0.298823354525238
1.2999999523162842,0.5123837772170106,-0.30000001192092896,0.3103092908859253,0.5307692298976746,-0.30000001192092896,-0.30000001192092896,-0.30000001192092896,-0.30000001192092896,-0.30000001192092896,-0.30000001192092896,0.30000001192092896,-0.2875518789209289,0.944194374920929,-0.30000001192092896,-0.29904866252523804
1.2999999523162842,0.3054818352170105,-0.30000001192092896,0.3103092908859253,0.3512820498976746,-0.30000001192092896,-0.21129033492092897,-0.18888890092092897,-0.30000001192092896,-0.30000001192092896,-0.30000001192092896,0.30000001192092896,-0.30000001192092896,0.30000001192092896,-0.30000001192092896,-0.29983945552523805
1.2999999523162842,0.3054809262170105,-0.30000001192092896,0.3103092908859253,0.3512820498976746,-0.30000001192092896,-0.23548388292092895,-0.28989900192092893,-0.30000001192092896,-0.30000001192092896,-0.30000001192092896,0.893582899920929,-0.30000001192092896,0.30000001192092896,-0.30000001192092896,-0.29983989952523804
1.2999999523162842,0.3606119432170105,-0.30000001192092896,0.3103092908859253,0.33418803289767457,-0.30000001192092896,-0.15483872192092896,-0.28989900192092893,-0.30000001192092896,-0.30000001192092896,-0.30000001192092896,1.044652417920929,-0.18796681692092895,0.846887934920929,-0.30000001192092896,-0.24878625452523803
1.2999999523162842,0.4517979122170105,-0.30000001192092896,0.3103092908859253,0.5222222208976746,-0.30000001192092896,-0.30000001192092896,-0.30000001192092896,-0.30000001192092896,-0.30000001192092896,-0.30000001192092896,0.30000001192092896,-0.30000001192092896,0.30000001192092896,-0.30000001192092896,-0.299896669525238
1.2999999523162842,0.4224137672170105,-0.30000001192092896,0.3103092908859253,0.3512820498976746,-0.30000001192092896,-0.28387097992092897,-0.27979799192092897,-0.30000001192092896,-0.30000001192092896,-0.30000001192092896,0.30000001192092896,-0.30000001192092896,0.30000001192092896,-0.30000001192092896,-0.29986185352523803
1.2999999523162842,0.3911820562170105,-0.30000001192092896,0.5268041368859253,0.5136752128976746,-0.30000001192092896,-0.30000001192092896,-0.30000001192092896,-0.30000001192092896,-0.30000001192092896,-0.30000001192092896,0.30000001192092896,-0.24605810292092894,1.1978775169209288,-0.30000001192092896,-0.29448552152523805
1.2999999523162842,0.5738784302170106,-0.30000001192092896,0.3103092908859253,0.5222222208976746,-0.30000001192092896,-0.30000001192092896,-0.30000001192092896,-0.30000001192092896,-0.30000001192092896,-0.30000001192092896,0.30000001192092896,-0.30000001192092896,0.30000001192092896,-0.30000001192092896,-0.29990088312523805
1.2999999523162842,0.5438884272170105,-0.30000001192092896,0.3103092908859253,0.5051282038976745,-0.30000001192092896,-0.30000001192092896,-0.30000001192092896,-0.30000001192092896,-0.30000001192092896,-0.30000001192092896,0.30000001192092896,-0.30000001192092896,0.30000001192092896,-0.30000001192092896,-0.29964386452523806
1.2999999523162842,0.3303029552170105,-0.30000001192092896,0.3103092908859253,0.3256410248976746,-0.30000001192092896,-0.15483872192092896,-0.28989900192092893,-0.30000001192092896,-0.30000001192092896,-0.30000001192092896,1.0459893169209291,-0.30000001192092896,0.30000001192092896,-0.30000001192092896,-0.29983967752523805
1.2999999523162842,0.4224137672170105,-0.30000001192092896,0.3103092908859253,0.5307692298976746,-0.30000001192092896,-0.30000001192092896,-0.30000001192092896,-0.30000001192092896,-0.30000001192092896,-0.30000001192092896,0.30000001192092896,-0.283402501920929,1.124763670920929,-0.30000001192092896,-0.298497146525238
1.2999999523162842,0.3618112402170105,-0.30000001192092896,0.3103092908859253,0.3598290588976746,-0.30000001192092896,-0.24354839892092894,-0.22929294092092894,-0.30000001192092896,-0.30000001192092896,-0.30000001192092896,0.38021391592092896,0.19792529907907103,0.766397456920929,-0.30000001192092896,-0.258745020525238
1.2999999523162842,0.4514868032170105,-0.30000001192092896,0.3412371258859253,0.4965811958976746,-0.30000001192092896,-0.30000001192092896,-0.30000001192092896,-0.30000001192092896,-0.30000001192092896,-0.30000001192092896,0.30000001192092896,-0.24605810292092894,0.973676295920929,-0.30000001192092896,-0.29517829752523805
1.2999999523162842,0.4230196262170105,-0.30000001192092896,0.3103092908859253,0.4965811958976746,-0.30000001192092896,-0.30000001192092896,-0.30000001192092896,-0.30000001192092896,-0.30000001192092896,-0.30000001192092896,0.30000001192092896,-0.295850633920929,0.720415468920929,-0.30000001192092896,-0.298814484525238
1.2999999523162842,0.30184668321701047,-0.30000001192092896,0.3103092908859253,0.34273504189767456,-0.30000001192092896,-0.08225807692092896,-0.027272738920928963,-0.30000001192092896,-0.30000001192092896,-0.30000001192092896,0.30000001192092896,-0.30000001192092896,0.30000001192092896,-0.30000001192092896,-0.28726636952523804
1.2999999523162842,0.9058889722170105,-0.30000001192092896,0.3103092908859253,0.3769230758976746,-0.30000001192092896,-0.30000001192092896,-0.30000001192092896,-0.30000001192092896,-0.30000001192092896,-0.30000001192092896,0.30000001192092896,-0.30000001192092896,0.30000001192092896,-0.30000001192092896,-0.29976139652523803
1.2999999523162842,0.33455244821701047,-0.30000001192092896,0.3103092908859253,0.3256410248976746,-0.30000001192092896,-0.13870968892092894,-0.09797980992092895,-0.30000001192092896,-0.30000001192092896,-0.30000001192092896,0.30000001192092896,-0.30000001192092896,0.30000001192092896,-0.30000001192092896,-0.29984100852523804
1.2999999523162842,0.4826967032170105,-0.30000001192092896,0.3103092908859253,0.5222222208976746,-0.30000001192092896,-0.30000001192092896,-0.30000001192092896,-0.30000001192092896,-0.30000001192092896,-0.30000001192092896,0.30000001192092896,-0.295850633920929,0.861063292920929,-0.30000001192092896,-0.29885927952523805
1.2999999523162842,0.3618063942170105,-0.30000001192092896,0.3103092908859253,0.4965811958976746,-0.30000001192092896,-0.30000001192092896,-0.30000001192092896,-0.30000001192092896,-0.30000001192092896,-0.30000001192092896,0.30000001192092896,-0.30000001192092896,0.30000001192092896,-0.30000001192092896,-0.29977536752523803
1.2999999523162842,0.4224137672170105,-0.30000001192092896,0.3103092908859253,0.5136752128976746,-0.30000001192092896,-0.30000001192092896,-0.30000001192092896,-0.30000001192092896,-0.30000001192092896,-0.30000001192092896,0.30000001192092896,-0.29170125692092896,0.7584912959209289,-0.30000001192092896,-0.299029147525238
1.2999999523162842,0.4826967032170105,-0.30000001192092896,0.3103092908859253,0.5136752128976746,-0.30000001192092896,-0.30000001192092896,-0.30000001192092896,-0.30000001192092896,-0.30000001192092896,-0.30000001192092896,0.30000001192092896,-0.30000001192092896,0.30000001192092896,-0.30000001192092896,-0.29127245052523804
1.2999999523162842,0.4211981112170105,-0.30000001192092896,0.3103092908859253,0.3940170928976746,-0.30000001192092896,-0.29193549592092893,-0.28989900192092893,-0.30000001192092896,-0.30000001192092896,-0.30000001192092896,0.4577540229209289,0.679253100079071,0.8156024129209289,-0.30000001192092896,-0.251491939525238
1.2999999523162842,0.4820781212170105,-0.30000001192092896,0.3103092908859253,0.5222222208976746,-0.30000001192092896,-0.30000001192092896,-0.30000001192092896,-0.30000001192092896,-0.30000001192092896,-0.30000001192092896,0.30000001192092896,-0.30000001192092896,0.30000001192092896,-0.30000001192092896,-0.299900217825238
1.2999999523162842,0.3921208342170105,-0.30000001192092896,0.3103092908859253,0.3683760668976746,-0.30000001192092896,-0.28387097992092897,-0.28989900192092893,-0.30000001192092896,-0.30000001192092896,-0.30000001192092896,0.575401081920929,0.09834023707907102,0.927652313920929,-0.30000001192092896,-0.25213260252523806
1.2999999523162842,0.5123837772170106,-0.30000001192092896,0.3103092908859253,0.5222222208976746,-0.30000001192092896,-0.30000001192092896,-0.30000001192092896,-0.30000001192092896,-0.30000001192092896,-0.30000001192092896,0.30000001192092896,-0.2875518789209289,0.920659170920929,-0.30000001192092896,-0.298799182525238
1.2999999523162842,0.3633425482170105,-0.30000001192092896,0.3103092908859253,0.5136752128976746,-0.30000001192092896,-0.30000001192092896,-0.30000001192092896,-0.30000001192092896,-0.30000001192092896,-0.30000001192092896,0.30000001192092896,-0.283402501920929,1.054287704920929,-0.30000001192092896,-0.289334496525238
1.2999999523162842,0.4533125582170105,-0.30000001192092896,0.3103092908859253,0.5051282038976745,-0.30000001192092896,-0.30000001192092896,-0.30000001192092896,-0.30000001192092896,-0.30000001192092896,-0.30000001192092896,0.30000001192092896,-0.295850633920929,0.9044411749209289,-0.30000001192092896,-0.29867987652523803
1.2999999523162842,0.3630396192170105,-0.30000001192092896,0.3103092908859253,0.3512820498976746,-0.30000001192092896,-0.23548388292092895,-0.28989900192092893,-0.30000001192092896,-0.30000001192092896,-0.30000001192092896,0.893582899920929,-0.30000001192092896,0.30000001192092896,-0.30000001192092896,-0.29985564452523805
1.2999999523162842,0.39242376421701053,-0.30000001192092896,0.3103092908859253,0.5222222208976746,-0.30000001192092896,-0.30000001192092896,-0.30000001192092896,-0.30000001192092896,-0.30000001192092896,-0.30000001192092896,0.30000001192092896,-0.30000001192092896,0.30000001192092896,-0.30000001192092896,-0.29885817052523805
1.2999999523162842,0.4521008412170105,-0.30000001192092896,0.3103092908859253,0.5136752128976746,-0.30000001192092896,-0.30000001192092896,-0.30000001192092896,-0.30000001192092896,-0.30000001192092896,-0.30000001192092896,0.30000001192092896,-0.295850633920929,0.9044411749209289,-0.30000001192092896,-0.29920034552523805
1.2999999523162842,0.3000039642970105,-0.30000001192092896,0.3103092908859253,0.2999999988976746,-0.30000001192092896,-0.11451614092092896,-0.06767677992092896,-0.30000001192092896,-0.30000001192092896,-0.30000001192092896,0.30000001192092896,-0.30000001192092896,0.30000001192092896,-0.30000001192092896,-0.29994922662523804
1.2999999523162842,0.5432668162170105,-0.30000001192092896,0.3103092908859253,0.5307692298976746,-0.30000001192092896,-0.30000001192092896,-0.30000001192092896,-0.30000001192092896,-0.30000001192092896,-0.30000001192092896,0.30000001192092896,-0.30000001192092896,0.30000001192092896,-0.30000001192092896,-0.299900661325238
1.2999999523162842,0.4517703452170105,-0.30000001192092896,0.4649484668859253,0.4025641018976746,-0.30000001192092896,-0.30000001192092896,-0.30000001192092896,-0.30000001192092896,-0.30000001192092896,-0.30000001192092896,0.30000001192092896,-0.24605810292092894,1.088932179920929,-0.30000001192092896,-0.295155899525238
1.2999999523162842,0.36061618421701047,-0.30000001192092896,0.3103092908859253,0.3256410248976746,-0.30000001192092896,-0.18709678592092896,-0.15858587092092896,-0.30000001192092896,-0.30000001192092896,-0.30000001192092896,0.30000001192092896,-0.30000001192092896,0.30000001192092896,-0.30000001192092896,-0.27858382852523805
1.2999999523162842,0.3918179052170105,-0.30000001192092896,0.3103092908859253,0.5307692298976746,-0.30000001192092896,-0.30000001192092896,-0.30000001192092896,-0.30000001192092896,-0.30000001192092896,-0.30000001192092896,0.30000001192092896,-0.29170125692092896,0.7165446179209289,-0.30000001192092896,-0.298742634525238
1.2999999523162842,0.5120520692170105,-0.30000001192092896,0.3103092908859253,0.5136752128976746,-0.30000001192092896,-0.30000001192092896,-0.30000001192092896,-0.30000001192092896,-0.30000001192092896,-0.30000001192092896,0.30000001192092896,-0.30000001192092896,0.30000001192092896,-0.30000001192092896,-0.29939926352523805
1.2999999523162842,0.3618073022170105,-0.30000001192092896,0.4237113528859253,0.5393162378976746,-0.30000001192092896,-0.30000001192092896,-0.30000001192092896,0.699999988079071,-0.30000001192092896,-0.30000001192092896,0.30000001192092896,-0.24605810292092894,1.010245103920929,-0.30000001192092896,-0.27086039552523805
1.2999999523162842,0.4214974062170105,-0.30000001192092896,0.3103092908859253,0.4282051268976746,-0.30000001192092896,-0.30000001192092896,-0.30000001192092896,-0.30000001192092896,-0.30000001192092896,-0.30000001192092896,0.30000001192092896,-0.30000001192092896,0.30000001192092896,-0.30000001192092896,-0.299389727525238
1.2999999523162842,0.5729696422170105,-0.30000001192092896,0.3103092908859253,0.3769230758976746,-0.30000001192092896,-0.30000001192092896,-0.30000001192092896,-0.30000001192092896,-0.30000001192092896,-0.30000001192092896,0.30000001192092896,-0.30000001192092896,0.30000001192092896,-0.30000001192092896,-0.29968976852523804
1.2999999523162842,0.4212020502170105,-0.30000001192092896,0.3103092908859253,0.5222222208976746,-0.30000001192092896,-0.30000001192092896,-0.30000001192092896,-0.30000001192092896,-0.30000001192092896,-0.30000001192092896,0.30000001192092896,-0.30000001192092896,0.30000001192092896,-0.30000001192092896,-0.299901104925238
1.2999999523162842,0.3312026552170105,-0.30000001192092896,0.3103092908859253,0.3683760668976746,-0.30000001192092896,-0.25967743092092893,-0.28989900192092893,-0.30000001192092896,-0.30000001192092896,-0.30000001192092896,0.780614984920929,0.027800818079071032,0.721907532920929,-0.30000001192092896,-0.253729490525238
1.2999999523162842,0.4236254842170105,-0.30000001192092896,0.3103092908859253,0.5136752128976746,-0.30000001192092896,-0.30000001192092896,-0.30000001192092896,-0.30000001192092896,-0.30000001192092896,-0.30000001192092896,0.30000001192092896,-0.30000001192092896,0.30000001192092896,-0.30000001192092896,-0.29126624152523806
1.2999999523162842,0.8456060362170105,-0.30000001192092896,0.3103092908859253,0.3769230758976746,-0.30000001192092896,-0.30000001192092896,-0.30000001192092896,-0.30000001192092896,-0.30000001192092896,-0.30000001192092896,0.30000001192092896,-0.29170125692092896,0.913875549920929,-0.30000001192092896,-0.299797543525238
1.2999999523162842,0.42150497921701047,-0.30000001192092896,0.3103092908859253,0.5222222208976746,-0.30000001192092896,-0.30000001192092896,-0.30000001192092896,-0.30000001192092896,-0.30000001192092896,-0.30000001192092896,0.30000001192092896,-0.30000001192092896,0.30000001192092896,-0.30000001192092896,-0.29889498252523805
1.2999999523162842,0.3003162842170105,-0.30000001192092896,0.48556702288592535,0.38547008389767456,-0.30000001192092896,-0.28387097992092897,-0.28989900192092893,-0.30000001192092896,-0.30000001192092896,-0.30000001192092896,0.575401081920929,0.554771772079071,0.920659170920929,-0.30000001192092896,-0.271380642525238
1.2999999523162842,0.4530096292170105,-0.30000001192092896,0.3103092908859253,0.5051282038976745,-0.30000001192092896,-0.30000001192092896,-0.30000001192092896,-0.30000001192092896,-0.30000001192092896,-0.30000001192092896,0.30000001192092896,-0.30000001192092896,0.30000001192092896,-0.30000001192092896,-0.299328078525238
1.2999999523162842,0.5123837772170106,-0.30000001192092896,0.3103092908859253,0.5136752128976746,-0.30000001192092896,-0.30000001192092896,-0.30000001192092896,-0.30000001192092896,-0.30000001192092896,-0.30000001192092896,0.30000001192092896,-0.30000001192092896,0.30000001192092896,-0.30000001192092896,-0.29947111352523803
1.2999999523162842,0.5129805482170104,-0.30000001192092896,0.3103092908859253,0.5222222208976746,-0.30000001192092896,-0.30000001192092896,-0.30000001192092896,-0.30000001192092896,-0.30000001192092896,-0.30000001192092896,0.30000001192092896,-0.2875518789209289,0.9734403289209289,-0.30000001192092896,-0.29910920252523804
1.2999999523162842,0.5432659072170105,-0.30000001192092896,0.3103092908859253,0.5222222208976746,-0.30000001192092896,-0.30000001192092896,-0.30000001192092896,-0.30000001192092896,-0.30000001192092896,-0.30000001192092896,0.30000001192092896,-0.30000001192092896,0.30000001192092896,-0.30000001192092896,-0.29939970752523803
1.2999999523162842,0.30121659021701047,-0.30000001192092896,0.5268041368859253,0.5393162378976746,-0.30000001192092896,-0.30000001192092896,-0.30000001192092896,0.699999988079071,-0.30000001192092896,-0.30000001192092896,0.5419786219209289,-0.24605810292092894,0.572031290920929,-0.30000001192092896,-0.259280790525238
1.2999999523162842,0.3027566832170105,-0.30000001192092896,0.3103092908859253,0.3598290588976746,-0.30000001192092896,-0.25967743092092893,-0.28989900192092893,-0.30000001192092896,-0.30000001192092896,-0.30000001192092896,0.7812834339209289,-0.0012448249209289775,1.131897453920929,-0.30000001192092896,-0.253146041525238
1.2999999523162842,0.3618279022170105,-0.30000001192092896,0.3103092908859253,0.3769230758976746,-0.30000001192092896,-0.25161291492092897,-0.28989900192092893,-0.30000001192092896,-0.30000001192092896,-0.30000001192092896,0.8247326319209289,-0.02199171292092894,0.8573142639209289,-0.30000001192092896,-0.250745497525238
1.2999999523162842,0.3918179052170105,-0.30000001192092896,0.3103092908859253,0.4880341868976746,-0.30000001192092896,-0.30000001192092896,-0.30000001192092896,-0.30000001192092896,-0.30000001192092896,-0.30000001192092896,0.30000001192092896,-0.295850633920929,1.0829122709209291,-0.30000001192092896,-0.29849670352523805
1.2999999523162842,0.3303232522170105,-0.30000001192092896,0.3103092908859253,0.3769230758976746,-0.30000001192092896,-0.24354839892092894,-0.28989900192092893,-0.30000001192092896,-0.30000001192092896,-0.30000001192092896,0.8601604399209289,-0.05933611192092897,0.8365443559209289,-0.30000001192092896,-0.24520905552523803
0.2999999523162842,0.3030520392170105,0.06288337607907102,0.3000000128859253,0.33418803289767457,0.699999988079071,-0.30000001192092896,-0.30000001192092896,0.699999988079071,0.09393938207907104,-0.17551868392092895,0.30000001192092896,-0.30000001192092896,0.30000001192092896,-0.16666667892092896,-0.29866745752523804
1.2999999523162842,0.5423559072170105,-0.30000001192092896,0.3103092908859253,0.5136752128976746,-0.30000001192092896,-0.30000001192092896,-0.30000001192092896,-0.30000001192092896,-0.30000001192092896,-0.30000001192092896,0.30000001192092896,-0.295850633920929,0.830881789920929,-0.30000001192092896,-0.29911319452523805
1.2999999523162842,0.4233225552170105,-0.30000001192092896,0.3103092908859253,0.5222222208976746,-0.30000001192092896,-0.30000001192092896,-0.30000001192092896,-0.30000001192092896,-0.30000001192092896,-0.30000001192092896,0.30000001192092896,-0.30000001192092896,0.30000001192092896,-0.30000001192092896,-0.29127755152523804
1.2999999523162842,0.4523910472170105,-0.30000001192092896,0.3103092908859253,0.5222222208976746,-0.30000001192092896,-0.30000001192092896,-0.30000001192092896,-0.30000001192092896,-0.30000001192092896,-0.30000001192092896,0.30000001192092896,-0.295850633920929,0.897441642920929,-0.30000001192092896,-0.299002536525238
1.2999999523162842,0.33302265521701047,-0.30000001192092896,0.4649484668859253,0.5393162378976746,-0.30000001192092896,-0.30000001192092896,-0.30000001192092896,0.699999988079071,-0.30000001192092896,-0.30000001192092896,0.30000001192092896,-0.24605810292092894,0.856935626920929,-0.30000001192092896,-0.25616972952523803
1.2999999523162842,0.5432537902170105,-0.30000001192092896,0.3103092908859253,0.5222222208976746,-0.30000001192092896,-0.30000001192092896,-0.30000001192092896,-0.30000001192092896,-0.30000001192092896,-0.30000001192092896,0.30000001192092896,-0.30000001192092896,0.30000001192092896,-0.30000001192092896,-0.299900661325238
1.2999999523162842,0.3312126522170105,-0.30000001192092896,0.3103092908859253,0.3683760668976746,-0.30000001192092896,-0.25161291492092897,-0.23939395092092897,-0.30000001192092896,-0.30000001192092896,-0.30000001192092896,0.30000001192092896,-0.30000001192092896,0.30000001192092896,-0.30000001192092896,-0.29984078652523805
0.2999999523162842,0.3012414302170105,-0.24412545292092896,0.3000000128859253,0.3256410248976746,0.699999988079071,-0.30000001192092896,-0.30000001192092896,0.699999988079071,-0.21919193092092895,-0.18796681692092895,0.30000001192092896,-0.30000001192092896,0.30000001192092896,-0.23333334492092894,-0.298902079525238
1.2999999523162842,0.3021256812170105,-0.30000001192092896,0.3103092908859253,0.34273504189767456,-0.30000001192092896,-0.25967743092092893,-0.28989900192092893,-0.30000001192092896,-0.30000001192092896,-0.30000001192092896,0.7812834339209289,0.01535268507907106,0.7769382279209289,-0.30000001192092896,-0.25370531852523803
1.2999999523162842,0.4817879152170105,-0.30000001192092896,0.3103092908859253,0.5393162378976746,-0.30000001192092896,-0.30000001192092896,-0.30000001192092896,-0.30000001192092896,-0.30000001192092896,-0.30000001192092896,0.30000001192092896,-0.30000001192092896,0.30000001192092896,-0.30000001192092896,-0.299252902525238
1.2999999523162842,0.6638484402170105,-0.30000001192092896,0.3103092908859253,0.3769230758976746,-0.30000001192092896,-0.30000001192092896,-0.30000001192092896,-0.30000001192092896,-0.30000001192092896,-0.30000001192092896,0.30000001192092896,-0.2875518789209289,1.088932179920929,-0.30000001192092896,-0.299540967525238
1.2999999523162842,0.3639299282170105,-0.30000001192092896,0.3103092908859253,0.3598290588976746,-0.30000001192092896,-0.24354839892092894,-0.22929294092092894,-0.30000001192092896,-0.30000001192092896,-0.30000001192092896,0.603475947920929,0.19792529907907103,0.7712671929209289,-0.30000001192092896,-0.25952760852523804
1.2999999523162842,0.4530005412170105,-0.30000001192092896,0.3103092908859253,0.4709401698976746,-0.30000001192092896,-0.29193549592092893,-0.28989900192092893,-0.30000001192092896,-0.30000001192092896,-0.30000001192092896,0.4610962689209289,-0.30000001192092896,0.30000001192092896,-0.30000001192092896,-0.29986362752523804
1.2999999523162842,0.3309088142170105,-0.30000001192092896,0.3103092908859253,0.34273504189767456,-0.30000001192092896,-0.17096775392092894,-0.28989900192092893,-0.30000001192092896,-0.30000001192092896,-0.30000001192092896,1.0272727389209289,-0.15477179592092896,1.104964719920929,-0.30000001192092896,-0.25183943652523805
1.2999999523162842,0.6335555082170106,-0.30000001192092896,0.3103092908859253,0.5222222208976746,-0.30000001192092896,-0.30000001192092896,-0.30000001192092896,-0.30000001192092896,-0.30000001192092896,-0.30000001192092896,0.30000001192092896,-0.29170125692092896,0.9682757449209289,-0.30000001192092896,-0.299179278525238
1.2999999523162842,0.6032625752170104,-0.30000001192092896,0.3103092908859253,0.3769230758976746,-0.30000001192092896,-0.30000001192092896,-0.30000001192092896,-0.30000001192092896,-0.30000001192092896,-0.30000001192092896,0.30000001192092896,-0.295850633920929,1.104964719920929,-0.30000001192092896,-0.29968976852523804
1.2999999523162842,0.33123204021701047,-0.30000001192092896,0.3103092908859253,0.3512820498976746,-0.30000001192092896,-0.29193549592092893,-0.28989900192092893,-0.30000001192092896,-0.30000001192092896,-0.30000001192092896,0.4610962689209289,-0.30000001192092896,0.30000001192092896,-0.30000001192092896,-0.254771315525238
1.2999999523162842,0.3018309312170105,-0.30000001192092896,0.3103092908859253,0.38547008389767456,-0.30000001192092896,-0.22741936692092896,-0.20909092092092896,-0.30000001192092896,-0.30000001192092896,-0.30000001192092896,0.30000001192092896,-0.30000001192092896,0.30000001192092896,-0.30000001192092896,-0.29983945552523805
1.2999999523162842,0.48239377421701046,-0.30000001192092896,0.3103092908859253,0.5222222208976746,-0.30000001192092896,-0.30000001192092896,-0.30000001192092896,-0.30000001192092896,-0.30000001192092896,-0.30000001192092896,0.30000001192092896,-0.30000001192092896,0.30000001192092896,-0.30000001192092896,-0.299901104925238
1.2999999523162842,0.4232937772170105,-0.30000001192092896,0.3103092908859253,0.5307692298976746,-0.30000001192092896,-0.30000001192092896,-0.30000001192092896,-0.30000001192092896,-0.30000001192092896,-0.30000001192092896,0.30000001192092896,-0.2875518789209289,0.981370357920929,-0.30000001192092896,-0.296551652525238
1.2999999523162842,0.30548062321701047,-0.30000001192092896,0.3103092908859253,0.33418803289767457,-0.30000001192092896,-0.041935495920928934,-0.28989900192092893,-0.30000001192092896,-0.30000001192092896,-0.30000001192092896,1.134224610920929,-0.22531121492092895,0.908976793920929,-0.30000001192092896,-0.27788195952523803
1.2999999523162842,0.3012356752170105,-0.30000001192092896,0.3103092908859253,0.34273504189767456,-0.30000001192092896,-0.041935495920928934,0.023232311079071033,-0.30000001192092896,-0.30000001192092896,-0.30000001192092896,0.30000001192092896,-0.30000001192092896,0.30000001192092896,-0.30000001192092896,-0.29984100852523804
1.2999999523162842,0.4823649952170105,-0.30000001192092896,0.3103092908859253,0.5222222208976746,-0.30000001192092896,-0.30000001192092896,-0.30000001192092896,-0.30000001192092896,-0.30000001192092896,-0.30000001192092896,0.30000001192092896,-0.30000001192092896,0.30000001192092896,-0.30000001192092896,-0.29990043962523805
1.2999999523162842,0.3302944732170105,-0.30000001192092896,0.3103092908859253,0.2999999988976746,-0.30000001192092896,0.45806450407907107,0.649494937079071,-0.30000001192092896,-0.30000001192092896,-0.30000001192092896,0.30000001192092896,-0.30000001192092896,0.30000001192092896,-0.30000001192092896,-0.29984056452523805
1.2999999523162842,0.3015246692170105,-0.30000001192092896,0.3103092908859253,0.33418803289767457,-0.30000001192092896,-0.10645162492092897,-0.28989900192092893,-0.30000001192092896,-0.30000001192092896,-0.30000001192092896,1.086096268920929,-0.30000001192092896,0.30000001192092896,-0.30000001192092896,-0.29983945552523805
1.2999999523162842,0.9061919012170105,-0.30000001192092896,0.3103092908859253,0.3769230758976746,-0.30000001192092896,-0.30000001192092896,-0.30000001192092896,-0.30000001192092896,-0.30000001192092896,-0.30000001192092896,0.30000001192092896,-0.30000001192092896,0.30000001192092896,-0.30000001192092896,-0.299833246525238
1.2999999523162842,0.3912120462170105,-0.30000001192092896,0.3103092908859253,0.3512820498976746,-0.30000001192092896,-0.27580646392092895,-0.28989900192092893,-0.30000001192092896,-0.30000001192092896,-0.30000001192092896,0.6629679259209289,0.09004148207907103,0.713624865920929,-0.30000001192092896,-0.27039470152523803
1.2999999523162842,0.3330332572170105,-0.30000001192092896,0.3103092908859253,0.38547008389767456,-0.30000001192092896,-0.25161291492092897,-0.23939395092092897,-0.30000001192092896,-0.30000001192092896,-0.30000001192092896,0.30000001192092896,-0.30000001192092896,0.30000001192092896,-0.30000001192092896,-0.29984034252523806
1.2999999523162842,0.3908973032170105,-0.30000001192092896,0.4134020748859253,0.5393162378976746,-0.30000001192092896,-0.30000001192092896,-0.30000001192092896,-0.30000001192092896,-0.30000001192092896,-0.30000001192092896,0.30000001192092896,-0.24605810292092894,0.965039404920929,-0.30000001192092896,-0.286269561525238
1.2999999523162842,0.4211720602170105,-0.30000001192092896,0.7226804248859253,0.5393162378976746,-0.30000001192092896,-0.30000001192092896,-0.30000001192092896,-0.30000001192092896,-0.30000001192092896,-0.30000001192092896,0.30000001192092896,-0.24605810292092894,1.1978775169209288,-0.30000001192092896,-0.29436909752523804
1.2999999523162842,0.45149498221701045,-0.30000001192092896,0.3103092908859253,0.5051282038976745,-0.30000001192092896,-0.30000001192092896,-0.30000001192092896,-0.30000001192092896,-0.30000001192092896,-0.30000001192092896,0.30000001192092896,-0.30000001192092896,0.30000001192092896,-0.30000001192092896,-0.299900661325238
1.2999999523162842,0.45149498221701045,-0.30000001192092896,0.3103092908859253,0.5136752128976746,-0.30000001192092896,-0.30000001192092896,-0.30000001192092896,-0.30000001192092896,-0.30000001192092896,-0.30000001192092896,0.30000001192092896,-0.30000001192092896,0.30000001192092896,-0.30000001192092896,-0.299896226525238
1.2999999523162842,0.4536003412170105,-0.30000001192092896,0.3103092908859253,0.5222222208976746,-0.30000001192092896,-0.30000001192092896,-0.30000001192092896,-0.30000001192092896,-0.30000001192092896,-0.30000001192092896,0.30000001192092896,-0.30000001192092896,0.30000001192092896,-0.30000001192092896,-0.29910964552523805
1.2999999523162842,0.33123204021701047,-0.30000001192092896,0.3103092908859253,0.3683760668976746,-0.30000001192092896,-0.26774194692092895,-0.28989900192092893,-0.30000001192092896,-0.30000001192092896,-0.30000001192092896,0.727139048920929,0.02365144007907105,1.159883051920929,-0.30000001192092896,-0.24630077652523802
1.2999999523162842,0.4521008412170105,-0.30000001192092896,0.3103092908859253,0.5136752128976746,-0.30000001192092896,-0.30000001192092896,-0.30000001192092896,-0.30000001192092896,-0.30000001192092896,-0.30000001192092896,0.30000001192092896,-0.30000001192092896,0.30000001192092896,-0.30000001192092896,-0.29932408752523804
1.2999999523162842,0.3911832682170105,-0.30000001192092896,0.3103092908859253,0.33418803289767457,-0.30000001192092896,-0.13064517292092895,-0.28989900192092893,-0.30000001192092896,-0.30000001192092896,-0.30000001192092896,1.072058835920929,-0.30000001192092896,0.30000001192092896,-0.30000001192092896,-0.29985165252523804
1.2999999523162842,0.3309060882170105,-0.30000001192092896,0.3103092908859253,0.3769230758976746,-0.30000001192092896,-0.23548388292092895,-0.28989900192092893,-0.30000001192092896,-0.30000001192092896,-0.30000001192092896,0.5633689959209289,-0.21286308292092895,0.860955634920929,-0.30000001192092896,-0.27388053552523806
1.2999999523162842,0.3027279052170105,-0.30000001192092896,0.3103092908859253,0.33418803289767457,-0.30000001192092896,-0.14677420592092896,-0.28989900192092893,-0.30000001192092896,-0.30000001192092896,-0.30000001192092896,1.062032097920929,-0.17551868392092895,0.721884852920929,-0.30000001192092896,-0.24999240352523802
1.2999999523162842,0.3621308312170105,-0.30000001192092896,0.3103092908859253,0.3769230758976746,-0.30000001192092896,-0.27580646392092895,-0.26969698192092895,-0.30000001192092896,-0.30000001192092896,-0.30000001192092896,0.30000001192092896,-0.30000001192092896,0.30000001192092896,-0.30000001192092896,-0.29986251852523804
1.2999999523162842,0.3302975032170105,-0.30000001192092896,0.5268041368859253,0.3512820498976746,-0.30000001192092896,-0.28387097992092897,-0.28989900192092893,-0.30000001192092896,-0.30000001192092896,-0.30000001192092896,0.5747326319209289,0.554771772079071,0.9253503849209289,-0.30000001192092896,-0.23044232652523805
1.2999999523162842,0.5426767102170105,-0.30000001192092896,0.3103092908859253,0.5222222208976746,-0.30000001192092896,-0.30000001192092896,-0.30000001192092896,-0.30000001192092896,-0.30000001192092896,-0.30000001192092896,0.30000001192092896,-0.283402501920929,1.1441927509209289,-0.30000001192092896,-0.29884442152523805
1.2999999523162842,0.3012420362170105,-0.30000001192092896,0.3103092908859253,0.3512820498976746,-0.30000001192092896,-0.30000001192092896,-0.30000001192092896,-0.30000001192092896,-0.30000001192092896,-0.30000001192092896,0.30000001192092896,-0.29170125692092896,0.9188818659209289,-0.30000001192092896,-0.29651905352523805
1.2999999523162842,0.48209023821701047,-0.30000001192092896,0.3103092908859253,0.5222222208976746,-0.30000001192092896,-0.30000001192092896,-0.30000001192092896,-0.30000001192092896,-0.30000001192092896,-0.30000001192092896,0.30000001192092896,-0.30000001192092896,0.30000001192092896,-0.30000001192092896,-0.299870723525238
1.2999999523162842,0.3330284102170105,-0.30000001192092896,0.3103092908859253,0.3512820498976746,-0.30000001192092896,-0.24354839892092894,-0.28989900192092893,-0.30000001192092896,-0.30000001192092896,-0.30000001192092896,0.861497337920929,-0.05518673392092896,0.726050401920929,-0.30000001192092896,-0.25216342652523804
1.2999999523162842,0.3309060882170105,-0.30000001192092896,0.3103092908859253,0.3256410248976746,-0.30000001192092896,-0.13064517292092895,-0.08787879992092895,-0.30000001192092896,-0.30000001192092896,-0.30000001192092896,0.30000001192092896,-0.30000001192092896,0.30000001192092896,-0.30000001192092896,-0.29983967752523805
1.2999999523162842,0.5135954942170105,-0.30000001192092896,0.3103092908859253,0.5222222208976746,-0.30000001192092896,-0.30000001192092896,-0.30000001192092896,-0.30000001192092896,-0.30000001192092896,-0.30000001192092896,0.30000001192092896,-0.30000001192092896,0.30000001192092896,-0.30000001192092896,-0.29715173352523805
1.2999999523162842,0.4817879152170105,-0.30000001192092896,0.3103092908859253,0.3769230758976746,-0.30000001192092896,-0.30000001192092896,-0.30000001192092896,-0.30000001192092896,-0.30000001192092896,-0.30000001192092896,0.30000001192092896,-0.30000001192092896,0.30000001192092896,-0.30000001192092896,-0.29984278252523805
1.2999999523162842,0.3039387132170105,-0.30000001192092896,0.3103092908859253,0.3256410248976746,-0.30000001192092896,0.07903224607907106,-0.28989900192092893,-0.30000001192092896,-0.30000001192092896,-0.30000001192092896,1.148262043920929,-0.30000001192092896,0.30000001192092896,-0.30000001192092896,-0.29983901252523804
1.2999999523162842,0.3321211372170105,-0.30000001192092896,0.3103092908859253,0.3683760668976746,-0.30000001192092896,-0.25967743092092893,-0.24949496092092896,-0.30000001192092896,-0.30000001192092896,-0.30000001192092896,0.30000001192092896,-0.30000001192092896,0.30000001192092896,-0.30000001192092896,-0.29984012152523803
1.2999999523162842,0.3039490132170105,-0.30000001192092896,0.3103092908859253,0.34273504189767456,-0.30000001192092896,-0.09838710892092895,-0.28989900192092893,-0.30000001192092896,-0.30000001192092896,-0.30000001192092896,1.1021390489209288,-0.30000001192092896,0.30000001192092896,-0.30000001192092896,-0.29984056452523805
1.2999999523162842,0.4524037702170105,-0.30000001192092896,0.3103092908859253,0.5222222208976746,-0.30000001192092896,-0.30000001192092896,-0.30000001192092896,-0.30000001192092896,-0.30000001192092896,-0.30000001192092896,0.30000001192092896,-0.30000001192092896,0.30000001192092896,-0.30000001192092896,-0.29990043962523805
1.2999999523162842,0.3339565862170105,-0.30000001192092896,0.3103092908859253,0.3683760668976746,-0.30000001192092896,-0.26774194692092895,-0.28989900192092893,-0.30000001192092896,-0.30000001192092896,-0.30000001192092896,0.7278074989209289,-0.30000001192092896,0.30000001192092896,-0.30000001192092896,-0.299846552525238
1.2999999523162842,0.4530096292170105,-0.30000001192092896,0.3103092908859253,0.4965811958976746,-0.30000001192092896,-0.30000001192092896,-0.30000001192092896,-0.30000001192092896,-0.30000001192092896,-0.30000001192092896,0.30000001192092896,-0.295850633920929,0.990216424920929,-0.30000001192092896,-0.29982681552523804
1.2999999523162842,0.30152860721701047,-0.30000001192092896,0.3103092908859253,0.3598290588976746,-0.30000001192092896,-0.13064517292092895,-0.08787879992092895,-0.30000001192092896,-0.30000001192092896,-0.30000001192092896,0.33676471792092894,-0.07178424392092894,0.798222310920929,-0.30000001192092896,-0.26330439152523805
1.2999999523162842,0.5432825682170105,-0.30000001192092896,0.3103092908859253,0.5136752128976746,-0.30000001192092896,-0.30000001192092896,-0.30000001192092896,-0.30000001192092896,-0.30000001192092896,-0.30000001192092896,0.30000001192092896,-0.30000001192092896,0.30000001192092896,-0.30000001192092896,-0.29990088312523805
1.2999999523162842,0.3912120462170105,-0.30000001192092896,0.3103092908859253,0.33418803289767457,-0.30000001192092896,-0.29193549592092893,-0.28989900192092893,-0.30000001192092896,-0.30000001192092896,-0.30000001192092896,0.4610962689209289,0.699999988079071,1.1441927509209289,-0.30000001192092896,-0.20653756152523803
1.2999999523162842,0.4233225552170105,-0.30000001192092896,0.3103092908859253,0.3598290588976746,-0.30000001192092896,-0.22741936692092896,-0.20909092092092896,-0.30000001192092896,-0.30000001192092896,-0.30000001192092896,0.30000001192092896,-0.30000001192092896,0.30000001192092896,-0.30000001192092896,-0.299855865525238
1.2999999523162842,0.3021420392170105,-0.30000001192092896,0.3103092908859253,0.3170940158976746,-0.30000001192092896,0.11935482707907102,-0.28989900192092893,-0.30000001192092896,-0.30000001192092896,-0.30000001192092896,1.168983968920929,-0.30000001192092896,0.30000001192092896,-0.30000001192092896,-0.29983967752523805
1.2999999523162842,0.3333431542170105,-0.30000001192092896,0.3103092908859253,0.3940170928976746,-0.30000001192092896,-0.30000001192092896,-0.30000001192092896,-0.30000001192092896,-0.30000001192092896,-0.30000001192092896,0.30000001192092896,-0.30000001192092896,0.30000001192092896,-0.30000001192092896,-0.299870945525238
1.2999999523162842,0.7241083542170105,-0.30000001192092896,0.3103092908859253,0.3769230758976746,-0.30000001192092896,-0.30000001192092896,-0.30000001192092896,-0.30000001192092896,-0.30000001192092896,-0.30000001192092896,0.30000001192092896,-0.29170125692092896,0.860955634920929,-0.30000001192092896,-0.299632776525238
1.2999999523162842,0.3006176992170105,-0.30000001192092896,0.3103092908859253,0.3256410248976746,-0.30000001192092896,-0.14677420592092896,-0.10808081992092897,-0.30000001192092896,-0.30000001192092896,-0.30000001192092896,0.30000001192092896,-0.30000001192092896,0.30000001192092896,-0.30000001192092896,-0.29983945552523805
1.2999999523162842,0.45179670021701046,-0.30000001192092896,0.3103092908859253,0.5393162378976746,-0.30000001192092896,-0.30000001192092896,-0.30000001192092896,-0.30000001192092896,-0.30000001192092896,-0.30000001192092896,0.30000001192092896,-0.27925312392092894,0.748362389920929,-0.30000001192092896,-0.298914941525238
1.2999999523162842,0.8153131032170104,-0.30000001192092896,0.3103092908859253,0.3769230758976746,-0.30000001192092896,-0.30000001192092896,-0.30000001192092896,-0.30000001192092896,-0.30000001192092896,-0.30000001192092896,0.30000001192092896,-0.30000001192092896,0.30000001192092896,-0.30000001192092896,-0.299721701525238
1.2999999523162842,0.4524037702170105,-0.30000001192092896,0.3103092908859253,0.5051282038976745,-0.30000001192092896,-0.30000001192092896,-0.30000001192092896,-0.30000001192092896,-0.30000001192092896,-0.30000001192092896,0.30000001192092896,-0.295850633920929,0.897304123920929,-0.30000001192092896,-0.29968599852523803
1.2999999523162842,0.3045709272170105,-0.30000001192092896,0.3103092908859253,0.34273504189767456,-0.30000001192092896,-0.10645162492092897,-0.05757576992092894,-0.30000001192092896,-0.30000001192092896,-0.30000001192092896,0.30000001192092896,-0.30000001192092896,0.30000001192092896,-0.30000001192092896,-0.29983989952523804
1.2999999523162842,0.3018315372170105,-0.30000001192092896,0.3103092908859253,0.3256410248976746,-0.30000001192092896,0.06290321407907107,-0.28989900192092893,-0.30000001192092896,-0.30000001192092896,-0.30000001192092896,1.142246000920929,-0.30000001192092896,0.30000001192092896,-0.30000001192092896,-0.29983945552523805
1.2999999523162842,0.3621308312170105,-0.30000001192092896,0.3103092908859253,0.5136752128976746,-0.30000001192092896,-0.30000001192092896,-0.30000001192092896,-0.30000001192092896,-0.30000001192092896,-0.30000001192092896,0.30000001192092896,-0.30000001192092896,0.30000001192092896,-0.30000001192092896,-0.29987050252523806
1.2999999523162842,0.5120808482170105,-0.30000001192092896,0.3103092908859253,0.5136752128976746,-0.30000001192092896,-0.30000001192092896,-0.30000001192092896,-0.30000001192092896,-0.30000001192092896,-0.30000001192092896,0.30000001192092896,-0.30000001192092896,0.30000001192092896,-0.30000001192092896,-0.29939970752523803
1.2999999523162842,0.6938384432170105,-0.30000001192092896,0.3103092908859253,0.3769230758976746,-0.30000001192092896,-0.30000001192092896,-0.30000001192092896,-0.30000001192092896,-0.30000001192092896,-0.30000001192092896,0.30000001192092896,-0.30000001192092896,0.30000001192092896,-0.30000001192092896,-0.299904431225238
1.2999999523162842,0.4829720662170105,-0.30000001192092896,0.3103092908859253,0.5222222208976746,-0.30000001192092896,-0.30000001192092896,-0.30000001192092896,-0.30000001192092896,-0.30000001192092896,-0.30000001192092896,0.30000001192092896,-0.30000001192092896,0.30000001192092896,-0.30000001192092896,-0.29987050252523806
1.2999999523162842,0.5438884272170105,-0.30000001192092896,0.3103092908859253,0.5136752128976746,-0.30000001192092896,-0.30000001192092896,-0.30000001192092896,-0.30000001192092896,-0.30000001192092896,-0.30000001192092896,0.30000001192092896,-0.30000001192092896,0.30000001192092896,-0.30000001192092896,-0.29990088312523805
1.2999999523162842,0.3027530482170105,-0.30000001192092896,0.3824742398859253,0.4282051268976746,-0.30000001192092896,-0.21129033492092897,-0.28989900192092893,-0.30000001192092896,-0.30000001192092896,-0.30000001192092896,0.660962578920929,-0.30000001192092896,0.30000001192092896,-0.30000001192092896,-0.294638091525238
1.2999999523162842,0.5123837772170106,-0.30000001192092896,0.3103092908859253,0.5222222208976746,-0.30000001192092896,-0.30000001192092896,-0.30000001192092896,-0.30000001192092896,-0.30000001192092896,-0.30000001192092896,0.30000001192092896,-0.2875518789209289,0.927652313920929,-0.30000001192092896,-0.29886238452523806
1.2999999523162842,0.3606004322170105,-0.30000001192092896,0.3103092908859253,0.3512820498976746,-0.30000001192092896,-0.19516130192092895,-0.28989900192092893,-0.30000001192092896,-0.30000001192092896,-0.30000001192092896,0.9951871779209289,-0.30000001192092896,0.30000001192092896,-0.30000001192092896,-0.299844999525238
1.2999999523162842,0.3627366902170105,-0.30000001192092896,0.3103092908859253,0.33418803289767457,-0.30000001192092896,-0.19516130192092895,-0.28989900192092893,-0.30000001192092896,-0.30000001192092896,-0.30000001192092896,0.9951871779209289,-0.30000001192092896,0.30000001192092896,-0.30000001192092896,-0.29985542252523806
1.2999999523162842,0.5129896362170105,-0.30000001192092896,0.3103092908859253,0.5136752128976746,-0.30000001192092896,-0.30000001192092896,-0.30000001192092896,-0.30000001192092896,-0.30000001192092896,-0.30000001192092896,0.30000001192092896,-0.29170125692092896,1.044382434920929,-0.30000001192092896,-0.299572901525238
1.2999999523162842,0.3302932622170105,-0.30000001192092896,0.7845360948859252,0.5393162378976746,-0.30000001192092896,-0.30000001192092896,-0.30000001192092896,0.699999988079071,-0.30000001192092896,-0.30000001192092896,0.30000001192092896,-0.24605810292092894,1.1978775169209288,-0.30000001192092896,-0.253676933525238
1.2999999523162842,0.39363548121701053,-0.30000001192092896,0.3103092908859253,0.34273504189767456,-0.30000001192092896,-0.24354839892092894,-0.22929294092092894,-0.30000001192092896,-0.30000001192092896,-0.30000001192092896,0.30000001192092896,-0.30000001192092896,0.30000001192092896,-0.30000001192092896,-0.29755089952523806
1.2999999523162842,0.3930284102170105,-0.30000001192092896,0.3103092908859253,0.5222222208976746,-0.30000001192092896,-0.30000001192092896,-0.30000001192092896,-0.30000001192092896,-0.30000001192092896,-0.30000001192092896,0.30000001192092896,-0.27510374592092895,0.748362389920929,-0.30000001192092896,-0.29781789852523805
1.2999999523162842,0.5129617662170105,-0.30000001192092896,0.3103092908859253,0.5136752128976746,-0.30000001192092896,-0.30000001192092896,-0.30000001192092896,-0.30000001192092896,-0.30000001192092896,-0.30000001192092896,0.30000001192092896,-0.30000001192092896,0.30000001192092896,-0.30000001192092896,-0.299900661325238
1.2999999523162842,0.39242376421701053,-0.30000001192092896,0.3103092908859253,0.5222222208976746,-0.30000001192092896,-0.30000001192092896,-0.30000001192092896,-0.30000001192092896,-0.30000001192092896,-0.30000001192092896,0.30000001192092896,-0.30000001192092896,0.30000001192092896,-0.30000001192092896,-0.298823132525238
1.2999999523162842,0.3015249722170105,-0.30000001192092896,0.3927835178859253,0.5393162378976746,-0.30000001192092896,-0.30000001192092896,-0.30000001192092896,-0.30000001192092896,-0.30000001192092896,-0.30000001192092896,0.30000001192092896,-0.24605810292092894,1.119382977920929,-0.30000001192092896,-0.277517387525238
1.2999999523162842,0.4224137672170105,-0.30000001192092896,0.3103092908859253,0.4282051268976746,-0.30000001192092896,-0.30000001192092896,-0.30000001192092896,-0.30000001192092896,-0.30000001192092896,-0.30000001192092896,0.30000001192092896,-0.30000001192092896,0.30000001192092896,-0.30000001192092896,-0.270473203525238
1.2999999523162842,0.3339502242170105,-0.30000001192092896,0.3103092908859253,0.3256410248976746,-0.30000001192092896,-0.21129033492092897,-0.18888890092092897,-0.30000001192092896,-0.30000001192092896,-0.30000001192092896,0.36016043992092894,0.07344397107907102,1.028334791920929,-0.30000001192092896,-0.26233818652523805
1.2999999523162842,0.42150497921701047,-0.30000001192092896,0.3103092908859253,0.5222222208976746,-0.30000001192092896,-0.30000001192092896,-0.30000001192092896,0.699999988079071,-0.30000001192092896,-0.30000001192092896,0.30000001192092896,-0.30000001192092896,0.30000001192092896,-0.30000001192092896,-0.299899996525238
1.2999999523162842,0.4826967032170105,-0.30000001192092896,0.3103092908859253,0.5307692298976746,-0.30000001192092896,-0.30000001192092896,-0.30000001192092896,-0.30000001192092896,-0.30000001192092896,-0.30000001192092896,0.30000001192092896,-0.29170125692092896,1.081906451920929,-0.30000001192092896,-0.298535954525238
1.2999999523162842,0.3309291102170105,-0.30000001192092896,0.3103092908859253,0.3769230758976746,-0.30000001192092896,-0.30000001192092896,-0.30000001192092896,-0.30000001192092896,-0.30000001192092896,-0.30000001192092896,0.30000001192092896,-0.30000001192092896,0.30000001192092896,-0.30000001192092896,-0.28268460052523803
1.2999999523162842,0.3608933652170105,-0.30000001192092896,0.3103092908859253,0.3256410248976746,-0.30000001192092896,-0.05806452792092895,-0.28989900192092893,-0.30000001192092896,-0.30000001192092896,-0.30000001192092896,1.099465252920929,-0.30000001192092896,0.30000001192092896,-0.30000001192092896,-0.299844112525238
1.2999999523162842,0.3054554802170105,-0.30000001192092896,0.3103092908859253,0.33418803289767457,-0.30000001192092896,-0.14677420592092896,-0.28989900192092893,-0.30000001192092896,-0.30000001192092896,-0.30000001192092896,1.062032097920929,-0.30000001192092896,0.30000001192092896,-0.30000001192092896,-0.29983989952523804
1.2999999523162842,0.5132925652170105,-0.30000001192092896,0.3103092908859253,0.5136752128976746,-0.30000001192092896,-0.30000001192092896,-0.30000001192092896,-0.30000001192092896,-0.30000001192092896,-0.30000001192092896,0.30000001192092896,-0.29170125692092896,0.8542434229209289,-0.30000001192092896,-0.299214759525238
1.2999999523162842,0.3039547682170105,-0.30000001192092896,0.3103092908859253,0.34273504189767456,-0.30000001192092896,-0.21129033492092897,-0.28989900192092893,-0.30000001192092896,-0.30000001192092896,-0.30000001192092896,0.961764717920929,-0.30000001192092896,0.30000001192092896,-0.30000001192092896,-0.29983879052523804
1.2999999523162842,0.48239377421701046,-0.30000001192092896,0.3103092908859253,0.5136752128976746,-0.30000001192092896,-0.30000001192092896,-0.30000001192092896,0.699999988079071,-0.30000001192092896,-0.30000001192092896,0.30000001192092896,-0.30000001192092896,0.30000001192092896,-0.30000001192092896,-0.29127777352523804
1.2999999523162842,0.3605861942170105,-0.30000001192092896,0.44432990988592536,0.5393162378976746,-0.30000001192092896,-0.30000001192092896,-0.30000001192092896,-0.30000001192092896,-0.30000001192092896,-0.30000001192092896,0.30000001192092896,-0.24605810292092894,1.1978775169209288,-0.30000001192092896,-0.27197850552523806
1.2999999523162842,0.4533125582170105,-0.30000001192092896,0.3103092908859253,0.5222222208976746,-0.30000001192092896,-0.30000001192092896,-0.30000001192092896,-0.30000001192092896,-0.30000001192092896,-0.30000001192092896,0.30000001192092896,-0.295850633920929,1.1382667819209291,-0.30000001192092896,-0.299074607525238
1.2999999523162842,0.5126851922170105,-0.30000001192092896,0.3103092908859253,0.5222222208976746,-0.30000001192092896,-0.30000001192092896,-0.30000001192092896,-0.30000001192092896,-0.30000001192092896,-0.30000001192092896,0.30000001192092896,-0.30000001192092896,0.30000001192092896,-0.30000001192092896,-0.299719262525238
1.2999999523162842,0.4224137672170105,-0.30000001192092896,0.3103092908859253,0.5222222208976746,-0.30000001192092896,-0.30000001192092896,-0.30000001192092896,-0.30000001192092896,-0.30000001192092896,-0.30000001192092896,0.30000001192092896,-0.29170125692092896,0.721884852920929,-0.30000001192092896,-0.29892248152523804
1.2999999523162842,0.4539184172170105,-0.30000001192092896,0.3103092908859253,0.5307692298976746,-0.30000001192092896,-0.30000001192092896,-0.30000001192092896,-0.30000001192092896,-0.30000001192092896,-0.30000001192092896,0.30000001192092896,-0.29170125692092896,1.0424097209209289,-0.30000001192092896,-0.299766718525238
1.2999999523162842,0.6938384432170105,-0.30000001192092896,0.3103092908859253,0.3769230758976746,-0.30000001192092896,-0.30000001192092896,-0.30000001192092896,-0.30000001192092896,-0.30000001192092896,-0.30000001192092896,0.30000001192092896,-0.30000001192092896,0.30000001192092896,-0.30000001192092896,-0.29990487482523803
1.2999999523162842,0.42180790821701053,-0.30000001192092896,0.3103092908859253,0.3769230758976746,-0.30000001192092896,-0.29193549592092893,-0.28989900192092893,-0.30000001192092896,-0.30000001192092896,-0.30000001192092896,0.4610962689209289,0.21452281007907104,0.869510518920929,-0.30000001192092896,-0.25521039952523805
1.2999999523162842,0.3318136642170105,-0.30000001192092896,0.4752577448859253,0.5393162378976746,-0.30000001192092896,-0.22741936692092896,-0.28989900192092893,-0.30000001192092896,-0.30000001192092896,-0.30000001192092896,0.30000001192092896,-0.30000001192092896,0.30000001192092896,-0.30000001192092896,-0.29955249952523805
1.2999999523162842,0.3915149762170105,-0.30000001192092896,0.3103092908859253,0.4025641018976746,-0.30000001192092896,-0.30000001192092896,-0.30000001192092896,-0.30000001192092896,-0.30000001192092896,-0.30000001192092896,0.30000001192092896,-0.295850633920929,1.072055110920929,-0.30000001192092896,-0.299757626525238
1.2999999523162842,0.39148468321701047,-0.30000001192092896,0.3103092908859253,0.33418803289767457,-0.30000001192092896,-0.21129033492092897,-0.18888890092092897,-0.30000001192092896,-0.30000001192092896,-0.30000001192092896,0.30000001192092896,-0.30000001192092896,0.30000001192092896,-0.30000001192092896,-0.299854091525238
1.2999999523162842,0.4521008412170105,-0.30000001192092896,0.3103092908859253,0.5222222208976746,-0.30000001192092896,-0.30000001192092896,-0.30000001192092896,-0.30000001192092896,-0.30000001192092896,-0.30000001192092896,0.30000001192092896,-0.30000001192092896,0.30000001192092896,-0.30000001192092896,-0.299900661325238
1.2999999523162842,0.4817879152170105,-0.30000001192092896,0.3103092908859253,0.5222222208976746,-0.30000001192092896,-0.30000001192092896,-0.30000001192092896,-0.30000001192092896,-0.30000001192092896,-0.30000001192092896,0.30000001192092896,-0.30000001192092896,0.30000001192092896,-0.30000001192092896,-0.29990088312523805
1.2999999523162842,0.5735588402170104,-0.30000001192092896,0.3103092908859253,0.5222222208976746,-0.30000001192092896,-0.30000001192092896,-0.30000001192092896,-0.30000001192092896,-0.30000001192092896,-0.30000001192092896,0.30000001192092896,-0.2875518789209289,0.8893623089209289,-0.30000001192092896,-0.29869052052523803
1.2999999523162842,0.4527067002170105,-0.30000001192092896,0.3103092908859253,0.4880341868976746,-0.30000001192092896,-0.30000001192092896,-0.30000001192092896,-0.30000001192092896,-0.30000001192092896,-0.30000001192092896,0.30000001192092896,-0.295850633920929,0.7769382279209289,-0.30000001192092896,-0.294844993525238
1.2999999523162842,0.4817879152170105,-0.30000001192092896,0.3103092908859253,0.5051282038976745,-0.30000001192092896,-0.30000001192092896,-0.30000001192092896,-0.30000001192092896,-0.30000001192092896,-0.30000001192092896,0.30000001192092896,-0.30000001192092896,0.30000001192092896,-0.30000001192092896,-0.299693316525238
1.2999999523162842,0.3033543622170105,-0.30000001192092896,0.3103092908859253,0.3512820498976746,-0.30000001192092896,-0.25161291492092897,-0.28989900192092893,-0.30000001192092896,-0.30000001192092896,-0.30000001192092896,0.825401081920929,-0.30000001192092896,0.30000001192092896,-0.30000001192092896,-0.29983901252523804
1.2999999523162842,0.3012314342170105,-0.30000001192092896,0.3103092908859253,0.33418803289767457,-0.30000001192092896,-0.11451614092092896,-0.06767677992092896,-0.30000001192092896,-0.30000001192092896,-0.30000001192092896,0.33409092092092896,-0.08838175492092895,1.014219106920929,-0.30000001192092896,-0.256530975525238
1.2999999523162842,0.48239377421701046,-0.30000001192092896,0.3103092908859253,0.5222222208976746,-0.30000001192092896,-0.30000001192092896,-0.30000001192092896,-0.30000001192092896,-0.30000001192092896,-0.30000001192092896,0.30000001192092896,-0.30000001192092896,0.30000001192092896,-0.30000001192092896,-0.29990132662523805
1.2999999523162842,0.5732725722170104,-0.30000001192092896,0.3103092908859253,0.5051282038976745,-0.30000001192092896,-0.30000001192092896,-0.30000001192092896,-0.30000001192092896,-0.30000001192092896,-0.30000001192092896,0.30000001192092896,-0.29170125692092896,0.856131456920929,-0.30000001192092896,-0.29916087252523804
1.2999999523162842,0.5432825682170105,-0.30000001192092896,0.3103092908859253,0.5222222208976746,-0.30000001192092896,-0.30000001192092896,-0.30000001192092896,-0.30000001192092896,-0.30000001192092896,-0.30000001192092896,0.30000001192092896,-0.30000001192092896,0.30000001192092896,-0.30000001192092896,-0.29127799452523806
1.2999999523162842,0.8453031072170105,-0.30000001192092896,0.3103092908859253,0.3769230758976746,-0.30000001192092896,-0.30000001192092896,-0.30000001192092896,-0.30000001192092896,-0.30000001192092896,-0.30000001192092896,0.30000001192092896,-0.30000001192092896,0.30000001192092896,-0.30000001192092896,-0.29990465302523805
1.2999999523162842,0.4833025622170105,-0.30000001192092896,0.3103092908859253,0.5051282038976745,-0.30000001192092896,-0.30000001192092896,-0.30000001192092896,-0.30000001192092896,-0.30000001192092896,-0.30000001192092896,0.30000001192092896,-0.30000001192092896,0.30000001192092896,-0.30000001192092896,-0.29990132662523805
1.2999999523162842,0.3018445632170105,-0.30000001192092896,0.3103092908859253,0.34273504189767456,-0.30000001192092896,-0.29193549592092893,-0.28989900192092893,-0.30000001192092896,-0.30000001192092896,-0.30000001192092896,0.4610962689209289,0.699999988079071,0.979299344920929,-0.30000001192092896,-0.26711687752523805
1.2999999523162842,0.36061618421701047,-0.30000001192092896,0.3103092908859253,0.4111111098976746,-0.30000001192092896,-0.28387097992092897,-0.28989900192092893,-0.30000001192092896,-0.30000001192092896,-0.30000001192092896,0.5526738089209289,-0.30000001192092896,0.30000001192092896,-0.30000001192092896,-0.299860966525238
1.2999999523162842,0.3630232612170105,-0.30000001192092896,0.3103092908859253,0.33418803289767457,-0.30000001192092896,-0.17096775392092894,-0.28989900192092893,-0.30000001192092896,-0.30000001192092896,-0.30000001192092896,1.0272727389209289,-0.15892117392092894,1.054287704920929,-0.30000001192092896,-0.24861172952523802
1.2999999523162842,0.3909091172170105,-0.30000001192092896,0.3103092908859253,0.3512820498976746,-0.30000001192092896,-0.18709678592092896,-0.28989900192092893,-0.30000001192092896,-0.30000001192092896,-0.30000001192092896,1.011229958920929,-0.30000001192092896,0.30000001192092896,-0.30000001192092896,-0.25073596252523805
1.2999999523162842,0.4230196262170105,-0.30000001192092896,0.3103092908859253,0.5136752128976746,-0.30000001192092896,-0.30000001192092896,-0.30000001192092896,0.699999988079071,-0.30000001192092896,-0.30000001192092896,0.30000001192092896,-0.30000001192092896,0.30000001192092896,-0.30000001192092896,-0.277739368525238
1.2999999523162842,0.3330241692170105,-0.30000001192092896,0.3103092908859253,0.3683760668976746,-0.30000001192092896,-0.25967743092092893,-0.28989900192092893,-0.30000001192092896,-0.30000001192092896,-0.30000001192092896,0.780614984920929,-0.30000001192092896,0.30000001192092896,-0.30000001192092896,-0.299846108525238
1.2999999523162842,0.3912120462170105,-0.30000001192092896,0.3103092908859253,0.3598290588976746,-0.30000001192092896,-0.22741936692092896,-0.28989900192092893,-0.30000001192092896,-0.30000001192092896,-0.30000001192092896,0.919652417920929,-0.05933611192092897,0.9832251139209289,-0.30000001192092896,-0.252036802525238
1.2999999523162842,0.3615249722170105,-0.30000001192092896,0.3103092908859253,0.3940170928976746,-0.30000001192092896,-0.30000001192092896,-0.30000001192092896,-0.30000001192092896,-0.30000001192092896,-0.30000001192092896,0.30000001192092896,-0.295850633920929,1.1441927509209289,-0.30000001192092896,-0.299870723525238
1.2999999523162842,0.3033604212170105,-0.30000001192092896,0.3103092908859253,0.2999999988976746,-0.30000001192092896,-0.30000001192092896,-0.30000001192092896,-0.30000001192092896,-0.30000001192092896,-0.30000001192092896,0.30066846092092897,-0.295850633920929,1.077346022920929,-0.30000001192092896,-0.299870280525238
1.2999999523162842,0.5435854982170105,-0.30000001192092896,0.3103092908859253,0.5222222208976746,-0.30000001192092896,-0.30000001192092896,-0.30000001192092896,-0.30000001192092896,-0.30000001192092896,-0.30000001192092896,0.30000001192092896,-0.30000001192092896,0.30000001192092896,-0.30000001192092896,-0.29990088312523805
1.2999999523162842,0.3324416362170105,-0.30000001192092896,0.3103092908859253,0.3170940158976746,-0.30000001192092896,0.15161289107907105,0.26565655407907107,-0.30000001192092896,-0.30000001192092896,-0.30000001192092896,1.160962578920929,-0.20456432692092896,1.077346022920929,-0.30000001192092896,-0.24620630652523803
1.2999999523162842,0.4211872062170105,-0.30000001192092896,0.3103092908859253,0.3598290588976746,-0.30000001192092896,-0.29193549592092893,-0.28989900192092893,-0.30000001192092896,-0.30000001192092896,-0.30000001192092896,0.4610962689209289,0.699999988079071,0.828261539920929,-0.30000001192092896,-0.263834617525238
1.2999999523162842,0.4526779212170105,-0.30000001192092896,0.3103092908859253,0.5222222208976746,-0.30000001192092896,-0.30000001192092896,-0.30000001192092896,-0.30000001192092896,-0.30000001192092896,-0.30000001192092896,0.30000001192092896,-0.30000001192092896,0.30000001192092896,-0.30000001192092896,-0.299900217825238
1.2999999523162842,0.4823916532170105,-0.30000001192092896,0.3103092908859253,0.5222222208976746,-0.30000001192092896,-0.30000001192092896,-0.30000001192092896,-0.30000001192092896,-0.30000001192092896,-0.30000001192092896,0.30000001192092896,-0.30000001192092896,0.30000001192092896,-0.30000001192092896,-0.291272229525238
1.2999999523162842,0.3921208342170105,-0.30000001192092896,0.3103092908859253,0.4880341868976746,-0.30000001192092896,-0.29193549592092893,-0.28989900192092893,-0.30000001192092896,-0.30000001192092896,-0.30000001192092896,0.4610962689209289,-0.30000001192092896,0.30000001192092896,-0.30000001192092896,-0.299892899525238
1.2999999523162842,0.48239377421701046,-0.30000001192092896,0.3103092908859253,0.5222222208976746,-0.30000001192092896,-0.30000001192092896,-0.30000001192092896,-0.30000001192092896,-0.30000001192092896,-0.30000001192092896,0.30000001192092896,-0.30000001192092896,0.30000001192092896,-0.30000001192092896,-0.29939970752523803
1.2999999523162842,0.3609191142170105,-0.30000001192092896,0.3103092908859253,0.3512820498976746,-0.30000001192092896,-0.25967743092092893,-0.24949496092092896,-0.30000001192092896,-0.30000001192092896,-0.30000001192092896,0.39625669592092894,0.29751036107907103,0.7089505379209289,-0.30000001192092896,-0.24422777052523803
1.2999999523162842,0.4820908442170105,-0.30000001192092896,0.3103092908859253,0.5222222208976746,-0.30000001192092896,-0.30000001192092896,-0.30000001192092896,-0.30000001192092896,-0.30000001192092896,-0.30000001192092896,0.30000001192092896,-0.30000001192092896,0.30000001192092896,-0.30000001192092896,-0.29982681552523804
1.2999999523162842,0.5132925652170105,-0.30000001192092896,0.3103092908859253,0.5136752128976746,-0.30000001192092896,-0.30000001192092896,-0.30000001192092896,-0.30000001192092896,-0.30000001192092896,-0.30000001192092896,0.30000001192092896,-0.30000001192092896,0.30000001192092896,-0.30000001192092896,-0.29990088312523805
1.2999999523162842,0.3306061882170105,-0.30000001192092896,0.3103092908859253,0.3512820498976746,-0.30000001192092896,-0.24354839892092894,-0.22929294092092894,-0.30000001192092896,-0.30000001192092896,-0.30000001192092896,0.30000001192092896,-0.30000001192092896,0.30000001192092896,-0.30000001192092896,-0.29984056452523805
1.2999999523162842,0.5123837772170106,-0.30000001192092896,0.3103092908859253,0.5222222208976746,-0.30000001192092896,-0.30000001192092896,-0.30000001192092896,-0.30000001192092896,-0.30000001192092896,-0.30000001192092896,0.30000001192092896,-0.30000001192092896,0.30000001192092896,-0.30000001192092896,-0.29990088312523805
1.2999999523162842,0.48239377421701046,-0.30000001192092896,0.3103092908859253,0.5222222208976746,-0.30000001192092896,-0.30000001192092896,-0.30000001192092896,-0.30000001192092896,-0.30000001192092896,-0.30000001192092896,0.30000001192092896,-0.30000001192092896,0.30000001192092896,-0.30000001192092896,-0.29990132662523805
1.2999999523162842,0.4230196262170105,-0.30000001192092896,0.3103092908859253,0.5222222208976746,-0.30000001192092896,-0.30000001192092896,-0.30000001192092896,-0.30000001192092896,-0.30000001192092896,-0.30000001192092896,0.30000001192092896,-0.30000001192092896,0.30000001192092896,-0.30000001192092896,-0.299896669525238
0.2999999523162842,0.30000790237701047,-0.15057116192092895,0.3000000128859253,0.3512820498976746,0.699999988079071,-0.30000001192092896,-0.30000001192092896,0.699999988079071,-0.19898991092092894,-0.15062241892092895,0.30000001192092896,-0.30000001192092896,0.30000001192092896,0.033333321079071054,-0.29866767952523804
1.2999999523162842,0.39242376421701053,-0.30000001192092896,0.3103092908859253,0.5307692298976746,-0.30000001192092896,-0.30000001192092896,-0.30000001192092896,-0.30000001192092896,-0.30000001192092896,-0.30000001192092896,0.30000001192092896,-0.30000001192092896,0.30000001192092896,-0.30000001192092896,-0.298823132525238
1.2999999523162842,0.4211984142170105,-0.30000001192092896,0.3103092908859253,0.3683760668976746,-0.30000001192092896,-0.30000001192092896,-0.30000001192092896,-0.30000001192092896,-0.30000001192092896,-0.30000001192092896,0.30000001192092896,-0.30000001192092896,0.30000001192092896,-0.30000001192092896,-0.29990465302523805
1.2999999523162842,0.4521008412170105,-0.30000001192092896,0.3103092908859253,0.5136752128976746,-0.30000001192092896,-0.30000001192092896,-0.30000001192092896,-0.30000001192092896,-0.30000001192092896,-0.30000001192092896,0.30000001192092896,-0.30000001192092896,0.30000001192092896,-0.30000001192092896,-0.299897113525238
1.2999999523162842,0.3615249722170105,-0.30000001192092896,0.3103092908859253,0.46239316089767457,-0.30000001192092896,-0.30000001192092896,-0.30000001192092896,0.699999988079071,-0.30000001192092896,-0.30000001192092896,0.30000001192092896,-0.29170125692092896,0.830881789920929,-0.30000001192092896,-0.299239596525238
1.2999999523162842,0.3057556832170105,-0.30000001192092896,0.3103092908859253,0.3170940158976746,-0.30000001192092896,0.08709676207907102,0.18484847307907104,-0.30000001192092896,-0.30000001192092896,-0.30000001192092896,0.30000001192092896,-0.30000001192092896,0.30000001192092896,-0.30000001192092896,-0.29983923452523803
1.2999999523162842,0.3021353752170105,-0.30000001192092896,0.3103092908859253,0.3598290588976746,-0.30000001192092896,-0.26774194692092895,-0.28989900192092893,-0.30000001192092896,-0.30000001192092896,-0.30000001192092896,0.7278074989209289,-0.30000001192092896,0.30000001192092896,-0.30000001192092896,-0.29983989952523804
1.2999999523162842,1.0573536352170105,-0.30000001192092896,0.3103092908859253,0.3769230758976746,-0.30000001192092896,-0.30000001192092896,-0.30000001192092896,-0.30000001192092896,-0.30000001192092896,-0.30000001192092896,0.30000001192092896,-0.30000001192092896,0.30000001192092896,-0.30000001192092896,-0.29979709952523803
1.2999999523162842,0.9967677702170105,-0.30000001192092896,0.3103092908859253,0.3769230758976746,-0.30000001192092896,-0.30000001192092896,-0.30000001192092896,-0.30000001192092896,-0.30000001192092896,-0.30000001192092896,0.30000001192092896,-0.29170125692092896,1.018495879920929,-0.30000001192092896,-0.299819053525238
1.2999999523162842,0.3915058882170105,-0.30000001192092896,0.3103092908859253,0.3683760668976746,-0.30000001192092896,-0.22741936692092896,-0.28989900192092893,-0.30000001192092896,-0.30000001192092896,-0.30000001192092896,0.919652417920929,-0.30000001192092896,0.30000001192092896,-0.30000001192092896,-0.25479460052523806
1.2999999523162842,0.3621214402170105,-0.30000001192092896,0.3103092908859253,0.33418803289767457,-0.30000001192092896,-0.29193549592092893,-0.28989900192092893,-0.30000001192092896,-0.30000001192092896,-0.30000001192092896,0.4610962689209289,0.13568463507907103,0.737751744920929,-0.30000001192092896,-0.253482229525238
1.2999999523162842,0.45237741521701047,-0.30000001192092896,0.3103092908859253,0.5136752128976746,-0.30000001192092896,-0.30000001192092896,-0.30000001192092896,-0.30000001192092896,-0.30000001192092896,-0.30000001192092896,0.30000001192092896,-0.295850633920929,0.695747523920929,-0.30000001192092896,-0.29946601352523805
1.2999999523162842,0.4233225552170105,-0.30000001192092896,0.3103092908859253,0.5222222208976746,-0.30000001192092896,-0.30000001192092896,-0.30000001192092896,-0.30000001192092896,-0.30000001192092896,-0.30000001192092896,0.30000001192092896,-0.30000001192092896,0.30000001192092896,-0.30000001192092896,-0.299896226525238
1.2999999523162842,0.3015434512170105,-0.30000001192092896,0.3515464048859253,0.4880341868976746,-0.30000001192092896,-0.30000001192092896,-0.30000001192092896,-0.30000001192092896,-0.30000001192092896,-0.30000001192092896,0.30000001192092896,-0.24605810292092894,0.7939963459209289,-0.30000001192092896,-0.27422891952523804
1.2999999523162842,0.4817785242170105,-0.30000001192092896,0.4752577448859253,0.5393162378976746,-0.30000001192092896,-0.30000001192092896,-0.30000001192092896,-0.30000001192092896,-0.30000001192092896,-0.30000001192092896,0.30000001192092896,-0.24605810292092894,0.765188056920929,-0.30000001192092896,-0.29508493652523804
1.2999999523162842,0.3006298162170105,-0.30000001192092896,0.3103092908859253,0.3256410248976746,-0.30000001192092896,-0.03387097992092897,0.033333321079071054,-0.30000001192092896,-0.30000001192092896,-0.30000001192092896,0.30000001192092896,-0.30000001192092896,0.30000001192092896,-0.30000001192092896,-0.26144471852523804
1.2999999523162842,0.5423737802170105,-0.30000001192092896,0.3103092908859253,0.3769230758976746,-0.30000001192092896,-0.30000001192092896,-0.30000001192092896,-0.30000001192092896,-0.30000001192092896,-0.30000001192092896,0.30000001192092896,-0.29170125692092896,0.8365443559209289,-0.30000001192092896,-0.29965206952523804
1.2999999523162842,0.3618279022170105,-0.30000001192092896,0.3103092908859253,0.3256410248976746,-0.30000001192092896,-0.25161291492092897,-0.23939395092092897,-0.30000001192092896,-0.30000001192092896,-0.30000001192092896,0.30000001192092896,-0.30000001192092896,0.30000001192092896,-0.30000001192092896,-0.299862075525238
1.2999999523162842,0.9361819052170105,-0.30000001192092896,0.3103092908859253,0.3769230758976746,-0.30000001192092896,-0.30000001192092896,-0.30000001192092896,-0.30000001192092896,-0.30000001192092896,-0.30000001192092896,0.30000001192092896,-0.295850633920929,0.7782413209209289,-0.30000001192092896,-0.29953852852523805
1.2999999523162842,0.3627366902170105,-0.30000001192092896,0.3103092908859253,0.33418803289767457,-0.30000001192092896,-0.28387097992092897,-0.27979799192092897,-0.30000001192092896,-0.30000001192092896,-0.30000001192092896,0.30000001192092896,-0.30000001192092896,0.30000001192092896,-0.30000001192092896,-0.29985165252523804
1.2999999523162842,0.4233225552170105,-0.30000001192092896,0.3103092908859253,0.5051282038976745,-0.30000001192092896,-0.30000001192092896,-0.30000001192092896,-0.30000001192092896,-0.30000001192092896,-0.30000001192092896,0.30000001192092896,-0.30000001192092896,0.30000001192092896,-0.30000001192092896,-0.299073720525238
1.2999999523162842,0.4239284142170105,-0.30000001192092896,0.3103092908859253,0.5222222208976746,-0.30000001192092896,-0.30000001192092896,-0.30000001192092896,0.699999988079071,-0.30000001192092896,-0.30000001192092896,0.30000001192092896,-0.30000001192092896,0.30000001192092896,-0.30000001192092896,-0.29127533352523804
1.2999999523162842,0.3302978062170105,-0.30000001192092896,0.3927835178859253,0.5307692298976746,-0.30000001192092896,-0.30000001192092896,-0.30000001192092896,-0.30000001192092896,-0.30000001192092896,-0.30000001192092896,0.30000001192092896,-0.24605810292092894,0.9164036419209289,-0.30000001192092896,-0.26417945352523803
1.2999999523162842,0.3024380012170105,-0.30000001192092896,0.3103092908859253,0.34273504189767456,-0.30000001192092896,-0.08225807692092896,-0.28989900192092893,-0.30000001192092896,-0.30000001192092896,-0.30000001192092896,1.112165786920929,-0.21286308292092895,0.979165439920929,-0.30000001192092896,-0.24892773652523803
1.2999999523162842,0.4524037702170105,-0.30000001192092896,0.3103092908859253,0.5136752128976746,-0.30000001192092896,-0.30000001192092896,-0.30000001192092896,-0.30000001192092896,-0.30000001192092896,-0.30000001192092896,0.30000001192092896,-0.30000001192092896,0.30000001192092896,-0.30000001192092896,-0.299896669525238
1.2999999523162842,0.42180790821701053,-0.30000001192092896,0.3103092908859253,0.38547008389767456,-0.30000001192092896,-0.28387097992092897,-0.27979799192092897,-0.30000001192092896,-0.30000001192092896,-0.30000001192092896,0.30000001192092896,-0.30000001192092896,0.30000001192092896,-0.30000001192092896,-0.29986340552523805
1.2999999523162842,0.42180790821701053,-0.30000001192092896,0.3103092908859253,0.5222222208976746,-0.30000001192092896,-0.30000001192092896,-0.30000001192092896,-0.30000001192092896,-0.30000001192092896,-0.30000001192092896,0.30000001192092896,-0.295850633920929,0.695747523920929,-0.30000001192092896,-0.29936378252523804
1.2999999523162842,0.3015319402170105,-0.30000001192092896,0.3103092908859253,0.3512820498976746,-0.30000001192092896,-0.30000001192092896,-0.30000001192092896,-0.30000001192092896,-0.30000001192092896,-0.30000001192092896,0.30000001192092896,-0.24605810292092894,0.972775262920929,-0.30000001192092896,-0.25754729852523806
1.2999999523162842,0.5432825682170105,-0.30000001192092896,0.3103092908859253,0.5222222208976746,-0.30000001192092896,-0.30000001192092896,-0.30000001192092896,-0.30000001192092896,-0.30000001192092896,-0.30000001192092896,0.30000001192092896,-0.30000001192092896,0.30000001192092896,-0.30000001192092896,-0.299900217825238
1.2999999523162842,0.36120932021701047,-0.30000001192092896,0.3103092908859253,0.38547008389767456,-0.30000001192092896,-0.30000001192092896,-0.30000001192092896,-0.30000001192092896,-0.30000001192092896,-0.30000001192092896,0.30000001192092896,-0.30000001192092896,0.30000001192092896,-0.30000001192092896,-0.299870723525238
1.2999999523162842,0.5126867062170105,-0.30000001192092896,0.3103092908859253,0.5222222208976746,-0.30000001192092896,-0.30000001192092896,-0.30000001192092896,-0.30000001192092896,-0.30000001192092896,-0.30000001192092896,0.30000001192092896,-0.27925312392092894,0.766397456920929,-0.30000001192092896,-0.29903557852523804
1.2999999523162842,0.3306234552170105,-0.30000001192092896,0.3103092908859253,0.3683760668976746,-0.30000001192092896,-0.25161291492092897,-0.23939395092092897,-0.30000001192092896,-0.30000001192092896,-0.30000001192092896,0.30000001192092896,-0.30000001192092896,0.30000001192092896,-0.30000001192092896,-0.29984056452523805
1.2999999523162842,0.3015337572170105,-0.30000001192092896,0.3103092908859253,0.33418803289767457,-0.30000001192092896,0.014516117079071023,0.09393938207907104,-0.30000001192092896,-0.30000001192092896,-0.30000001192092896,0.30000001192092896,-0.30000001192092896,0.30000001192092896,-0.30000001192092896,-0.29983923452523803
1.2999999523162842,0.3909091172170105,-0.30000001192092896,0.3103092908859253,0.3769230758976746,-0.30000001192092896,-0.26774194692092895,-0.259595971920929,-0.30000001192092896,-0.30000001192092896,-0.30000001192092896,0.30000001192092896,-0.30000001192092896,0.30000001192092896,-0.30000001192092896,-0.299782241525238
1.2999999523162842,0.3009375922170105,-0.30000001192092896,0.3103092908859253,0.3683760668976746,-0.30000001192092896,-0.21129033492092897,-0.18888890092092897,-0.30000001192092896,-0.30000001192092896,-0.30000001192092896,0.30000001192092896,-0.30000001192092896,0.30000001192092896,-0.30000001192092896,-0.29983967752523805
1.2999999523162842,0.30546153921701047,-0.30000001192092896,0.3103092908859253,0.3683760668976746,-0.30000001192092896,-0.22741936692092896,-0.20909092092092896,-0.30000001192092896,-0.30000001192092896,-0.30000001192092896,0.30000001192092896,-0.30000001192092896,0.30000001192092896,-0.30000001192092896,-0.296050033525238
1.2999999523162842,0.3312044732170105,-0.30000001192092896,0.3721649608859253,0.5307692298976746,-0.30000001192092896,-0.30000001192092896,-0.30000001192092896,-0.30000001192092896,-0.30000001192092896,-0.30000001192092896,0.30000001192092896,-0.24605810292092894,1.088932179920929,-0.30000001192092896,-0.293399344525238
1.2999999523162842,0.3609191142170105,-0.30000001192092896,0.3103092908859253,0.38547008389767456,-0.30000001192092896,-0.28387097992092897,-0.28989900192092893,-0.30000001192092896,-0.30000001192092896,-0.30000001192092896,0.5747326319209289,0.07344397107907102,1.072055110920929,-0.30000001192092896,-0.252283176525238
1.2999999523162842,0.3345436632170105,-0.30000001192092896,0.3103092908859253,0.3598290588976746,-0.30000001192092896,-0.17096775392092894,-0.13838384992092895,-0.30000001192092896,-0.30000001192092896,-0.30000001192092896,0.30000001192092896,-0.30000001192092896,0.30000001192092896,-0.30000001192092896,-0.29984056452523805
1.2999999523162842,0.3315267902170105,-0.30000001192092896,0.44432990988592536,0.41965811889767457,-0.30000001192092896,-0.27580646392092895,-0.28989900192092893,-0.30000001192092896,-0.30000001192092896,-0.30000001192092896,0.661631027920929,0.45103733207907104,0.973676295920929,-0.30000001192092896,-0.22989258452523803
1.2999999523162842,0.7850201712170105,-0.30000001192092896,0.3103092908859253,0.3769230758976746,-0.30000001192092896,-0.30000001192092896,-0.30000001192092896,-0.30000001192092896,-0.30000001192092896,-0.30000001192092896,0.30000001192092896,-0.30000001192092896,0.30000001192092896,-0.30000001192092896,-0.299761618525238
1.2999999523162842,0.5423437902170105,-0.30000001192092896,0.3103092908859253,0.3769230758976746,-0.30000001192092896,-0.30000001192092896,-0.30000001192092896,-0.30000001192092896,-0.30000001192092896,-0.30000001192092896,0.30000001192092896,-0.30000001192092896,0.30000001192092896,-0.30000001192092896,-0.29990465302523805
1.2999999523162842,0.3042416422170105,-0.30000001192092896,0.3103092908859253,0.3598290588976746,-0.30000001192092896,-0.17903226992092897,-0.28989900192092893,-0.30000001192092896,-0.30000001192092896,-0.30000001192092896,1.021925145920929,-0.15892117392092894,0.831649561920929,-0.30000001192092896,-0.256002523525238
1.2999999523162842,0.4829996322170105,-0.30000001192092896,0.3103092908859253,0.5136752128976746,-0.30000001192092896,-0.30000001192092896,-0.30000001192092896,-0.30000001192092896,-0.30000001192092896,-0.30000001192092896,0.30000001192092896,-0.30000001192092896,0.30000001192092896,-0.30000001192092896,-0.299901104925238
1.2999999523162842,0.5423737802170105,-0.30000001192092896,0.3103092908859253,0.5136752128976746,-0.30000001192092896,-0.30000001192092896,-0.30000001192092896,-0.30000001192092896,-0.30000001192092896,-0.30000001192092896,0.30000001192092896,-0.29170125692092896,0.856131456920929,-0.30000001192092896,-0.29894598752523804
1.2999999523162842,0.3633425482170105,-0.30000001192092896,0.3103092908859253,0.34273504189767456,-0.30000001192092896,-0.26774194692092895,-0.259595971920929,-0.30000001192092896,-0.30000001192092896,-0.30000001192092896,0.30000001192092896,-0.30000001192092896,0.30000001192092896,-0.30000001192092896,-0.270700950525238
1.2999999523162842,0.4520723662170105,-0.30000001192092896,0.3103092908859253,0.46239316089767457,-0.30000001192092896,-0.30000001192092896,-0.30000001192092896,-0.30000001192092896,-0.30000001192092896,-0.30000001192092896,0.30000001192092896,-0.30000001192092896,0.30000001192092896,-0.30000001192092896,-0.28697475552523805
1.2999999523162842,0.3914886212170105,-0.30000001192092896,0.3103092908859253,0.5222222208976746,-0.30000001192092896,-0.30000001192092896,-0.30000001192092896,-0.30000001192092896,-0.30000001192092896,-0.30000001192092896,0.30000001192092896,-0.30000001192092896,0.30000001192092896,-0.30000001192092896,-0.29947111352523803
1.2999999523162842,0.3054663862170105,-0.30000001192092896,0.3103092908859253,0.3512820498976746,-0.30000001192092896,-0.009677430920928931,0.06363635207907103,-0.30000001192092896,-0.30000001192092896,-0.30000001192092896,0.30000001192092896,-0.30000001192092896,0.30000001192092896,-0.30000001192092896,-0.29984012152523803
1.2999999523162842,0.5129896362170105,-0.30000001192092896,0.3103092908859253,0.5136752128976746,-0.30000001192092896,-0.30000001192092896,-0.30000001192092896,-0.30000001192092896,-0.30000001192092896,-0.30000001192092896,0.30000001192092896,-0.30000001192092896,0.30000001192092896,-0.30000001192092896,-0.299900661325238
1.2999999523162842,0.3021299222170105,-0.30000001192092896,0.3103092908859253,0.3598290588976746,-0.30000001192092896,-0.26774194692092895,-0.259595971920929,-0.30000001192092896,-0.30000001192092896,-0.30000001192092896,0.30000001192092896,-0.30000001192092896,0.30000001192092896,-0.30000001192092896,-0.29983901252523804
1.2999999523162842,0.39090578521701047,-0.30000001192092896,0.3103092908859253,0.3512820498976746,-0.30000001192092896,-0.26774194692092895,-0.259595971920929,-0.30000001192092896,-0.30000001192092896,-0.30000001192092896,0.30000001192092896,-0.30000001192092896,0.30000001192092896,-0.30000001192092896,-0.29986163152523804
1.2999999523162842,0.4833025622170105,-0.30000001192092896,0.3103092908859253,0.5136752128976746,-0.30000001192092896,-0.30000001192092896,-0.30000001192092896,-0.30000001192092896,-0.30000001192092896,-0.30000001192092896,0.30000001192092896,-0.295850633920929,0.8542434229209289,-0.30000001192092896,-0.29948885452523805
1.2999999523162842,0.4833025622170105,-0.30000001192092896,0.3103092908859253,0.5222222208976746,-0.30000001192092896,-0.30000001192092896,-0.30000001192092896,-0.30000001192092896,-0.30000001192092896,-0.30000001192092896,0.30000001192092896,-0.2875518789209289,0.7071134619209289,-0.30000001192092896,-0.298629315525238
1.2999999523162842,0.4817879152170105,-0.30000001192092896,0.3103092908859253,0.5222222208976746,-0.30000001192092896,-0.30000001192092896,-0.30000001192092896,-0.30000001192092896,-0.30000001192092896,-0.30000001192092896,0.30000001192092896,-0.30000001192092896,0.30000001192092896,-0.30000001192092896,-0.299901104925238
1.2999999523162842,0.5135942822170105,-0.30000001192092896,0.3103092908859253,0.5222222208976746,-0.30000001192092896,-0.30000001192092896,-0.30000001192092896,-0.30000001192092896,-0.30000001192092896,-0.30000001192092896,0.30000001192092896,-0.283402501920929,0.748362389920929,-0.30000001192092896,-0.298560569525238
1.2999999523162842,0.3021335572170105,-0.30000001192092896,0.3103092908859253,0.3683760668976746,-0.30000001192092896,-0.12258065692092895,-0.07777778992092896,-0.30000001192092896,-0.30000001192092896,-0.30000001192092896,0.30000001192092896,-0.30000001192092896,0.30000001192092896,-0.30000001192092896,-0.29984056452523805
1.2999999523162842,0.4221108382170105,-0.30000001192092896,0.3103092908859253,0.5136752128976746,-0.30000001192092896,-0.30000001192092896,-0.30000001192092896,-0.30000001192092896,-0.30000001192092896,-0.30000001192092896,0.30000001192092896,-0.27925312392092894,1.028334791920929,-0.30000001192092896,-0.298729107525238
1.2999999523162842,0.5123698422170104,-0.30000001192092896,0.48556702288592535,0.5393162378976746,-0.30000001192092896,-0.30000001192092896,-0.30000001192092896,-0.30000001192092896,-0.30000001192092896,-0.30000001192092896,0.30000001192092896,-0.24605810292092894,1.300000011920929,-0.30000001192092896,-0.29358273952523806
1.2999999523162842,0.5429796392170105,-0.30000001192092896,0.3103092908859253,0.5307692298976746,-0.30000001192092896,-0.30000001192092896,-0.30000001192092896,-0.30000001192092896,-0.30000001192092896,-0.30000001192092896,0.30000001192092896,-0.295850633920929,1.1746556309209288,-0.30000001192092896,-0.29942920152523805
1.2999999523162842,0.3000221400170105,-0.30000001192092896,0.3103092908859253,0.2999999988976746,-0.30000001192092896,-0.05806452792092895,-0.28989900192092893,-0.30000001192092896,-0.30000001192092896,-0.30000001192092896,1.122192524920929,-0.30000001192092896,0.30000001192092896,-0.30000001192092896,-0.299948561325238
1.2999999523162842,0.3612181052170105,-0.30000001192092896,0.4030927968859253,0.5393162378976746,-0.30000001192092896,-0.30000001192092896,-0.30000001192092896,-0.30000001192092896,-0.30000001192092896,-0.30000001192092896,0.30000001192092896,-0.24605810292092894,0.7354971079209289,-0.30000001192092896,-0.24532547852523803
1.2999999523162842,0.3342310402170105,-0.30000001192092896,0.3103092908859253,0.34273504189767456,-0.30000001192092896,-0.11451614092092896,-0.28989900192092893,-0.30000001192092896,-0.30000001192092896,-0.30000001192092896,1.084090920920929,-0.22946059292092896,0.944194374920929,-0.30000001192092896,-0.25921559352523804
1.2999999523162842,0.3030335602170105,-0.30000001192092896,0.3103092908859253,0.34273504189767456,-0.30000001192092896,-0.13870968892092894,-0.09797980992092895,-0.30000001192092896,-0.30000001192092896,-0.30000001192092896,0.30000001192092896,-0.30000001192092896,0.30000001192092896,-0.30000001192092896,-0.284116278525238
1.2999999523162842,0.30424982221701047,-0.30000001192092896,0.3103092908859253,0.3598290588976746,-0.30000001192092896,-0.17096775392092894,-0.28989900192092893,-0.30000001192092896,-0.30000001192092896,-0.30000001192092896,1.0272727389209289,-0.18381743892092894,1.044382434920929,-0.30000001192092896,-0.254095393525238
1.2999999523162842,0.3618069992170105,-0.30000001192092896,0.4752577448859253,0.5393162378976746,-0.30000001192092896,-0.30000001192092896,-0.30000001192092896,-0.30000001192092896,-0.30000001192092896,-0.30000001192092896,0.30000001192092896,-0.24605810292092894,1.173585533920929,-0.30000001192092896,-0.279200762525238
1.2999999523162842,0.4527067002170105,-0.30000001192092896,0.3103092908859253,0.5136752128976746,-0.30000001192092896,-0.30000001192092896,-0.30000001192092896,-0.30000001192092896,-0.30000001192092896,-0.30000001192092896,0.30000001192092896,-0.30000001192092896,0.30000001192092896,-0.30000001192092896,-0.29932874452523806
1.2999999523162842,0.4820632782170105,-0.30000001192092896,0.4546391878859253,0.4538461528976746,-0.30000001192092896,-0.30000001192092896,-0.30000001192092896,-0.30000001192092896,-0.30000001192092896,-0.30000001192092896,0.30000001192092896,-0.24605810292092894,1.088932179920929,-0.30000001192092896,-0.29515767352523803
1.2999999523162842,0.30305840021701047,-0.30000001192092896,0.3103092908859253,0.3085470078976746,-0.30000001192092896,0.24838708507907103,-0.28989900192092893,-0.30000001192092896,-0.30000001192092896,-0.30000001192092896,1.163636375920929,-0.26265561392092895,0.9026445069209289,-0.30000001192092896,-0.25872772352523804
1.2999999523162842,0.3615064942170105,-0.30000001192092896,0.4546391878859253,0.5393162378976746,-0.30000001192092896,-0.30000001192092896,-0.30000001192092896,0.699999988079071,-0.30000001192092896,-0.30000001192092896,0.30000001192092896,-0.24605810292092894,0.7712671929209289,-0.30000001192092896,-0.26494674052523803
1.2999999523162842,0.4524037702170105,-0.30000001192092896,0.3103092908859253,0.5222222208976746,-0.30000001192092896,-0.30000001192092896,-0.30000001192092896,-0.30000001192092896,-0.30000001192092896,-0.30000001192092896,0.30000001192092896,-0.30000001192092896,0.30000001192092896,-0.30000001192092896,-0.29955737752523803
1.2999999523162842,0.4226867062170105,-0.30000001192092896,0.3103092908859253,0.5222222208976746,-0.30000001192092896,-0.30000001192092896,-0.30000001192092896,-0.30000001192092896,-0.30000001192092896,-0.30000001192092896,0.30000001192092896,-0.2875518789209289,0.990216424920929,-0.30000001192092896,-0.29914290952523803
1.2999999523162842,0.3012217402170105,-0.30000001192092896,0.3103092908859253,0.3170940158976746,-0.30000001192092896,-0.001612914920928965,0.07373736207907106,-0.30000001192092896,-0.30000001192092896,-0.30000001192092896,0.30000001192092896,-0.30000001192092896,0.30000001192092896,-0.30000001192092896,-0.29983879052523804
1.2999999523162842,0.45149498221701045,-0.30000001192092896,0.3103092908859253,0.3769230758976746,-0.30000001192092896,-0.30000001192092896,-0.30000001192092896,-0.30000001192092896,-0.30000001192092896,-0.30000001192092896,0.30000001192092896,-0.30000001192092896,0.30000001192092896,-0.30000001192092896,-0.29127622052523805
1.2999999523162842,0.4517779182170105,-0.30000001192092896,0.7742268168859253,0.5393162378976746,-0.30000001192092896,-0.30000001192092896,-0.30000001192092896,-0.30000001192092896,-0.30000001192092896,-0.30000001192092896,0.30000001192092896,-0.24605810292092894,1.119382977920929,-0.30000001192092896,-0.29445979752523804
0.2999999523162842,0.3306261812170105,-0.251529362920929,0.3000000128859253,0.33418803289767457,0.699999988079071,-0.30000001192092896,-0.30000001192092896,0.699999988079071,-0.28989900192092893,0.699999988079071,0.30000001192092896,0.30165973907907107,1.088529178920929,-0.10000001192092894,-0.29103605552523804
1.2999999523162842,0.45298903021701054,-0.30000001192092896,0.3103092908859253,0.4709401698976746,-0.30000001192092896,-0.30000001192092896,-0.30000001192092896,-0.30000001192092896,-0.30000001192092896,-0.30000001192092896,0.30000001192092896,-0.30000001192092896,0.30000001192092896,-0.30000001192092896,-0.278990978525238
1.2999999523162842,0.3633137702170105,-0.30000001192092896,0.3103092908859253,0.3512820498976746,-0.30000001192092896,-0.26774194692092895,-0.259595971920929,-0.30000001192092896,-0.30000001192092896,-0.30000001192092896,0.30000001192092896,-0.30000001192092896,0.30000001192092896,-0.30000001192092896,-0.259283008525238
1.2999999523162842,0.3021259842170105,-0.30000001192092896,0.3103092908859253,0.34273504189767456,-0.30000001192092896,-0.16290323792092895,-0.28989900192092893,-0.30000001192092896,-0.30000001192092896,-0.30000001192092896,1.038636375920929,-0.30000001192092896,0.30000001192092896,-0.30000001192092896,-0.29983901252523804
1.2999999523162842,0.5123837772170106,-0.30000001192092896,0.3103092908859253,0.5222222208976746,-0.30000001192092896,-0.30000001192092896,-0.30000001192092896,-0.30000001192092896,-0.30000001192092896,-0.30000001192092896,0.30000001192092896,-0.30000001192092896,0.30000001192092896,-0.30000001192092896,-0.29918149552523804
1.2999999523162842,0.6032625752170104,-0.30000001192092896,0.3103092908859253,0.5222222208976746,-0.30000001192092896,-0.30000001192092896,-0.30000001192092896,-0.30000001192092896,-0.30000001192092896,-0.30000001192092896,0.30000001192092896,-0.30000001192092896,0.30000001192092896,-0.30000001192092896,-0.29980508352523805
1.2999999523162842,0.3618279022170105,-0.30000001192092896,0.3103092908859253,0.33418803289767457,-0.30000001192092896,-0.27580646392092895,-0.28989900192092893,-0.30000001192092896,-0.30000001192092896,-0.30000001192092896,0.6629679259209289,0.12738588007907103,0.905518600920929,-0.30000001192092896,-0.253404391525238
1.2999999523162842,0.9364548442170105,-0.30000001192092896,0.3103092908859253,0.3769230758976746,-0.30000001192092896,-0.30000001192092896,-0.30000001192092896,-0.30000001192092896,-0.30000001192092896,-0.30000001192092896,0.30000001192092896,-0.295850633920929,0.9747591699209289,-0.30000001192092896,-0.29968777252523804
1.2999999523162842,0.42180790821701053,-0.30000001192092896,0.3103092908859253,0.5136752128976746,-0.30000001192092896,-0.30000001192092896,-0.30000001192092896,-0.30000001192092896,-0.30000001192092896,-0.30000001192092896,0.30000001192092896,-0.30000001192092896,0.30000001192092896,-0.30000001192092896,-0.299256450525238
1.2999999523162842,0.3018321432170105,-0.30000001192092896,0.3103092908859253,0.34273504189767456,-0.30000001192092896,-0.15483872192092896,-0.11818182992092896,-0.30000001192092896,-0.30000001192092896,-0.30000001192092896,1.0459893169209291,-0.04273860092092896,0.979165439920929,-0.30000001192092896,-0.24576589252523803
1.2999999523162842,0.4230196262170105,-0.30000001192092896,0.3103092908859253,0.5136752128976746,-0.30000001192092896,-0.30000001192092896,-0.30000001192092896,-0.30000001192092896,-0.30000001192092896,-0.30000001192092896,0.30000001192092896,-0.30000001192092896,0.30000001192092896,-0.30000001192092896,-0.299870945525238
1.2999999523162842,0.4833025622170105,-0.30000001192092896,0.3103092908859253,0.5051282038976745,-0.30000001192092896,-0.30000001192092896,-0.30000001192092896,-0.30000001192092896,-0.30000001192092896,-0.30000001192092896,0.30000001192092896,-0.29170125692092896,0.855148912920929,-0.30000001192092896,-0.29946579152523806
1.2999999523162842,0.3006255752170105,-0.30000001192092896,0.5164948578859253,0.5393162378976746,-0.30000001192092896,-0.30000001192092896,-0.30000001192092896,0.699999988079071,-0.30000001192092896,-0.30000001192092896,0.30000001192092896,-0.24605810292092894,1.014219106920929,-0.30000001192092896,-0.27491149452523805
1.2999999523162842,0.42180790821701053,-0.30000001192092896,0.3103092908859253,0.5222222208976746,-0.30000001192092896,-0.30000001192092896,-0.30000001192092896,-0.30000001192092896,-0.30000001192092896,-0.30000001192092896,0.30000001192092896,-0.30000001192092896,0.30000001192092896,-0.30000001192092896,-0.280461020525238
1.2999999523162842,0.45147498921701046,-0.30000001192092896,0.48556702288592535,0.5393162378976746,-0.30000001192092896,-0.30000001192092896,-0.30000001192092896,-0.30000001192092896,-0.30000001192092896,-0.30000001192092896,0.30000001192092896,-0.24605810292092894,1.119382977920929,-0.30000001192092896,-0.294511910525238
1.2999999523162842,0.4826967032170105,-0.30000001192092896,0.3103092908859253,0.5222222208976746,-0.30000001192092896,-0.30000001192092896,-0.30000001192092896,-0.30000001192092896,-0.30000001192092896,-0.30000001192092896,0.30000001192092896,-0.29170125692092896,0.869510518920929,-0.30000001192092896,-0.298814040525238
1.2999999523162842,0.5129896362170105,-0.30000001192092896,0.3103092908859253,0.5222222208976746,-0.30000001192092896,-0.30000001192092896,-0.30000001192092896,-0.30000001192092896,-0.30000001192092896,-0.30000001192092896,0.30000001192092896,-0.30000001192092896,0.30000001192092896,-0.30000001192092896,-0.299292153525238
1.2999999523162842,0.3615198222170105,-0.30000001192092896,0.4237113528859253,0.5307692298976746,-0.30000001192092896,-0.30000001192092896,-0.30000001192092896,-0.30000001192092896,-0.30000001192092896,-0.30000001192092896,0.30000001192092896,-0.24605810292092894,0.708840948920929,-0.30000001192092896,-0.282833179525238
1.2999999523162842,0.5426767102170105,-0.30000001192092896,0.3103092908859253,0.5222222208976746,-0.30000001192092896,-0.30000001192092896,-0.30000001192092896,-0.30000001192092896,-0.30000001192092896,-0.30000001192092896,0.30000001192092896,-0.30000001192092896,0.30000001192092896,-0.30000001192092896,-0.299901104925238
1.2999999523162842,0.4833025622170105,-0.30000001192092896,0.3103092908859253,0.5051282038976745,-0.30000001192092896,-0.30000001192092896,-0.30000001192092896,-0.30000001192092896,-0.30000001192092896,-0.30000001192092896,0.30000001192092896,-0.2875518789209289,1.1746556309209288,-0.30000001192092896,-0.299143575525238
1.2999999523162842,0.3912084112170105,-0.30000001192092896,0.6917525898859254,0.5393162378976746,-0.30000001192092896,-0.30000001192092896,-0.30000001192092896,-0.30000001192092896,-0.30000001192092896,-0.30000001192092896,0.30000001192092896,-0.24605810292092894,0.7381502899209289,-0.30000001192092896,-0.294996898525238
1.2999999523162842,0.4833025622170105,-0.30000001192092896,0.3103092908859253,0.5222222208976746,-0.30000001192092896,-0.30000001192092896,-0.30000001192092896,-0.30000001192092896,-0.30000001192092896,-0.30000001192092896,0.30000001192092896,-0.30000001192092896,0.30000001192092896,-0.30000001192092896,-0.299150227525238
1.2999999523162842,0.4829757012170105,-0.30000001192092896,0.3103092908859253,0.5222222208976746,-0.30000001192092896,-0.30000001192092896,-0.30000001192092896,-0.30000001192092896,-0.30000001192092896,-0.30000001192092896,0.30000001192092896,-0.295850633920929,0.721141444920929,-0.30000001192092896,-0.299429644525238
1.2999999523162842,0.3624198252170105,-0.30000001192092896,0.3103092908859253,0.34273504189767456,-0.30000001192092896,-0.27580646392092895,-0.28989900192092893,-0.30000001192092896,-0.30000001192092896,-0.30000001192092896,0.6629679259209289,-0.30000001192092896,0.30000001192092896,-0.30000001192092896,-0.253349173525238
1.2999999523162842,0.8758850342170105,-0.30000001192092896,0.3103092908859253,0.3769230758976746,-0.30000001192092896,-0.30000001192092896,-0.30000001192092896,-0.30000001192092896,-0.30000001192092896,-0.30000001192092896,0.30000001192092896,-0.30000001192092896,0.30000001192092896,-0.30000001192092896,-0.299823489525238
1.2999999523162842,0.3609024522170105,-0.30000001192092896,0.4030927968859253,0.5393162378976746,-0.30000001192092896,-0.30000001192092896,-0.30000001192092896,0.699999988079071,-0.30000001192092896,-0.30000001192092896,0.30000001192092896,-0.24605810292092894,0.766397456920929,-0.30000001192092896,-0.257702973525238
1.2999999523162842,0.3611920532170105,-0.30000001192092896,0.4134020748859253,0.5393162378976746,-0.30000001192092896,-0.30000001192092896,-0.30000001192092896,0.699999988079071,-0.30000001192092896,-0.30000001192092896,0.30000001192092896,-0.24605810292092894,1.1978775169209288,-0.30000001192092896,-0.274636734525238
1.2999999523162842,0.3018442602170105,-0.30000001192092896,0.3618556828859253,0.4538461528976746,-0.30000001192092896,-0.12258065692092895,-0.28989900192092893,-0.30000001192092896,-0.30000001192092896,-0.30000001192092896,1.0794117769209288,-0.08008299992092896,0.7381502899209289,-0.30000001192092896,-0.24784266852523804
1.2999999523162842,0.3305967972170105,-0.30000001192092896,0.3103092908859253,0.3598290588976746,-0.30000001192092896,-0.17096775392092894,-0.28989900192092893,-0.30000001192092896,-0.30000001192092896,-0.30000001192092896,1.0272727389209289,-0.15477179592092896,1.131897453920929,-0.30000001192092896,-0.254611427525238
1.2999999523162842,0.3633425482170105,-0.30000001192092896,0.3103092908859253,0.5136752128976746,-0.30000001192092896,-0.30000001192092896,-0.30000001192092896,-0.30000001192092896,-0.30000001192092896,-0.30000001192092896,0.30000001192092896,-0.295850633920929,1.1335675959209288,-0.30000001192092896,-0.290683680525238
1.2999999523162842,0.30517678521701047,-0.30000001192092896,0.3103092908859253,0.33418803289767457,-0.30000001192092896,-0.09032259292092895,-0.03737374892092893,-0.30000001192092896,-0.30000001192092896,-0.30000001192092896,0.30000001192092896,-0.30000001192092896,0.30000001192092896,-0.30000001192092896,-0.29983879052523804
1.2999999523162842,0.4833025622170105,-0.30000001192092896,0.3103092908859253,0.5222222208976746,-0.30000001192092896,-0.30000001192092896,-0.30000001192092896,-0.30000001192092896,-0.30000001192092896,-0.30000001192092896,0.30000001192092896,-0.30000001192092896,0.30000001192092896,-0.30000001192092896,-0.29911008952523804
1.2999999523162842,0.3608988172170105,-0.30000001192092896,0.3103092908859253,0.33418803289767457,-0.30000001192092896,-0.29193549592092893,-0.28989900192092893,-0.30000001192092896,-0.30000001192092896,-0.30000001192092896,0.4610962689209289,0.699999988079071,1.104964719920929,-0.30000001192092896,-0.24514385852523804
1.2999999523162842,0.3612220432170105,-0.30000001192092896,0.3103092908859253,0.3598290588976746,-0.30000001192092896,-0.25161291492092897,-0.28989900192092893,-0.30000001192092896,-0.30000001192092896,-0.30000001192092896,0.747192524920929,-0.02199171292092894,0.855148912920929,-0.30000001192092896,-0.23642140052523802
1.2999999523162842,0.4521008412170105,-0.30000001192092896,0.3103092908859253,0.4880341868976746,-0.30000001192092896,-0.30000001192092896,-0.30000001192092896,-0.30000001192092896,-0.30000001192092896,-0.30000001192092896,0.30000001192092896,-0.295850633920929,0.721884852920929,-0.30000001192092896,-0.29982792452523804
1.2999999523162842,0.3351498252170105,-0.30000001192092896,0.3103092908859253,0.33418803289767457,-0.30000001192092896,-0.041935495920928934,0.023232311079071033,-0.30000001192092896,-0.30000001192092896,-0.30000001192092896,0.30000001192092896,-0.30000001192092896,0.30000001192092896,-0.30000001192092896,-0.29983901252523804
1.2999999523162842,0.4829996322170105,-0.30000001192092896,0.3103092908859253,0.5136752128976746,-0.30000001192092896,-0.30000001192092896,-0.30000001192092896,-0.30000001192092896,-0.30000001192092896,-0.30000001192092896,0.30000001192092896,-0.30000001192092896,0.30000001192092896,-0.30000001192092896,-0.29947089152523804
1.2999999523162842,0.42180790821701053,-0.30000001192092896,0.3103092908859253,0.3683760668976746,-0.30000001192092896,-0.25967743092092893,-0.24949496092092896,-0.30000001192092896,-0.30000001192092896,-0.30000001192092896,0.39625669592092894,0.29751036107907103,0.9747591699209289,-0.30000001192092896,-0.25329794752523804
1.2999999523162842,0.4224137672170105,-0.30000001192092896,0.3103092908859253,0.5222222208976746,-0.30000001192092896,-0.30000001192092896,-0.30000001192092896,-0.30000001192092896,-0.30000001192092896,-0.30000001192092896,0.30000001192092896,-0.30000001192092896,0.30000001192092896,-0.30000001192092896,-0.299256450525238
1.2999999523162842,0.3030393162170105,-0.30000001192092896,0.3103092908859253,0.34273504189767456,-0.30000001192092896,-0.06612904392092894,-0.28989900192092893,-0.30000001192092896,-0.30000001192092896,-0.30000001192092896,1.114171134920929,-0.30000001192092896,0.30000001192092896,-0.30000001192092896,-0.29984078652523805
1.2999999523162842,0.3003032582170105,-0.30000001192092896,0.3103092908859253,0.33418803289767457,-0.30000001192092896,-0.14677420592092896,-0.28989900192092893,-0.30000001192092896,-0.30000001192092896,-0.30000001192092896,1.062032097920929,-0.16307055092092895,0.9747591699209289,-0.30000001192092896,-0.24951318152523805
1.2999999523162842,0.3339562832170105,-0.30000001192092896,0.3103092908859253,0.3769230758976746,-0.30000001192092896,-0.25161291492092897,-0.28989900192092893,-0.30000001192092896,-0.30000001192092896,-0.30000001192092896,0.797994663920929,-0.30000001192092896,0.30000001192092896,-0.30000001192092896,-0.25148417752523805
1.2999999523162842,0.4514798362170105,-0.30000001192092896,0.3103092908859253,0.5307692298976746,-0.30000001192092896,-0.30000001192092896,-0.30000001192092896,-0.30000001192092896,-0.30000001192092896,-0.30000001192092896,0.30000001192092896,-0.283402501920929,0.9899074149209289,-0.30000001192092896,-0.299207220525238
1.2999999523162842,0.48239377421701046,-0.30000001192092896,0.3103092908859253,0.5136752128976746,-0.30000001192092896,-0.30000001192092896,-0.30000001192092896,-0.30000001192092896,-0.30000001192092896,-0.30000001192092896,0.30000001192092896,-0.29170125692092896,1.028334791920929,-0.30000001192092896,-0.298563231525238
1.2999999523162842,0.4212020502170105,-0.30000001192092896,0.3103092908859253,0.5222222208976746,-0.30000001192092896,-0.30000001192092896,-0.30000001192092896,-0.30000001192092896,-0.30000001192092896,-0.30000001192092896,0.30000001192092896,-0.295850633920929,0.897441642920929,-0.30000001192092896,-0.29892115052523804
1.2999999523162842,0.5432825682170105,-0.30000001192092896,0.3103092908859253,0.5222222208976746,-0.30000001192092896,-0.30000001192092896,-0.30000001192092896,-0.30000001192092896,-0.30000001192092896,-0.30000001192092896,0.30000001192092896,-0.30000001192092896,0.30000001192092896,-0.30000001192092896,-0.29922074752523803
1.2999999523162842,0.5123837772170106,-0.30000001192092896,0.3103092908859253,0.5222222208976746,-0.30000001192092896,-0.30000001192092896,-0.30000001192092896,-0.30000001192092896,-0.30000001192092896,-0.30000001192092896,0.30000001192092896,-0.29170125692092896,0.9682757449209289,-0.30000001192092896,-0.29976050952523803
1.2999999523162842,0.3015267902170105,-0.30000001192092896,0.3103092908859253,0.3683760668976746,-0.30000001192092896,-0.25967743092092893,-0.24949496092092896,-0.30000001192092896,-0.30000001192092896,-0.30000001192092896,0.30000001192092896,-0.30000001192092896,0.30000001192092896,-0.30000001192092896,-0.29983790352523804
1.2999999523162842,0.6635455112170106,-0.30000001192092896,0.3103092908859253,0.3769230758976746,-0.30000001192092896,-0.30000001192092896,-0.30000001192092896,-0.30000001192092896,-0.30000001192092896,-0.30000001192092896,0.30000001192092896,-0.30000001192092896,0.30000001192092896,-0.30000001192092896,-0.299904431225238
1.2999999523162842,0.3012214372170105,-0.30000001192092896,0.3721649608859253,0.4709401698976746,-0.30000001192092896,-0.30000001192092896,-0.30000001192092896,-0.30000001192092896,-0.30000001192092896,-0.30000001192092896,0.30000001192092896,-0.24605810292092894,1.010245103920929,-0.30000001192092896,-0.27243909952523804
1.2999999523162842,0.3609175992170105,-0.30000001192092896,0.3103092908859253,0.34273504189767456,-0.30000001192092896,-0.09032259292092895,-0.28989900192092893,-0.30000001192092896,-0.30000001192092896,-0.30000001192092896,1.099465252920929,-0.30000001192092896,0.30000001192092896,-0.30000001192092896,-0.299843447525238
1.2999999523162842,0.3921208342170105,-0.30000001192092896,0.3103092908859253,0.5307692298976746,-0.30000001192092896,-0.30000001192092896,-0.30000001192092896,-0.30000001192092896,-0.30000001192092896,-0.30000001192092896,0.30000001192092896,-0.29170125692092896,1.077492108920929,-0.30000001192092896,-0.299145349525238
1.2999999523162842,0.4524037702170105,-0.30000001192092896,0.3103092908859253,0.5136752128976746,-0.30000001192092896,-0.30000001192092896,-0.30000001192092896,-0.30000001192092896,-0.30000001192092896,-0.30000001192092896,0.30000001192092896,-0.30000001192092896,0.30000001192092896,-0.30000001192092896,-0.299897113525238
1.2999999523162842,0.6035655042170105,-0.30000001192092896,0.3103092908859253,0.5136752128976746,-0.30000001192092896,-0.30000001192092896,-0.30000001192092896,-0.30000001192092896,-0.30000001192092896,-0.30000001192092896,0.30000001192092896,-0.295850633920929,0.891385137920929,-0.30000001192092896,-0.299292597525238
1.2999999523162842,0.4533125582170105,-0.30000001192092896,0.3103092908859253,0.5051282038976745,-0.30000001192092896,-0.30000001192092896,-0.30000001192092896,-0.30000001192092896,-0.30000001192092896,-0.30000001192092896,0.30000001192092896,-0.30000001192092896,0.30000001192092896,-0.30000001192092896,-0.29867943252523804
1.2999999523162842,0.5438726752170104,-0.30000001192092896,0.3103092908859253,0.5222222208976746,-0.30000001192092896,-0.30000001192092896,-0.30000001192092896,-0.30000001192092896,-0.30000001192092896,-0.30000001192092896,0.30000001192092896,-0.30000001192092896,0.30000001192092896,-0.30000001192092896,-0.29990088312523805
1.2999999523162842,0.4224137672170105,-0.30000001192092896,0.3103092908859253,0.5222222208976746,-0.30000001192092896,-0.30000001192092896,-0.30000001192092896,-0.30000001192092896,-0.30000001192092896,-0.30000001192092896,0.30000001192092896,-0.295850633920929,0.897441642920929,-0.30000001192092896,-0.299667148525238
1.2999999523162842,0.5120696392170105,-0.30000001192092896,0.48556702288592535,0.5393162378976746,-0.30000001192092896,-0.30000001192092896,-0.30000001192092896,-0.30000001192092896,-0.30000001192092896,-0.30000001192092896,0.30000001192092896,-0.24605810292092894,0.913875549920929,-0.30000001192092896,-0.29484898452523806
1.2999999523162842,0.3057768882170105,-0.30000001192092896,0.3103092908859253,0.3256410248976746,-0.30000001192092896,-0.10645162492092897,-0.05757576992092894,-0.30000001192092896,-0.30000001192092896,-0.30000001192092896,0.30000001192092896,-0.30000001192092896,0.30000001192092896,-0.30000001192092896,-0.29983923452523803
1.2999999523162842,0.3908815502170105,-0.30000001192092896,0.5268041368859253,0.5393162378976746,-0.30000001192092896,-0.30000001192092896,-0.30000001192092896,-0.30000001192092896,-0.30000001192092896,-0.30000001192092896,0.30000001192092896,-0.24605810292092894,1.088932179920929,-0.30000001192092896,-0.295144811525238
1.2999999523162842,0.3621290132170105,-0.30000001192092896,0.3103092908859253,0.5222222208976746,-0.30000001192092896,-0.30000001192092896,-0.30000001192092896,-0.30000001192092896,-0.30000001192092896,-0.30000001192092896,0.30000001192092896,-0.295850633920929,0.7584912959209289,-0.30000001192092896,-0.29947177852523804
0.2999999523162842,0.3054536632170105,-0.09132056092092897,0.3000000128859253,0.3256410248976746,0.699999988079071,-0.30000001192092896,-0.30000001192092896,0.699999988079071,-0.16868688092092896,-0.08008299992092896,0.30000001192092896,-0.30000001192092896,0.30000001192092896,-0.23333334492092894,-0.29790127952523804
1.2999999523162842,0.3315155812170105,-0.30000001192092896,0.3103092908859253,0.3256410248976746,-0.30000001192092896,-0.25161291492092897,-0.28989900192092893,-0.30000001192092896,-0.30000001192092896,-0.30000001192092896,0.753877016920929,-0.30000001192092896,0.30000001192092896,-0.30000001192092896,-0.29984078652523805
1.2999999523162842,0.5732725722170104,-0.30000001192092896,0.3103092908859253,0.5222222208976746,-0.30000001192092896,-0.30000001192092896,-0.30000001192092896,-0.30000001192092896,-0.30000001192092896,-0.30000001192092896,0.30000001192092896,-0.30000001192092896,0.30000001192092896,-0.30000001192092896,-0.29978778552523805
1.2999999523162842,0.5120714572170105,-0.30000001192092896,0.7948453738859254,0.5393162378976746,-0.30000001192092896,-0.30000001192092896,-0.30000001192092896,-0.30000001192092896,-0.30000001192092896,-0.30000001192092896,0.30000001192092896,-0.24605810292092894,0.765188056920929,-0.30000001192092896,-0.29494899852523804
1.2999999523162842,0.3921208342170105,-0.30000001192092896,0.3103092908859253,0.5051282038976745,-0.30000001192092896,-0.30000001192092896,-0.30000001192092896,-0.30000001192092896,-0.30000001192092896,-0.30000001192092896,0.30000001192092896,-0.295850633920929,0.9714153699209289,-0.30000001192092896,-0.29947111352523803
1.2999999523162842,0.3921208342170105,-0.30000001192092896,0.3103092908859253,0.5222222208976746,-0.30000001192092896,-0.30000001192092896,-0.30000001192092896,-0.30000001192092896,-0.30000001192092896,-0.30000001192092896,0.30000001192092896,-0.295850633920929,0.855148912920929,-0.30000001192092896,-0.279170824525238
1.2999999523162842,0.3021341632170105,-0.30000001192092896,0.3103092908859253,0.3598290588976746,-0.30000001192092896,-0.041935495920928934,-0.28989900192092893,-0.30000001192092896,-0.30000001192092896,-0.30000001192092896,1.134224610920929,-0.30000001192092896,0.30000001192092896,-0.30000001192092896,-0.299837238525238
1.2999999523162842,0.4224137672170105,-0.30000001192092896,0.3103092908859253,0.5136752128976746,-0.30000001192092896,-0.30000001192092896,-0.30000001192092896,-0.30000001192092896,-0.30000001192092896,-0.30000001192092896,0.30000001192092896,-0.30000001192092896,0.30000001192092896,-0.30000001192092896,-0.29990132662523805
1.2999999523162842,0.3012141672170105,-0.30000001192092896,0.3103092908859253,0.34273504189767456,-0.30000001192092896,-0.25967743092092893,-0.28989900192092893,-0.30000001192092896,-0.30000001192092896,-0.30000001192092896,0.7812834339209289,-0.026141090920928978,0.897304123920929,-0.30000001192092896,-0.24730445852523802
1.2999999523162842,0.3048487132170105,-0.30000001192092896,0.3103092908859253,0.3256410248976746,-0.30000001192092896,-0.03387097992092897,0.033333321079071054,-0.30000001192092896,-0.30000001192092896,-0.30000001192092896,0.30000001192092896,-0.30000001192092896,0.30000001192092896,-0.30000001192092896,-0.28547876752523804
1.2999999523162842,0.3618279022170105,-0.30000001192092896,0.3103092908859253,0.33418803289767457,-0.30000001192092896,-0.25967743092092893,-0.28989900192092893,-0.30000001192092896,-0.30000001192092896,-0.30000001192092896,0.7812834339209289,-0.005394202920928959,0.8631749139209289,-0.30000001192092896,-0.25678710752523803
1.2999999523162842,0.3012144702170105,-0.30000001192092896,0.3103092908859253,0.3512820498976746,-0.30000001192092896,-0.11451614092092896,-0.06767677992092896,-0.30000001192092896,-0.30000001192092896,-0.30000001192092896,0.30000001192092896,-0.30000001192092896,0.30000001192092896,-0.30000001192092896,-0.29984034252523806
1.2999999523162842,0.5429796392170105,-0.30000001192092896,0.3103092908859253,0.5136752128976746,-0.30000001192092896,-0.30000001192092896,-0.30000001192092896,-0.30000001192092896,-0.30000001192092896,-0.30000001192092896,0.30000001192092896,-0.295850633920929,0.981370357920929,-0.30000001192092896,-0.299429644525238
1.2999999523162842,0.3009272932170105,-0.30000001192092896,0.3103092908859253,0.3598290588976746,-0.30000001192092896,-0.27580646392092895,-0.26969698192092895,-0.30000001192092896,-0.30000001192092896,-0.30000001192092896,0.30000001192092896,-0.30000001192092896,0.30000001192092896,-0.30000001192092896,-0.272408718525238
1.2999999523162842,0.5729696422170105,-0.30000001192092896,0.3103092908859253,0.5222222208976746,-0.30000001192092896,-0.30000001192092896,-0.30000001192092896,-0.30000001192092896,-0.30000001192092896,-0.30000001192092896,0.30000001192092896,-0.30000001192092896,0.30000001192092896,-0.30000001192092896,-0.29990154842523803
1.2999999523162842,1.0879494972170105,-0.30000001192092896,0.3103092908859253,0.3769230758976746,-0.30000001192092896,-0.30000001192092896,-0.30000001192092896,-0.30000001192092896,-0.30000001192092896,-0.30000001192092896,0.30000001192092896,-0.30000001192092896,0.30000001192092896,-0.30000001192092896,-0.299797321525238
1.2999999523162842,0.3912008382170105,-0.30000001192092896,0.3824742398859253,0.5393162378976746,-0.30000001192092896,-0.30000001192092896,-0.30000001192092896,-0.30000001192092896,-0.30000001192092896,-0.30000001192092896,0.30000001192092896,-0.24605810292092894,0.913875549920929,-0.30000001192092896,-0.29486251252523804
1.2999999523162842,0.5429623722170105,-0.30000001192092896,0.3103092908859253,0.5222222208976746,-0.30000001192092896,-0.30000001192092896,-0.30000001192092896,-0.30000001192092896,-0.30000001192092896,-0.30000001192092896,0.30000001192092896,-0.295850633920929,1.018495879920929,-0.30000001192092896,-0.29939992852523806
1.2999999523162842,0.3039396222170105,-0.30000001192092896,0.3103092908859253,0.3512820498976746,-0.30000001192092896,-0.16290323792092895,-0.12828283992092895,-0.30000001192092896,-0.30000001192092896,-0.30000001192092896,0.30000001192092896,-0.30000001192092896,0.30000001192092896,-0.30000001192092896,-0.290808974525238
1.2999999523162842,0.4529969062170105,-0.30000001192092896,0.3103092908859253,0.4709401698976746,-0.30000001192092896,-0.30000001192092896,-0.30000001192092896,-0.30000001192092896,-0.30000001192092896,-0.30000001192092896,0.30000001192092896,-0.30000001192092896,0.30000001192092896,-0.30000001192092896,-0.299870723525238
1.2999999523162842,0.3309209312170105,-0.30000001192092896,0.3927835178859253,0.4709401698976746,-0.30000001192092896,-0.30000001192092896,-0.30000001192092896,-0.30000001192092896,-0.30000001192092896,-0.30000001192092896,0.30000001192092896,-0.24605810292092894,0.973676295920929,-0.30000001192092896,-0.29153035752523804
1.2999999523162842,0.4517979122170105,-0.30000001192092896,0.3103092908859253,0.5222222208976746,-0.30000001192092896,-0.30000001192092896,-0.30000001192092896,-0.30000001192092896,-0.30000001192092896,-0.30000001192092896,0.30000001192092896,-0.29170125692092896,0.9899074149209289,-0.30000001192092896,-0.29903580052523804
1.2999999523162842,0.3309260812170105,-0.30000001192092896,0.3103092908859253,0.33418803289767457,-0.30000001192092896,-0.27580646392092895,-0.28989900192092893,-0.30000001192092896,-0.30000001192092896,-0.30000001192092896,0.6629679259209289,-0.30000001192092896,0.30000001192092896,-0.30000001192092896,-0.29984012152523803
1.2999999523162842,0.4224137672170105,-0.30000001192092896,0.3103092908859253,0.3512820498976746,-0.30000001192092896,-0.23548388292092895,-0.21919193092092895,-0.30000001192092896,-0.30000001192092896,-0.30000001192092896,0.30000001192092896,-0.30000001192092896,0.30000001192092896,-0.30000001192092896,-0.289612804525238
1.2999999523162842,0.4514728682170105,-0.30000001192092896,0.3103092908859253,0.5051282038976745,-0.30000001192092896,-0.30000001192092896,-0.30000001192092896,-0.30000001192092896,-0.30000001192092896,-0.30000001192092896,0.30000001192092896,-0.30000001192092896,0.30000001192092896,-0.30000001192092896,-0.29889476152523803
1.2999999523162842,0.3305974032170105,-0.30000001192092896,0.3103092908859253,0.3940170928976746,-0.30000001192092896,-0.25967743092092893,-0.24949496092092896,-0.30000001192092896,-0.30000001192092896,-0.30000001192092896,0.30000001192092896,-0.30000001192092896,0.30000001192092896,-0.30000001192092896,-0.29984056452523805
1.2999999523162842,0.45149498221701045,-0.30000001192092896,0.3103092908859253,0.5136752128976746,-0.30000001192092896,-0.30000001192092896,-0.30000001192092896,-0.30000001192092896,-0.30000001192092896,-0.30000001192092896,0.30000001192092896,-0.30000001192092896,0.30000001192092896,-0.30000001192092896,-0.29922052552523803
1.2999999523162842,0.3921090202170105,-0.30000001192092896,0.3103092908859253,0.3769230758976746,-0.30000001192092896,-0.22741936692092896,-0.28989900192092893,-0.30000001192092896,-0.30000001192092896,-0.30000001192092896,0.808021401920929,-0.12157677492092894,0.965039404920929,-0.30000001192092896,-0.255638172525238
1.2999999523162842,0.3330496162170105,-0.30000001192092896,0.3103092908859253,0.34273504189767456,-0.30000001192092896,-0.06612904392092894,-0.007070718920928976,-0.30000001192092896,-0.30000001192092896,-0.30000001192092896,0.30000001192092896,-0.30000001192092896,0.30000001192092896,-0.30000001192092896,-0.299847439525238
1.2999999523162842,0.4820908442170105,-0.30000001192092896,0.3103092908859253,0.5136752128976746,-0.30000001192092896,-0.30000001192092896,-0.30000001192092896,-0.30000001192092896,-0.30000001192092896,-0.30000001192092896,0.30000001192092896,-0.2875518789209289,0.869510518920929,-0.30000001192092896,-0.298729994525238
1.2999999523162842,0.6032625752170104,-0.30000001192092896,0.3103092908859253,0.5222222208976746,-0.30000001192092896,-0.30000001192092896,-0.30000001192092896,-0.30000001192092896,-0.30000001192092896,-0.30000001192092896,0.30000001192092896,-0.30000001192092896,0.30000001192092896,-0.30000001192092896,-0.299578666525238
1.2999999523162842,0.3321408282170105,-0.30000001192092896,0.3103092908859253,0.3683760668976746,-0.30000001192092896,-0.27580646392092895,-0.28989900192092893,-0.30000001192092896,-0.30000001192092896,-0.30000001192092896,0.6622994769209289,0.10248961507907106,1.110981954920929,-0.30000001192092896,-0.24599563552523804
1.2999999523162842,0.39209962921701047,-0.30000001192092896,0.3103092908859253,0.4111111098976746,-0.30000001192092896,-0.28387097992092897,-0.27979799192092897,-0.30000001192092896,-0.30000001192092896,-0.30000001192092896,0.30000001192092896,-0.30000001192092896,0.30000001192092896,-0.30000001192092896,-0.27734219752523803
1.2999999523162842,0.4833025622170105,-0.30000001192092896,0.3103092908859253,0.5051282038976745,-0.30000001192092896,-0.30000001192092896,-0.30000001192092896,-0.30000001192092896,-0.30000001192092896,-0.30000001192092896,0.30000001192092896,-0.30000001192092896,0.30000001192092896,-0.30000001192092896,-0.29990132662523805
1.2999999523162842,0.4521008412170105,-0.30000001192092896,0.3103092908859253,0.5136752128976746,-0.30000001192092896,-0.30000001192092896,-0.30000001192092896,-0.30000001192092896,-0.30000001192092896,-0.30000001192092896,0.30000001192092896,-0.30000001192092896,0.30000001192092896,-0.30000001192092896,-0.299900661325238
1.2999999523162842,0.4826967032170105,-0.30000001192092896,0.3103092908859253,0.5136752128976746,-0.30000001192092896,-0.30000001192092896,-0.30000001192092896,-0.30000001192092896,-0.30000001192092896,-0.30000001192092896,0.30000001192092896,-0.30000001192092896,0.30000001192092896,-0.30000001192092896,-0.29990088312523805
1.2999999523162842,0.4521008412170105,-0.30000001192092896,0.3103092908859253,0.5222222208976746,-0.30000001192092896,-0.30000001192092896,-0.30000001192092896,-0.30000001192092896,-0.30000001192092896,-0.30000001192092896,0.30000001192092896,-0.30000001192092896,0.30000001192092896,-0.30000001192092896,-0.299896226525238
1.2999999523162842,0.5123837772170106,-0.30000001192092896,0.3103092908859253,0.5222222208976746,-0.30000001192092896,-0.30000001192092896,-0.30000001192092896,-0.30000001192092896,-0.30000001192092896,-0.30000001192092896,0.30000001192092896,-0.30000001192092896,0.30000001192092896,-0.30000001192092896,-0.299900661325238
1.2999999523162842,0.3057784032170105,-0.30000001192092896,0.3103092908859253,0.3512820498976746,-0.30000001192092896,-0.18709678592092896,-0.28989900192092893,-0.30000001192092896,-0.30000001192092896,-0.30000001192092896,1.011229958920929,-0.30000001192092896,0.30000001192092896,-0.30000001192092896,-0.299837238525238
1.2999999523162842,0.5432825682170105,-0.30000001192092896,0.3103092908859253,0.5222222208976746,-0.30000001192092896,-0.30000001192092896,-0.30000001192092896,-0.30000001192092896,-0.30000001192092896,-0.30000001192092896,0.30000001192092896,-0.30000001192092896,0.30000001192092896,-0.30000001192092896,-0.29990043962523805
1.2999999523162842,0.3303196162170105,-0.30000001192092896,0.5268041368859253,0.5307692298976746,-0.30000001192092896,-0.30000001192092896,-0.30000001192092896,-0.30000001192092896,-0.30000001192092896,-0.30000001192092896,0.30000001192092896,-0.24605810292092894,0.7381502899209289,-0.30000001192092896,-0.28265288952523804
1.2999999523162842,0.30184668321701047,-0.30000001192092896,0.4649484668859253,0.5307692298976746,-0.30000001192092896,-0.30000001192092896,-0.30000001192092896,0.699999988079071,-0.30000001192092896,-0.30000001192092896,0.30000001192092896,-0.24605810292092894,0.808402569920929,-0.30000001192092896,-0.24831191152523802
1.2999999523162842,0.4817679222170105,-0.30000001192092896,0.3103092908859253,0.3769230758976746,-0.30000001192092896,-0.30000001192092896,-0.30000001192092896,-0.30000001192092896,-0.30000001192092896,-0.30000001192092896,0.30000001192092896,-0.295850633920929,1.119382977920929,-0.30000001192092896,-0.299530766525238
1.2999999523162842,0.3018403222170105,-0.30000001192092896,0.3103092908859253,0.34273504189767456,-0.30000001192092896,-0.22741936692092896,-0.20909092092092896,-0.30000001192092896,-0.30000001192092896,-0.30000001192092896,0.30000001192092896,-0.30000001192092896,0.30000001192092896,-0.30000001192092896,-0.275451699525238
1.2999999523162842,0.4517779182170105,-0.30000001192092896,0.5680412498859253,0.5393162378976746,-0.30000001192092896,-0.30000001192092896,-0.30000001192092896,-0.30000001192092896,-0.30000001192092896,-0.30000001192092896,0.30000001192092896,-0.24605810292092894,1.119382977920929,-0.30000001192092896,-0.29448175152523803
1.2999999523162842,0.4236254842170105,-0.30000001192092896,0.3103092908859253,0.5136752128976746,-0.30000001192092896,-0.30000001192092896,-0.30000001192092896,0.699999988079071,-0.30000001192092896,-0.30000001192092896,0.30000001192092896,-0.30000001192092896,0.30000001192092896,-0.30000001192092896,-0.29127755152523804
1.2999999523162842,0.3918179052170105,-0.30000001192092896,0.3103092908859253,0.5222222208976746,-0.30000001192092896,-0.30000001192092896,-0.30000001192092896,-0.30000001192092896,-0.30000001192092896,-0.30000001192092896,0.30000001192092896,-0.295850633920929,1.018495879920929,-0.30000001192092896,-0.29947111352523803
1.2999999523162842,0.42150497921701047,-0.30000001192092896,0.3103092908859253,0.5051282038976745,-0.30000001192092896,-0.30000001192092896,-0.30000001192092896,-0.30000001192092896,-0.30000001192092896,-0.30000001192092896,0.30000001192092896,-0.27925312392092894,0.9792399689209289,-0.30000001192092896,-0.298126587525238
1.2999999523162842,0.5135954942170105,-0.30000001192092896,0.3103092908859253,0.5136752128976746,-0.30000001192092896,-0.30000001192092896,-0.30000001192092896,-0.30000001192092896,-0.30000001192092896,-0.30000001192092896,0.30000001192092896,-0.30000001192092896,0.30000001192092896,-0.30000001192092896,-0.29990132662523805
1.2999999523162842,0.4224137672170105,-0.30000001192092896,0.3103092908859253,0.5222222208976746,-0.30000001192092896,-0.30000001192092896,-0.30000001192092896,-0.30000001192092896,-0.30000001192092896,-0.30000001192092896,0.30000001192092896,-0.30000001192092896,0.30000001192092896,-0.30000001192092896,-0.299254011525238
1.2999999523162842,0.5435854982170105,-0.30000001192092896,0.3103092908859253,0.5222222208976746,-0.30000001192092896,-0.30000001192092896,-0.30000001192092896,-0.30000001192092896,-0.30000001192092896,-0.30000001192092896,0.30000001192092896,-0.30000001192092896,0.30000001192092896,-0.30000001192092896,-0.29990088312523805
1.2999999523162842,0.3608991202170105,-0.30000001192092896,0.3618556828859253,0.5393162378976746,-0.30000001192092896,-0.30000001192092896,-0.30000001192092896,-0.30000001192092896,-0.30000001192092896,-0.30000001192092896,0.30000001192092896,-0.24605810292092894,1.119382977920929,-0.30000001192092896,-0.291274003525238
1.2999999523162842,0.4817809482170105,-0.30000001192092896,0.3103092908859253,0.5222222208976746,-0.30000001192092896,-0.30000001192092896,-0.30000001192092896,-0.30000001192092896,-0.30000001192092896,-0.30000001192092896,0.30000001192092896,-0.30000001192092896,0.30000001192092896,-0.30000001192092896,-0.29939970752523803
1.2999999523162842,0.3302984112170105,-0.30000001192092896,0.3103092908859253,0.34273504189767456,-0.30000001192092896,-0.20322581792092898,-0.17878789092092895,-0.30000001192092896,-0.30000001192092896,-0.30000001192092896,0.30000001192092896,-0.30000001192092896,0.30000001192092896,-0.30000001192092896,-0.29983657252523804
1.2999999523162842,0.4230196262170105,-0.30000001192092896,0.3103092908859253,0.5307692298976746,-0.30000001192092896,-0.30000001192092896,-0.30000001192092896,-0.30000001192092896,-0.30000001192092896,-0.30000001192092896,0.30000001192092896,-0.295850633920929,1.028334791920929,-0.30000001192092896,-0.299037795525238
1.2999999523162842,0.3312102292170105,-0.30000001192092896,0.3103092908859253,0.34273504189767456,-0.30000001192092896,-0.10645162492092897,-0.05757576992092894,-0.30000001192092896,-0.30000001192092896,-0.30000001192092896,0.30000001192092896,-0.30000001192092896,0.30000001192092896,-0.30000001192092896,-0.299542963525238
1.2999999523162842,0.42180790821701053,-0.30000001192092896,0.3103092908859253,0.3769230758976746,-0.30000001192092896,-0.28387097992092897,-0.27979799192092897,-0.30000001192092896,-0.30000001192092896,-0.30000001192092896,0.30000001192092896,-0.30000001192092896,0.30000001192092896,-0.30000001192092896,-0.29986229652523805
1.2999999523162842,0.3027566832170105,-0.30000001192092896,0.3103092908859253,0.3512820498976746,-0.30000001192092896,-0.16290323792092895,-0.28989900192092893,-0.30000001192092896,-0.30000001192092896,-0.30000001192092896,1.038636375920929,-0.16721992892092896,1.0829122709209291,-0.30000001192092896,-0.25679686552523806
1.2999999523162842,0.5423716602170106,-0.30000001192092896,0.3103092908859253,0.5136752128976746,-0.30000001192092896,-0.30000001192092896,-0.30000001192092896,-0.30000001192092896,-0.30000001192092896,-0.30000001192092896,0.30000001192092896,-0.30000001192092896,0.30000001192092896,-0.30000001192092896,-0.29911319452523805
1.2999999523162842,0.3912038672170105,-0.30000001192092896,0.6917525898859254,0.5393162378976746,-0.30000001192092896,-0.30000001192092896,-0.30000001192092896,-0.30000001192092896,-0.30000001192092896,-0.30000001192092896,0.30000001192092896,-0.24605810292092894,0.973676295920929,-0.30000001192092896,-0.29514835952523805
1.2999999523162842,0.4542213462170105,-0.30000001192092896,0.3103092908859253,0.5222222208976746,-0.30000001192092896,-0.30000001192092896,-0.30000001192092896,-0.30000001192092896,-0.30000001192092896,-0.30000001192092896,0.30000001192092896,-0.283402501920929,1.077346022920929,-0.30000001192092896,-0.29893201652523804
1.2999999523162842,0.3315349692170105,-0.30000001192092896,0.3103092908859253,0.3769230758976746,-0.30000001192092896,-0.30000001192092896,-0.30000001192092896,-0.30000001192092896,-0.30000001192092896,-0.30000001192092896,0.30000001192092896,-0.30000001192092896,0.30000001192092896,-0.30000001192092896,-0.29140395452523804
1.2999999523162842,0.5123668132170105,-0.30000001192092896,0.3103092908859253,0.5222222208976746,-0.30000001192092896,-0.30000001192092896,-0.30000001192092896,-0.30000001192092896,-0.30000001192092896,-0.30000001192092896,0.30000001192092896,-0.30000001192092896,0.30000001192092896,-0.30000001192092896,-0.299149340525238
1.2999999523162842,0.3006164872170105,-0.30000001192092896,0.3103092908859253,0.3683760668976746,-0.30000001192092896,-0.20322581792092898,-0.28989900192092893,-0.30000001192092896,-0.30000001192092896,-0.30000001192092896,0.981149744920929,-0.14232366292092896,0.7089505379209289,-0.30000001192092896,-0.25465311852523803
1.2999999523162842,0.3912120462170105,-0.30000001192092896,0.3103092908859253,0.3512820498976746,-0.30000001192092896,-0.29193549592092893,-0.28989900192092893,-0.30000001192092896,-0.30000001192092896,-0.30000001192092896,0.4610962689209289,0.699999988079071,0.8893623089209289,-0.30000001192092896,-0.26409740252523806
1.2999999523162842,0.4224137672170105,-0.30000001192092896,0.3103092908859253,0.5222222208976746,-0.30000001192092896,-0.30000001192092896,-0.30000001192092896,-0.30000001192092896,-0.30000001192092896,-0.30000001192092896,0.30000001192092896,-0.283402501920929,0.828261539920929,-0.30000001192092896,-0.298663244525238
1.2999999523162842,0.3618279022170105,-0.30000001192092896,0.3103092908859253,0.33418803289767457,-0.30000001192092896,-0.29193549592092893,-0.28989900192092893,-0.30000001192092896,-0.30000001192092896,-0.30000001192092896,0.4610962689209289,0.699999988079071,0.7382474989209289,-0.30000001192092896,-0.24726786852523802
1.2999999523162842,0.6332525782170104,-0.30000001192092896,0.3103092908859253,0.5136752128976746,-0.30000001192092896,-0.30000001192092896,-0.30000001192092896,-0.30000001192092896,-0.30000001192092896,-0.30000001192092896,0.30000001192092896,-0.283402501920929,0.766397456920929,-0.30000001192092896,-0.29883865652523806
1.2999999523162842,0.5432825682170105,-0.30000001192092896,0.3103092908859253,0.5222222208976746,-0.30000001192092896,-0.30000001192092896,-0.30000001192092896,-0.30000001192092896,-0.30000001192092896,-0.30000001192092896,0.30000001192092896,-0.30000001192092896,0.30000001192092896,-0.30000001192092896,-0.29981550552523806
1.2999999523162842,0.3024501182170105,-0.30000001192092896,0.3103092908859253,0.34273504189767456,-0.30000001192092896,-0.24354839892092894,-0.28989900192092893,-0.30000001192092896,-0.30000001192092896,-0.30000001192092896,0.861497337920929,-0.30000001192092896,0.30000001192092896,-0.30000001192092896,-0.299837238525238
1.2999999523162842,0.3003238572170105,-0.30000001192092896,0.3824742398859253,0.4025641018976746,-0.30000001192092896,-0.050000011920928955,-0.28989900192092893,-0.30000001192092896,-0.30000001192092896,-0.30000001192092896,1.1288770169209288,-0.13402490792092894,0.765188056920929,-0.30000001192092896,-0.25105418652523803
1.2999999523162842,0.3609097232170105,-0.30000001192092896,0.3618556828859253,0.5393162378976746,-0.30000001192092896,-0.30000001192092896,-0.30000001192092896,-0.30000001192092896,-0.30000001192092896,-0.30000001192092896,0.30000001192092896,-0.24605810292092894,0.765188056920929,-0.30000001192092896,-0.29368918352523804
1.2999999523162842,0.3921208342170105,-0.30000001192092896,0.3103092908859253,0.5136752128976746,-0.30000001192092896,-0.30000001192092896,-0.30000001192092896,-0.30000001192092896,-0.30000001192092896,-0.30000001192092896,0.30000001192092896,-0.29170125692092896,1.018495879920929,-0.30000001192092896,-0.299644751525238
1.2999999523162842,0.4211732712170105,-0.30000001192092896,0.3103092908859253,0.3769230758976746,-0.30000001192092896,-0.30000001192092896,-0.30000001192092896,-0.30000001192092896,-0.30000001192092896,-0.30000001192092896,0.30000001192092896,-0.30000001192092896,0.30000001192092896,-0.30000001192092896,-0.299870280525238
1.2999999523162842,0.4221108382170105,-0.30000001192092896,0.3103092908859253,0.3940170928976746,-0.30000001192092896,-0.30000001192092896,-0.30000001192092896,-0.30000001192092896,-0.30000001192092896,-0.30000001192092896,0.30000001192092896,-0.30000001192092896,0.30000001192092896,-0.30000001192092896,-0.29968799452523803
1.2999999523162842,0.3000297133170105,-0.30000001192092896,0.3927835178859253,0.2999999988976746,-0.30000001192092896,-0.11451614092092896,-0.28989900192092893,-0.30000001192092896,-0.30000001192092896,-0.30000001192092896,1.084090920920929,-0.08838175492092895,0.927652313920929,-0.30000001192092896,-0.24542305352523802
1.2999999523162842,0.3015292132170105,-0.30000001192092896,0.3103092908859253,0.3256410248976746,-0.30000001192092896,-0.15483872192092896,-0.11818182992092896,-0.30000001192092896,-0.30000001192092896,-0.30000001192092896,0.30000001192092896,-0.30000001192092896,0.30000001192092896,-0.30000001192092896,-0.29983945552523805
1.2999999523162842,0.3033531512170105,-0.30000001192092896,0.3618556828859253,0.46239316089767457,-0.30000001192092896,-0.11451614092092896,-0.28989900192092893,-0.30000001192092896,-0.30000001192092896,-0.30000001192092896,1.084090920920929,-0.08838175492092895,0.765188056920929,-0.30000001192092896,-0.24776061752523804
1.2999999523162842,0.3930296222170105,-0.30000001192092896,0.3103092908859253,0.33418803289767457,-0.30000001192092896,-0.18709678592092896,-0.15858587092092896,-0.30000001192092896,-0.30000001192092896,-0.30000001192092896,0.30000001192092896,-0.30000001192092896,0.30000001192092896,-0.30000001192092896,-0.299856087525238
1.2999999523162842,0.4536154882170105,-0.30000001192092896,0.3103092908859253,0.5222222208976746,-0.30000001192092896,-0.30000001192092896,-0.30000001192092896,-0.30000001192092896,-0.30000001192092896,-0.30000001192092896,0.30000001192092896,-0.295850633920929,0.8631749139209289,-0.30000001192092896,-0.299089909525238
1.2999999523162842,0.5120532812170104,-0.30000001192092896,0.3618556828859253,0.4880341868976746,-0.30000001192092896,-0.30000001192092896,-0.30000001192092896,-0.30000001192092896,-0.30000001192092896,-0.30000001192092896,0.30000001192092896,-0.24605810292092894,1.088932179920929,-0.30000001192092896,-0.29517741052523805
1.2999999523162842,0.4817879152170105,-0.30000001192092896,0.3103092908859253,0.5307692298976746,-0.30000001192092896,-0.30000001192092896,-0.30000001192092896,-0.30000001192092896,-0.30000001192092896,-0.30000001192092896,0.30000001192092896,-0.295850633920929,0.855148912920929,-0.30000001192092896,-0.29920766352523803
1.2999999523162842,0.3609191142170105,-0.30000001192092896,0.3103092908859253,0.41965811889767457,-0.30000001192092896,-0.29193549592092893,-0.28989900192092893,-0.30000001192092896,-0.30000001192092896,-0.30000001192092896,0.4610962689209289,-0.30000001192092896,0.30000001192092896,-0.30000001192092896,-0.29986296252523803
1.2999999523162842,0.4214974062170105,-0.30000001192092896,0.3103092908859253,0.5222222208976746,-0.30000001192092896,-0.29193549592092893,-0.28989900192092893,-0.30000001192092896,-0.30000001192092896,-0.30000001192092896,0.4610962689209289,-0.30000001192092896,0.30000001192092896,-0.30000001192092896,-0.29126579852523804
1.2999999523162842,0.3309069962170105,-0.30000001192092896,0.3103092908859253,0.3598290588976746,-0.30000001192092896,-0.30000001192092896,-0.30000001192092896,-0.30000001192092896,-0.30000001192092896,-0.30000001192092896,0.30000001192092896,-0.295850633920929,0.911283526920929,-0.30000001192092896,-0.264907711525238
1.2999999523162842,0.4542213462170105,-0.30000001192092896,0.3103092908859253,0.5222222208976746,-0.30000001192092896,-0.30000001192092896,-0.30000001192092896,-0.30000001192092896,-0.30000001192092896,-0.30000001192092896,0.30000001192092896,-0.29170125692092896,0.726050401920929,-0.30000001192092896,-0.29884619552523806
1.2999999523162842,0.45299387721701045,-0.30000001192092896,0.3103092908859253,0.5222222208976746,-0.30000001192092896,-0.30000001192092896,-0.30000001192092896,-0.30000001192092896,-0.30000001192092896,-0.30000001192092896,0.30000001192092896,-0.30000001192092896,0.30000001192092896,-0.30000001192092896,-0.299006306525238
1.2999999523162842,0.30062678721701047,-0.30000001192092896,0.3103092908859253,0.3512820498976746,-0.30000001192092896,-0.17903226992092897,-0.28989900192092893,-0.30000001192092896,-0.30000001192092896,-0.30000001192092896,1.021925145920929,-0.15892117392092894,0.765188056920929,-0.30000001192092896,-0.24871906152523804
0.2999999523162842,0.3006073992170105,-0.29685754892092897,0.3000000128859253,0.3256410248976746,0.699999988079071,-0.30000001192092896,-0.30000001192092896,0.699999988079071,-0.26969698192092895,-0.14647304092092894,0.30000001192092896,-0.30000001192092896,0.30000001192092896,-0.23333334492092894,-0.298546820525238
1.2999999523162842,0.4221108382170105,-0.30000001192092896,0.3103092908859253,0.5051282038976745,-0.30000001192092896,-0.30000001192092896,-0.30000001192092896,-0.30000001192092896,-0.30000001192092896,-0.30000001192092896,0.30000001192092896,-0.30000001192092896,0.30000001192092896,-0.30000001192092896,-0.299809518525238
1.2999999523162842,0.4517979122170105,-0.30000001192092896,0.3103092908859253,0.5051282038976745,-0.30000001192092896,-0.30000001192092896,-0.30000001192092896,-0.30000001192092896,-0.30000001192092896,-0.30000001192092896,0.30000001192092896,-0.30000001192092896,0.30000001192092896,-0.30000001192092896,-0.29080963952523803
1.2999999523162842,0.3027500182170105,-0.30000001192092896,0.3103092908859253,0.3512820498976746,-0.30000001192092896,-0.20322581792092898,-0.28989900192092893,-0.30000001192092896,-0.30000001192092896,-0.30000001192092896,0.981818193920929,-0.11327801992092895,1.0829122709209291,-0.30000001192092896,-0.25604931452523805
1.2999999523162842,1.2088043642170105,-0.30000001192092896,0.3103092908859253,0.3769230758976746,-0.30000001192092896,-0.30000001192092896,-0.30000001192092896,-0.30000001192092896,-0.30000001192092896,-0.30000001192092896,0.30000001192092896,-0.29170125692092896,1.003730975920929,-0.30000001192092896,-0.29975940052523803
1.2999999523162842,0.3609191142170105,-0.30000001192092896,0.3103092908859253,0.3769230758976746,-0.30000001192092896,-0.25161291492092897,-0.28989900192092893,-0.30000001192092896,-0.30000001192092896,-0.30000001192092896,0.825401081920929,-0.05518673392092896,1.077346022920929,-0.30000001192092896,-0.25177734352523806
0.2999999523162842,0.3057565922170105,-0.25039236392092895,0.3000000128859253,0.3512820498976746,0.699999988079071,-0.30000001192092896,-0.30000001192092896,0.699999988079071,-0.27979799192092897,0.45103733207907104,0.30000001192092896,-0.30000001192092896,0.30000001192092896,0.09999998807907107,-0.29339091752523805
1.2999999523162842,0.4817879152170105,-0.30000001192092896,0.3103092908859253,0.3769230758976746,-0.30000001192092896,-0.30000001192092896,-0.30000001192092896,-0.30000001192092896,-0.30000001192092896,-0.30000001192092896,0.30000001192092896,-0.295850633920929,0.901223653920929,-0.30000001192092896,-0.29968999052523804
1.2999999523162842,0.4829935742170105,-0.30000001192092896,0.3103092908859253,0.5136752128976746,-0.30000001192092896,-0.30000001192092896,-0.30000001192092896,-0.30000001192092896,-0.30000001192092896,-0.30000001192092896,0.30000001192092896,-0.30000001192092896,0.30000001192092896,-0.30000001192092896,-0.299435632525238
1.2999999523162842,0.3908891242170105,-0.30000001192092896,0.48556702288592535,0.5393162378976746,-0.30000001192092896,-0.30000001192092896,-0.30000001192092896,-0.30000001192092896,-0.30000001192092896,-0.30000001192092896,0.30000001192092896,-0.24605810292092894,1.119382977920929,-0.30000001192092896,-0.29454206952523804
1.2999999523162842,0.3009175992170105,-0.30000001192092896,0.3103092908859253,0.34273504189767456,-0.30000001192092896,-0.08225807692092896,-0.28989900192092893,-0.30000001192092896,-0.30000001192092896,-0.30000001192092896,1.112165786920929,-0.30000001192092896,0.30000001192092896,-0.30000001192092896,-0.25328774652523806
1.2999999523162842,0.48239377421701046,-0.30000001192092896,0.3103092908859253,0.5222222208976746,-0.30000001192092896,-0.30000001192092896,-0.30000001192092896,-0.30000001192092896,-0.30000001192092896,-0.30000001192092896,0.30000001192092896,-0.30000001192092896,0.30000001192092896,-0.30000001192092896,-0.29947111352523803
1.2999999523162842,0.3912023522170105,-0.30000001192092896,0.3103092908859253,0.33418803289767457,-0.30000001192092896,-0.27580646392092895,-0.28989900192092893,-0.30000001192092896,-0.30000001192092896,-0.30000001192092896,0.6629679259209289,-0.30000001192092896,0.30000001192092896,-0.30000001192092896,-0.29985253952523805
1.2999999523162842,0.3633425482170105,-0.30000001192092896,0.3103092908859253,0.38547008389767456,-0.30000001192092896,-0.28387097992092897,-0.28989900192092893,-0.30000001192092896,-0.30000001192092896,-0.30000001192092896,0.575401081920929,-0.30000001192092896,0.30000001192092896,-0.30000001192092896,-0.299855865525238
1.2999999523162842,0.4233225552170105,-0.30000001192092896,0.3103092908859253,0.5222222208976746,-0.30000001192092896,-0.29193549592092893,-0.28989900192092893,-0.30000001192092896,-0.30000001192092896,-0.30000001192092896,0.4610962689209289,-0.30000001192092896,0.30000001192092896,-0.30000001192092896,-0.299882920525238
1.2999999523162842,0.33123204021701047,-0.30000001192092896,0.3103092908859253,0.34273504189767456,-0.30000001192092896,-0.25161291492092897,-0.23939395092092897,-0.30000001192092896,-0.30000001192092896,-0.30000001192092896,0.30000001192092896,-0.30000001192092896,0.30000001192092896,-0.30000001192092896,-0.29984189552523804
1.2999999523162842,0.39363548121701053,-0.30000001192092896,0.3103092908859253,0.5307692298976746,-0.30000001192092896,-0.30000001192092896,-0.30000001192092896,-0.30000001192092896,-0.30000001192092896,-0.30000001192092896,0.30000001192092896,-0.295850633920929,1.1382667819209291,-0.30000001192092896,-0.298906736525238
1.2999999523162842,0.3042701182170105,-0.30000001192092896,0.3103092908859253,0.34273504189767456,-0.30000001192092896,-0.13870968892092894,-0.09797980992092895,-0.30000001192092896,-0.30000001192092896,-0.30000001192092896,0.30000001192092896,-0.30000001192092896,0.30000001192092896,-0.30000001192092896,-0.29984056452523805
1.2999999523162842,0.7850201712170105,-0.30000001192092896,0.3103092908859253,0.3769230758976746,-0.30000001192092896,-0.30000001192092896,-0.30000001192092896,-0.30000001192092896,-0.30000001192092896,-0.30000001192092896,0.30000001192092896,-0.27510374592092895,1.104964719920929,-0.30000001192092896,-0.29949905552523803
1.2999999523162842,0.3021359812170105,-0.30000001192092896,0.3927835178859253,0.5393162378976746,-0.30000001192092896,-0.30000001192092896,-0.30000001192092896,0.699999988079071,-0.30000001192092896,-0.30000001192092896,0.30000001192092896,-0.24605810292092894,0.828261539920929,-0.30000001192092896,-0.22592819452523805
1.2999999523162842,0.3342328572170105,-0.30000001192092896,0.3103092908859253,0.3598290588976746,-0.30000001192092896,-0.21129033492092897,-0.28989900192092893,-0.30000001192092896,-0.30000001192092896,-0.30000001192092896,0.961764717920929,-0.30000001192092896,0.30000001192092896,-0.30000001192092896,-0.299844334525238
1.2999999523162842,0.3024249752170105,-0.30000001192092896,0.3103092908859253,0.3512820498976746,-0.30000001192092896,-0.025806463920928946,0.04343433107907102,-0.30000001192092896,-0.30000001192092896,-0.30000001192092896,0.30000001192092896,-0.30000001192092896,0.30000001192092896,-0.30000001192092896,-0.29983945552523805
1.2999999523162842,0.5741813592170105,-0.30000001192092896,0.3103092908859253,0.5222222208976746,-0.30000001192092896,-0.30000001192092896,-0.30000001192092896,-0.30000001192092896,-0.30000001192092896,-0.30000001192092896,0.30000001192092896,-0.30000001192092896,0.30000001192092896,-0.30000001192092896,-0.29990088312523805
1.2999999523162842,0.5432825682170105,-0.30000001192092896,0.3103092908859253,0.5136752128976746,-0.30000001192092896,-0.30000001192092896,-0.30000001192092896,-0.30000001192092896,-0.30000001192092896,-0.30000001192092896,0.30000001192092896,-0.295850633920929,0.748362389920929,-0.30000001192092896,-0.299821715525238
1.2999999523162842,0.3024316402170105,-0.30000001192092896,0.3103092908859253,0.3683760668976746,-0.30000001192092896,-0.22741936692092896,-0.20909092092092896,-0.30000001192092896,-0.30000001192092896,-0.30000001192092896,0.30000001192092896,-0.30000001192092896,0.30000001192092896,-0.30000001192092896,-0.287735833525238
1.2999999523162842,0.4524037702170105,-0.30000001192092896,0.3103092908859253,0.5051282038976745,-0.30000001192092896,-0.30000001192092896,-0.30000001192092896,-0.30000001192092896,-0.30000001192092896,-0.30000001192092896,0.30000001192092896,-0.30000001192092896,0.30000001192092896,-0.30000001192092896,-0.29990088312523805
1.2999999523162842,0.3606101262170105,-0.30000001192092896,0.3103092908859253,0.3769230758976746,-0.30000001192092896,-0.10645162492092897,-0.28989900192092893,-0.30000001192092896,-0.30000001192092896,-0.30000001192092896,1.070721936920929,-0.22531121492092895,1.094716369920929,-0.30000001192092896,-0.24149636152523804
1.2999999523162842,0.3915149762170105,-0.30000001192092896,0.3103092908859253,0.38547008389767456,-0.30000001192092896,-0.28387097992092897,-0.27979799192092897,-0.30000001192092896,-0.30000001192092896,-0.30000001192092896,0.568716589920929,0.554771772079071,0.979165439920929,-0.30000001192092896,-0.24173830052523804
1.2999999523162842,0.45149498221701045,-0.30000001192092896,0.3103092908859253,0.5051282038976745,-0.30000001192092896,-0.30000001192092896,-0.30000001192092896,-0.30000001192092896,-0.30000001192092896,-0.30000001192092896,0.30000001192092896,-0.30000001192092896,0.30000001192092896,-0.30000001192092896,-0.29889476152523803
1.2999999523162842,0.33244375721701047,-0.30000001192092896,0.3103092908859253,0.3170940158976746,-0.30000001192092896,-0.050000011920928955,0.013131301079071067,-0.30000001192092896,-0.30000001192092896,-0.30000001192092896,0.30000001192092896,-0.30000001192092896,0.30000001192092896,-0.30000001192092896,-0.299845221525238
1.2999999523162842,0.4829996322170105,-0.30000001192092896,0.3103092908859253,0.5222222208976746,-0.30000001192092896,-0.30000001192092896,-0.30000001192092896,-0.30000001192092896,-0.30000001192092896,-0.30000001192092896,0.30000001192092896,-0.27510374592092895,0.7079993899209289,-0.30000001192092896,-0.298629315525238
1.2999999523162842,0.3609051792170105,-0.30000001192092896,0.5474226928859254,0.5393162378976746,-0.30000001192092896,-0.30000001192092896,-0.30000001192092896,-0.30000001192092896,-0.30000001192092896,-0.30000001192092896,0.30000001192092896,-0.24605810292092894,1.300000011920929,-0.30000001192092896,-0.29363662652523803
1.2999999523162842,0.3036360872170105,-0.30000001192092896,0.3103092908859253,0.33418803289767457,-0.30000001192092896,0.05483869807907105,-0.28989900192092893,-0.30000001192092896,-0.30000001192092896,-0.30000001192092896,1.1529411879209288,-0.24190872592092896,1.131897453920929,-0.30000001192092896,-0.25449433852523806
1.2999999523162842,0.5729569192170105,-0.30000001192092896,0.3103092908859253,0.5222222208976746,-0.30000001192092896,-0.30000001192092896,-0.30000001192092896,-0.30000001192092896,-0.30000001192092896,-0.30000001192092896,0.30000001192092896,-0.30000001192092896,0.30000001192092896,-0.30000001192092896,-0.29990088312523805
1.2999999523162842,0.5135954942170105,-0.30000001192092896,0.3103092908859253,0.5222222208976746,-0.30000001192092896,-0.30000001192092896,-0.30000001192092896,-0.30000001192092896,-0.30000001192092896,-0.30000001192092896,0.30000001192092896,-0.30000001192092896,0.30000001192092896,-0.30000001192092896,-0.297860032525238
1.2999999523162842,0.3312229522170105,-0.30000001192092896,0.3103092908859253,0.33418803289767457,-0.30000001192092896,-0.18709678592092896,-0.15858587092092896,-0.30000001192092896,-0.30000001192092896,-0.30000001192092896,1.011229958920929,0.01535268507907106,0.9734403289209289,-0.30000001192092896,-0.24674229952523802
1.2999999523162842,0.3330275022170105,-0.30000001192092896,0.33092784788592533,0.5136752128976746,-0.30000001192092896,-0.30000001192092896,-0.30000001192092896,-0.30000001192092896,-0.30000001192092896,-0.30000001192092896,0.30000001192092896,-0.24605810292092894,0.806812255920929,-0.30000001192092896,-0.27810371952523805
1.2999999523162842,0.3909009382170105,-0.30000001192092896,0.3618556828859253,0.5222222208976746,-0.30000001192092896,-0.30000001192092896,-0.30000001192092896,-0.30000001192092896,-0.30000001192092896,-0.30000001192092896,0.30000001192092896,-0.24605810292092894,0.973676295920929,-0.30000001192092896,-0.29472036452523803
1.2999999523162842,0.3336348752170105,-0.30000001192092896,0.3103092908859253,0.3256410248976746,-0.30000001192092896,-0.23548388292092895,-0.21919193092092895,-0.30000001192092896,-0.30000001192092896,-0.30000001192092896,0.893582899920929,0.16058090107907103,1.110981954920929,-0.30000001192092896,-0.24480900152523805
1.2999999523162842,0.3921099292170105,-0.30000001192092896,0.3103092908859253,0.4880341868976746,-0.30000001192092896,-0.28387097992092897,-0.28989900192092893,-0.30000001192092896,-0.30000001192092896,-0.30000001192092896,0.575401081920929,-0.30000001192092896,0.30000001192092896,-0.30000001192092896,-0.278985212525238
1.2999999523162842,0.3048478042170105,-0.30000001192092896,0.3103092908859253,0.3512820498976746,-0.30000001192092896,-0.23548388292092895,-0.28989900192092893,-0.30000001192092896,-0.30000001192092896,-0.30000001192092896,0.893582899920929,-0.30000001192092896,0.30000001192092896,-0.30000001192092896,-0.29983923452523803
1.2999999523162842,0.4239284142170105,-0.30000001192092896,0.3103092908859253,0.5307692298976746,-0.30000001192092896,-0.30000001192092896,-0.30000001192092896,-0.30000001192092896,-0.30000001192092896,-0.30000001192092896,0.30000001192092896,-0.30000001192092896,0.30000001192092896,-0.30000001192092896,-0.29989733452523804
1.2999999523162842,0.42180790821701053,-0.30000001192092896,0.3103092908859253,0.5222222208976746,-0.30000001192092896,-0.30000001192092896,-0.30000001192092896,-0.30000001192092896,-0.30000001192092896,-0.30000001192092896,0.30000001192092896,-0.30000001192092896,0.30000001192092896,-0.30000001192092896,-0.299900661325238
1.2999999523162842,0.3339375012170105,-0.30000001192092896,0.3103092908859253,0.34273504189767456,-0.30000001192092896,-0.25967743092092893,-0.28989900192092893,-0.30000001192092896,-0.30000001192092896,-0.30000001192092896,0.7812834339209289,-0.30000001192092896,0.30000001192092896,-0.30000001192092896,-0.29983945552523805
1.2999999523162842,0.3609051792170105,-0.30000001192092896,0.3412371258859253,0.5051282038976745,-0.30000001192092896,-0.30000001192092896,-0.30000001192092896,-0.30000001192092896,-0.30000001192092896,-0.30000001192092896,0.30000001192092896,-0.24605810292092894,1.003730975920929,-0.30000001192092896,-0.29465760652523804
1.2999999523162842,0.5738784302170106,-0.30000001192092896,0.3103092908859253,0.5307692298976746,-0.30000001192092896,-0.30000001192092896,-0.30000001192092896,-0.30000001192092896,-0.30000001192092896,-0.30000001192092896,0.30000001192092896,-0.30000001192092896,0.30000001192092896,-0.30000001192092896,-0.29990088312523805
1.2999999523162842,0.3306061882170105,-0.30000001192092896,0.49587630188592535,0.5393162378976746,-0.30000001192092896,-0.30000001192092896,-0.30000001192092896,0.699999988079071,-0.30000001192092896,-0.30000001192092896,0.4597593699209289,-0.24605810292092894,1.119382977920929,-0.30000001192092896,-0.28194569852523804
1.2999999523162842,0.3312302222170105,-0.30000001192092896,0.3103092908859253,0.3512820498976746,-0.30000001192092896,-0.24354839892092894,-0.22929294092092894,-0.30000001192092896,-0.30000001192092896,-0.30000001192092896,0.38021391592092896,0.19792529907907103,1.126473973920929,-0.30000001192092896,-0.24207537452523803
1.2999999523162842,0.42180790821701053,-0.30000001192092896,0.3103092908859253,0.5222222208976746,-0.30000001192092896,-0.30000001192092896,-0.30000001192092896,-0.30000001192092896,-0.30000001192092896,-0.30000001192092896,0.30000001192092896,-0.30000001192092896,0.30000001192092896,-0.30000001192092896,-0.299901104925238
1.2999999523162842,0.4214786242170105,-0.30000001192092896,0.3103092908859253,0.3683760668976746,-0.30000001192092896,-0.27580646392092895,-0.28989900192092893,-0.30000001192092896,-0.30000001192092896,-0.30000001192092896,0.6629679259209289,-0.30000001192092896,0.30000001192092896,-0.30000001192092896,-0.26960701252523805
1.2999999523162842,0.3908827622170105,-0.30000001192092896,0.3103092908859253,0.33418803289767457,-0.30000001192092896,-0.26774194692092895,-0.28989900192092893,-0.30000001192092896,-0.30000001192092896,-0.30000001192092896,0.7278074989209289,0.04439832807907107,0.695747523920929,-0.30000001192092896,-0.252005090525238
1.2999999523162842,0.30063496621701047,-0.30000001192092896,0.3412371258859253,0.5393162378976746,-0.30000001192092896,-0.30000001192092896,-0.30000001192092896,-0.30000001192092896,-0.30000001192092896,-0.30000001192092896,0.30000001192092896,-0.24605810292092894,0.808402569920929,-0.30000001192092896,-0.27461344952523803
0.2999999523162842,0.3045609302170105,-0.20424336092092896,0.3000000128859253,0.3769230758976746,0.699999988079071,-0.30000001192092896,-0.30000001192092896,0.699999988079071,-0.21919193092092895,0.03195019507907104,0.30000001192092896,-0.30000001192092896,0.30000001192092896,0.233333321079071,-0.297000936525238
1.2999999523162842,0.3303217372170105,-0.30000001192092896,0.44432990988592536,0.5393162378976746,-0.30000001192092896,-0.30000001192092896,-0.30000001192092896,0.699999988079071,-0.30000001192092896,-0.30000001192092896,0.512566856920929,-0.24605810292092894,0.7939963459209289,-0.30000001192092896,-0.24693722552523803
1.2999999523162842,0.8758989692170105,-0.30000001192092896,0.3103092908859253,0.3769230758976746,-0.30000001192092896,-0.30000001192092896,-0.30000001192092896,-0.30000001192092896,-0.30000001192092896,-0.30000001192092896,0.30000001192092896,-0.30000001192092896,0.30000001192092896,-0.30000001192092896,-0.29954673352523803
1.2999999523162842,0.3333473952170105,-0.30000001192092896,0.3103092908859253,0.3256410248976746,-0.30000001192092896,-0.25161291492092897,-0.23939395092092897,-0.30000001192092896,-0.30000001192092896,-0.30000001192092896,0.30000001192092896,-0.30000001192092896,0.30000001192092896,-0.30000001192092896,-0.29984100852523804
1.2999999523162842,0.3609097232170105,-0.30000001192092896,0.5164948578859253,0.5393162378976746,-0.30000001192092896,-0.30000001192092896,-0.30000001192092896,-0.30000001192092896,-0.30000001192092896,-0.30000001192092896,0.30000001192092896,-0.24605810292092894,0.765188056920929,-0.30000001192092896,-0.29507318352523804
1.2999999523162842,0.3342325552170105,-0.30000001192092896,0.3103092908859253,0.33418803289767457,-0.30000001192092896,-0.22741936692092896,-0.20909092092092896,-0.30000001192092896,-0.30000001192092896,-0.30000001192092896,0.368850278920929,0.12738588007907103,0.9682757449209289,-0.30000001192092896,-0.253589782525238
1.2999999523162842,0.4820608542170105,-0.30000001192092896,0.8051546518859254,0.5393162378976746,-0.30000001192092896,-0.30000001192092896,-0.30000001192092896,-0.30000001192092896,-0.30000001192092896,-0.30000001192092896,0.30000001192092896,-0.24605810292092894,1.1978775169209288,-0.30000001192092896,-0.29441389352523806
1.2999999523162842,0.3621181082170105,-0.30000001192092896,0.5371134148859253,0.5393162378976746,-0.30000001192092896,-0.30000001192092896,-0.30000001192092896,-0.30000001192092896,-0.30000001192092896,-0.30000001192092896,0.30000001192092896,-0.24605810292092894,1.020383467920929,-0.30000001192092896,-0.285597852525238
1.2999999523162842,0.3015386042170105,-0.30000001192092896,0.3103092908859253,0.3598290588976746,-0.30000001192092896,-0.22741936692092896,-0.20909092092092896,-0.30000001192092896,-0.30000001192092896,-0.30000001192092896,0.30000001192092896,-0.30000001192092896,0.30000001192092896,-0.30000001192092896,-0.27730893352523805
0.2999999523162842,0.30063496621701047,-0.23796032692092894,0.3000000128859253,0.38547008389767456,0.699999988079071,-0.30000001192092896,-0.30000001192092896,0.699999988079071,-0.04747475892092895,-0.17966806192092896,0.30000001192092896,-0.30000001192092896,0.30000001192092896,0.033333321079071054,-0.298842204525238
1.2999999523162842,0.3024519362170105,-0.30000001192092896,0.3103092908859253,0.3598290588976746,-0.30000001192092896,-0.17903226992092897,-0.28989900192092893,-0.30000001192092896,-0.30000001192092896,-0.30000001192092896,1.021925145920929,-0.14647304092092894,0.7584912959209289,-0.30000001192092896,-0.254669971525238
1.2999999523162842,0.4212020502170105,-0.30000001192092896,0.3103092908859253,0.41965811889767457,-0.30000001192092896,-0.30000001192092896,-0.30000001192092896,-0.30000001192092896,-0.30000001192092896,-0.30000001192092896,0.30000001192092896,-0.283402501920929,0.940819772920929,-0.30000001192092896,-0.280671691525238
1.2999999523162842,0.7547272382170105,-0.30000001192092896,0.3103092908859253,0.3769230758976746,-0.30000001192092896,-0.30000001192092896,-0.30000001192092896,-0.30000001192092896,-0.30000001192092896,-0.30000001192092896,0.30000001192092896,-0.30000001192092896,0.30000001192092896,-0.30000001192092896,-0.29990487482523803
1.2999999523162842,0.4530096292170105,-0.30000001192092896,0.3103092908859253,0.5051282038976745,-0.30000001192092896,-0.30000001192092896,-0.30000001192092896,-0.30000001192092896,-0.30000001192092896,-0.30000001192092896,0.30000001192092896,-0.29170125692092896,1.026060097920929,-0.30000001192092896,-0.29906529452523806
1.2999999523162842,0.3327288132170105,-0.30000001192092896,0.3103092908859253,0.34273504189767456,-0.30000001192092896,-0.03387097992092897,0.033333321079071054,-0.30000001192092896,-0.30000001192092896,-0.30000001192092896,0.30000001192092896,-0.30000001192092896,0.30000001192092896,-0.30000001192092896,-0.29983679452523804
1.2999999523162842,0.4826815562170105,-0.30000001192092896,0.3103092908859253,0.5051282038976745,-0.30000001192092896,-0.30000001192092896,-0.30000001192092896,-0.30000001192092896,-0.30000001192092896,-0.30000001192092896,0.30000001192092896,-0.30000001192092896,0.30000001192092896,-0.30000001192092896,-0.299899996525238
1.2999999523162842,0.3909091172170105,-0.30000001192092896,0.3103092908859253,0.3256410248976746,-0.30000001192092896,-0.22741936692092896,-0.28989900192092893,-0.30000001192092896,-0.30000001192092896,-0.30000001192092896,0.919652417920929,-0.30000001192092896,0.30000001192092896,-0.30000001192092896,-0.29985431352523806
1.2999999523162842,0.4230196262170105,-0.30000001192092896,0.3103092908859253,0.5136752128976746,-0.30000001192092896,-0.30000001192092896,-0.30000001192092896,0.699999988079071,-0.30000001192092896,-0.30000001192092896,0.30000001192092896,-0.30000001192092896,0.30000001192092896,-0.30000001192092896,-0.299870945525238
1.2999999523162842,0.3015386042170105,-0.30000001192092896,0.3103092908859253,0.34273504189767456,-0.30000001192092896,-0.20322581792092898,-0.28989900192092893,-0.30000001192092896,-0.30000001192092896,-0.30000001192092896,0.981818193920929,-0.07593362192092895,0.8365443559209289,-0.30000001192092896,-0.25004052452523806
1.2999999523162842,0.42180790821701053,-0.30000001192092896,0.3103092908859253,0.4282051268976746,-0.30000001192092896,-0.24354839892092894,-0.28989900192092893,-0.30000001192092896,-0.30000001192092896,-0.30000001192092896,0.8006684609209289,-0.30000001192092896,0.30000001192092896,-0.30000001192092896,-0.26445044352523805
1.2999999523162842,0.4817879152170105,-0.30000001192092896,0.3103092908859253,0.5051282038976745,-0.30000001192092896,-0.30000001192092896,-0.30000001192092896,-0.30000001192092896,-0.30000001192092896,-0.30000001192092896,0.30000001192092896,-0.30000001192092896,0.30000001192092896,-0.30000001192092896,-0.29979798652523804
1.2999999523162842,0.3000063877370105,-0.30000001192092896,0.3103092908859253,0.2999999988976746,-0.30000001192092896,-0.16290323792092895,-0.28989900192092893,-0.30000001192092896,-0.30000001192092896,-0.30000001192092896,1.038636375920929,-0.30000001192092896,0.30000001192092896,-0.30000001192092896,-0.29995011372523805
1.2999999523162842,0.4524037702170105,-0.30000001192092896,0.3103092908859253,0.5222222208976746,-0.30000001192092896,-0.30000001192092896,-0.30000001192092896,-0.30000001192092896,-0.30000001192092896,-0.30000001192092896,0.30000001192092896,-0.30000001192092896,0.30000001192092896,-0.30000001192092896,-0.299896891525238
1.2999999523162842,0.3614964972170105,-0.30000001192092896,0.3103092908859253,0.33418803289767457,-0.30000001192092896,-0.29193549592092893,-0.28989900192092893,-0.30000001192092896,-0.30000001192092896,-0.30000001192092896,0.4610962689209289,-0.30000001192092896,0.30000001192092896,-0.30000001192092896,-0.29984256052523806
1.2999999523162842,0.3333464862170105,-0.30000001192092896,0.3103092908859253,0.3170940158976746,-0.30000001192092896,-0.25967743092092893,-0.24949496092092896,-0.30000001192092896,-0.30000001192092896,-0.30000001192092896,0.7812834339209289,0.29751036107907103,1.094716369920929,-0.30000001192092896,-0.24784422052523802
1.2999999523162842,0.3621181082170105,-0.30000001192092896,0.5371134148859253,0.5393162378976746,-0.30000001192092896,-0.30000001192092896,-0.30000001192092896,-0.30000001192092896,-0.30000001192092896,-0.30000001192092896,0.30000001192092896,-0.24605810292092894,1.020383467920929,-0.30000001192092896,-0.28560228752523803
1.2999999523162842,0.3605928592170105,-0.30000001192092896,0.3103092908859253,0.33418803289767457,-0.30000001192092896,-0.26774194692092895,-0.259595971920929,-0.30000001192092896,-0.30000001192092896,-0.30000001192092896,0.46243316692092895,-0.30000001192092896,0.30000001192092896,-0.30000001192092896,-0.298689412525238
1.2999999523162842,0.3021293162170105,-0.30000001192092896,0.3103092908859253,0.3256410248976746,-0.30000001192092896,-0.17903226992092897,-0.28989900192092893,-0.30000001192092896,-0.30000001192092896,-0.30000001192092896,1.021925145920929,-0.14647304092092894,1.044382434920929,-0.30000001192092896,-0.250649919525238
1.2999999523162842,1.1179395012170104,-0.30000001192092896,0.3103092908859253,0.3769230758976746,-0.30000001192092896,-0.30000001192092896,-0.30000001192092896,-0.30000001192092896,-0.30000001192092896,-0.30000001192092896,0.30000001192092896,-0.30000001192092896,0.30000001192092896,-0.30000001192092896,-0.29977403652523804
1.2999999523162842,0.3918006382170105,-0.30000001192092896,0.3103092908859253,0.3683760668976746,-0.30000001192092896,-0.25967743092092893,-0.28989900192092893,-0.30000001192092896,-0.30000001192092896,-0.30000001192092896,0.7812834339209289,-0.30000001192092896,0.30000001192092896,-0.30000001192092896,-0.25675229152523804
1.2999999523162842,0.3024331542170105,-0.30000001192092896,0.3103092908859253,0.33418803289767457,-0.30000001192092896,-0.06612904392092894,-0.28989900192092893,-0.30000001192092896,-0.30000001192092896,-0.30000001192092896,1.114171134920929,-0.21701245992092894,1.110981954920929,-0.30000001192092896,-0.253756545525238
1.2999999523162842,1.1482094112170105,-0.30000001192092896,0.3103092908859253,0.3769230758976746,-0.30000001192092896,-0.30000001192092896,-0.30000001192092896,-0.30000001192092896,-0.30000001192092896,-0.30000001192092896,0.30000001192092896,-0.295850633920929,0.860955634920929,-0.30000001192092896,-0.29972569352523803
1.2999999523162842,0.5135954942170105,-0.30000001192092896,0.3103092908859253,0.5136752128976746,-0.30000001192092896,-0.30000001192092896,-0.30000001192092896,-0.30000001192092896,-0.30000001192092896,-0.30000001192092896,0.30000001192092896,-0.2875518789209289,0.7712671929209289,-0.30000001192092896,-0.29900054052523806
1.2999999523162842,0.9667777672170105,-0.30000001192092896,0.3103092908859253,0.3769230758976746,-0.30000001192092896,-0.30000001192092896,-0.30000001192092896,-0.30000001192092896,-0.30000001192092896,-0.30000001192092896,0.30000001192092896,-0.30000001192092896,0.30000001192092896,-0.30000001192092896,-0.299904431225238
1.2999999523162842,0.3036654712170105,-0.30000001192092896,0.3103092908859253,0.2999999988976746,-0.30000001192092896,0.4177419230790711,-0.28989900192092893,-0.30000001192092896,-0.30000001192092896,-0.30000001192092896,1.192379690920929,-0.30000001192092896,0.30000001192092896,-0.30000001192092896,-0.29124273552523805
1.2999999523162842,0.4542213462170105,-0.30000001192092896,0.3103092908859253,0.5222222208976746,-0.30000001192092896,-0.30000001192092896,-0.30000001192092896,-0.30000001192092896,-0.30000001192092896,-0.30000001192092896,0.30000001192092896,-0.30000001192092896,0.30000001192092896,-0.30000001192092896,-0.299288605525238
1.2999999523162842,0.4239284142170105,-0.30000001192092896,0.3103092908859253,0.3598290588976746,-0.30000001192092896,-0.26774194692092895,-0.259595971920929,-0.30000001192092896,-0.30000001192092896,-0.30000001192092896,0.30000001192092896,-0.30000001192092896,0.30000001192092896,-0.30000001192092896,-0.299854978525238
1.2999999523162842,0.4523949852170105,-0.30000001192092896,0.3103092908859253,0.5222222208976746,-0.30000001192092896,-0.30000001192092896,-0.30000001192092896,-0.30000001192092896,-0.30000001192092896,-0.30000001192092896,0.30000001192092896,-0.295850633920929,0.891385137920929,-0.30000001192092896,-0.299304350525238
1.2999999523162842,0.3917963972170105,-0.30000001192092896,0.3103092908859253,0.5051282038976745,-0.30000001192092896,-0.30000001192092896,-0.30000001192092896,-0.30000001192092896,-0.30000001192092896,-0.30000001192092896,0.30000001192092896,-0.30000001192092896,0.30000001192092896,-0.30000001192092896,-0.299578666525238
1.2999999523162842,0.3024289132170105,-0.30000001192092896,0.3103092908859253,0.3512820498976746,-0.30000001192092896,-0.18709678592092896,-0.28989900192092893,-0.30000001192092896,-0.30000001192092896,-0.30000001192092896,1.011229958920929,-0.30000001192092896,0.30000001192092896,-0.30000001192092896,-0.299837238525238
1.2999999523162842,0.3030396192170105,-0.30000001192092896,0.3103092908859253,0.33418803289767457,-0.30000001192092896,-0.08225807692092896,-0.027272738920928963,-0.30000001192092896,-0.30000001192092896,-0.30000001192092896,0.30000001192092896,-0.30000001192092896,0.30000001192092896,-0.30000001192092896,-0.29983834652523805
1.2999999523162842,0.39363548121701053,-0.30000001192092896,0.3103092908859253,0.5136752128976746,-0.30000001192092896,-0.30000001192092896,-0.30000001192092896,-0.30000001192092896,-0.30000001192092896,-0.30000001192092896,0.30000001192092896,-0.295850633920929,1.026060097920929,-0.30000001192092896,-0.299002757525238
1.2999999523162842,0.3033486072170105,-0.30000001192092896,0.3103092908859253,0.3512820498976746,-0.30000001192092896,-0.17096775392092894,-0.13838384992092895,-0.30000001192092896,-0.30000001192092896,-0.30000001192092896,0.30000001192092896,-0.30000001192092896,0.30000001192092896,-0.30000001192092896,-0.29983590752523803
1.2999999523162842,0.4517979122170105,-0.30000001192092896,0.3103092908859253,0.3512820498976746,-0.30000001192092896,-0.26774194692092895,-0.259595971920929,-0.30000001192092896,-0.30000001192092896,-0.30000001192092896,0.30000001192092896,-0.30000001192092896,0.30000001192092896,-0.30000001192092896,-0.29985564452523805
1.2999999523162842,0.3015449662170105,-0.30000001192092896,0.3103092908859253,0.3256410248976746,-0.30000001192092896,-0.09032259292092895,-0.28989900192092893,-0.30000001192092896,-0.30000001192092896,-0.30000001192092896,1.099465252920929,-0.20456432692092896,0.766397456920929,-0.30000001192092896,-0.24046229752523804
1.2999999523162842,0.4514868032170105,-0.30000001192092896,0.9185567138859254,0.5393162378976746,-0.30000001192092896,-0.30000001192092896,-0.30000001192092896,-0.30000001192092896,-0.30000001192092896,-0.30000001192092896,0.30000001192092896,-0.24605810292092894,0.973676295920929,-0.30000001192092896,-0.29500865152523803
1.2999999523162842,0.4530096292170105,-0.30000001192092896,0.3103092908859253,0.5136752128976746,-0.30000001192092896,-0.30000001192092896,-0.30000001192092896,-0.30000001192092896,-0.30000001192092896,-0.30000001192092896,0.30000001192092896,-0.29170125692092896,1.1082968329209288,-0.30000001192092896,-0.29947089152523804
1.2999999523162842,0.4520926622170105,-0.30000001192092896,0.3103092908859253,0.5136752128976746,-0.30000001192092896,-0.30000001192092896,-0.30000001192092896,-0.30000001192092896,-0.30000001192092896,-0.30000001192092896,0.30000001192092896,-0.30000001192092896,0.30000001192092896,-0.30000001192092896,-0.29932430852523806
1.2999999523162842,0.5129896362170105,-0.30000001192092896,0.3103092908859253,0.5136752128976746,-0.30000001192092896,-0.30000001192092896,-0.30000001192092896,-0.30000001192092896,-0.30000001192092896,-0.30000001192092896,0.30000001192092896,-0.30000001192092896,0.30000001192092896,-0.30000001192092896,-0.29961437052523804
1.2999999523162842,0.3918179052170105,-0.30000001192092896,0.3103092908859253,0.5222222208976746,-0.30000001192092896,-0.30000001192092896,-0.30000001192092896,-0.30000001192092896,-0.30000001192092896,-0.30000001192092896,0.30000001192092896,-0.295850633920929,0.748362389920929,-0.30000001192092896,-0.29943008852523806
1.2999999523162842,0.3908997262170105,-0.30000001192092896,0.3103092908859253,0.5136752128976746,-0.30000001192092896,-0.30000001192092896,-0.30000001192092896,-0.30000001192092896,-0.30000001192092896,-0.30000001192092896,0.30000001192092896,-0.30000001192092896,0.30000001192092896,-0.30000001192092896,-0.29592584752523804
1.2999999523162842,0.5132925652170105,-0.30000001192092896,0.3103092908859253,0.5222222208976746,-0.30000001192092896,-0.30000001192092896,-0.30000001192092896,-0.30000001192092896,-0.30000001192092896,-0.30000001192092896,0.30000001192092896,-0.30000001192092896,0.30000001192092896,-0.30000001192092896,-0.29127821652523805
1.2999999523162842,0.4212020502170105,-0.30000001192092896,0.3103092908859253,0.5222222208976746,-0.30000001192092896,-0.30000001192092896,-0.30000001192092896,-0.30000001192092896,-0.30000001192092896,-0.30000001192092896,0.30000001192092896,-0.295850633920929,0.918342235920929,-0.30000001192092896,-0.28571338952523806
1.2999999523162842,0.3018224492170105,-0.30000001192092896,0.3103092908859253,0.34273504189767456,-0.30000001192092896,-0.15483872192092896,-0.11818182992092896,-0.30000001192092896,-0.30000001192092896,-0.30000001192092896,0.30000001192092896,-0.30000001192092896,0.30000001192092896,-0.30000001192092896,-0.29984056452523805
1.2999999523162842,0.30333497521701047,-0.30000001192092896,0.3103092908859253,0.3512820498976746,-0.30000001192092896,-0.15483872192092896,-0.28989900192092893,-0.30000001192092896,-0.30000001192092896,-0.30000001192092896,1.0459893169209291,-0.15477179592092896,1.088932179920929,-0.30000001192092896,-0.24494139152523803
1.2999999523162842,0.4826967032170105,-0.30000001192092896,0.3103092908859253,0.5136752128976746,-0.30000001192092896,-0.30000001192092896,-0.30000001192092896,-0.30000001192092896,-0.30000001192092896,-0.30000001192092896,0.30000001192092896,-0.30000001192092896,0.30000001192092896,-0.30000001192092896,-0.29990088312523805
1.2999999523162842,0.45149498221701045,-0.30000001192092896,0.3103092908859253,0.5393162378976746,-0.30000001192092896,-0.30000001192092896,-0.30000001192092896,-0.30000001192092896,-0.30000001192092896,-0.30000001192092896,0.30000001192092896,-0.30000001192092896,0.30000001192092896,-0.30000001192092896,-0.299897113525238
1.2999999523162842,0.4230196262170105,-0.30000001192092896,0.3103092908859253,0.5136752128976746,-0.30000001192092896,-0.30000001192092896,-0.30000001192092896,-0.30000001192092896,-0.30000001192092896,-0.30000001192092896,0.30000001192092896,-0.2875518789209289,0.962630361920929,-0.30000001192092896,-0.298313530525238
1.2999999523162842,0.3915149762170105,-0.30000001192092896,0.3103092908859253,0.3683760668976746,-0.30000001192092896,-0.25967743092092893,-0.28989900192092893,-0.30000001192092896,-0.30000001192092896,-0.30000001192092896,0.7812834339209289,-0.30000001192092896,0.30000001192092896,-0.30000001192092896,-0.299854978525238
1.2999999523162842,0.5438884272170105,-0.30000001192092896,0.3103092908859253,0.5136752128976746,-0.30000001192092896,-0.30000001192092896,-0.30000001192092896,-0.30000001192092896,-0.30000001192092896,-0.30000001192092896,0.30000001192092896,-0.30000001192092896,0.30000001192092896,-0.30000001192092896,-0.299900661325238
1.2999999523162842,0.3315131582170105,-0.30000001192092896,0.3103092908859253,0.3598290588976746,-0.30000001192092896,-0.25161291492092897,-0.28989900192092893,-0.30000001192092896,-0.30000001192092896,-0.30000001192092896,0.8200534879209289,0.02365144007907105,1.1082968329209288,-0.30000001192092896,-0.24967817052523802
1.2999999523162842,0.4529799422170105,-0.30000001192092896,0.3103092908859253,0.5222222208976746,-0.30000001192092896,-0.30000001192092896,-0.30000001192092896,-0.30000001192092896,-0.30000001192092896,-0.30000001192092896,0.30000001192092896,-0.295850633920929,0.831649561920929,-0.30000001192092896,-0.29898656952523806
1.2999999523162842,0.4233125582170105,-0.30000001192092896,0.3103092908859253,0.5136752128976746,-0.30000001192092896,-0.30000001192092896,-0.30000001192092896,-0.30000001192092896,-0.30000001192092896,-0.30000001192092896,0.30000001192092896,-0.27925312392092894,1.092871814920929,-0.30000001192092896,-0.298098423525238
1.2999999523162842,0.45149498221701045,-0.30000001192092896,0.3103092908859253,0.5136752128976746,-0.30000001192092896,-0.30000001192092896,-0.30000001192092896,-0.30000001192092896,-0.30000001192092896,-0.30000001192092896,0.30000001192092896,-0.30000001192092896,0.30000001192092896,-0.30000001192092896,-0.29990132662523805
1.2999999523162842,0.5741813592170105,-0.30000001192092896,0.3103092908859253,0.5222222208976746,-0.30000001192092896,-0.30000001192092896,-0.30000001192092896,-0.30000001192092896,-0.30000001192092896,-0.30000001192092896,0.30000001192092896,-0.30000001192092896,0.30000001192092896,-0.30000001192092896,-0.29990088312523805
1.2999999523162842,0.3914937712170105,-0.30000001192092896,0.3103092908859253,0.5222222208976746,-0.30000001192092896,-0.30000001192092896,-0.30000001192092896,-0.30000001192092896,-0.30000001192092896,-0.30000001192092896,0.30000001192092896,-0.30000001192092896,0.30000001192092896,-0.30000001192092896,-0.29947089152523804
1.2999999523162842,0.3615249722170105,-0.30000001192092896,0.3103092908859253,0.34273504189767456,-0.30000001192092896,-0.29193549592092893,-0.28989900192092893,-0.30000001192092896,-0.30000001192092896,-0.30000001192092896,0.4610962689209289,0.699999988079071,0.6740299839209289,-0.30000001192092896,-0.27253290452523804
1.2999999523162842,0.3633425482170105,-0.30000001192092896,0.3103092908859253,0.4965811958976746,-0.30000001192092896,-0.30000001192092896,-0.30000001192092896,-0.30000001192092896,-0.30000001192092896,-0.30000001192092896,0.30000001192092896,-0.30000001192092896,0.30000001192092896,-0.30000001192092896,-0.28987204152523804
1.2999999523162842,0.4220869062170105,-0.30000001192092896,0.3103092908859253,0.5222222208976746,-0.30000001192092896,-0.30000001192092896,-0.30000001192092896,-0.30000001192092896,-0.30000001192092896,-0.30000001192092896,0.30000001192092896,-0.2875518789209289,0.721141444920929,-0.30000001192092896,-0.298993444525238
1.2999999523162842,0.4524037702170105,-0.30000001192092896,0.3103092908859253,0.5222222208976746,-0.30000001192092896,-0.30000001192092896,-0.30000001192092896,-0.30000001192092896,-0.30000001192092896,-0.30000001192092896,0.30000001192092896,-0.30000001192092896,0.30000001192092896,-0.30000001192092896,-0.29127777352523804
1.2999999523162842,0.39242376421701053,-0.30000001192092896,0.3103092908859253,0.5222222208976746,-0.30000001192092896,-0.30000001192092896,-0.30000001192092896,-0.30000001192092896,-0.30000001192092896,-0.30000001192092896,0.30000001192092896,-0.30000001192092896,0.30000001192092896,-0.30000001192092896,-0.299256672525238
1.2999999523162842,0.5123837772170106,-0.30000001192092896,0.3103092908859253,0.3769230758976746,-0.30000001192092896,-0.30000001192092896,-0.30000001192092896,-0.30000001192092896,-0.30000001192092896,-0.30000001192092896,0.30000001192092896,-0.30000001192092896,0.30000001192092896,-0.30000001192092896,-0.29986872852523805
1.2999999523162842,0.3630132642170105,-0.30000001192092896,0.3103092908859253,0.34273504189767456,-0.30000001192092896,-0.22741936692092896,-0.28989900192092893,-0.30000001192092896,-0.30000001192092896,-0.30000001192092896,0.918315519920929,-0.30000001192092896,0.30000001192092896,-0.30000001192092896,-0.299848326525238
1.2999999523162842,0.3003132552170105,-0.30000001192092896,0.6298969198859253,0.4367521358976746,-0.30000001192092896,-0.30000001192092896,-0.30000001192092896,-0.30000001192092896,-0.30000001192092896,-0.30000001192092896,0.30000001192092896,-0.24605810292092894,1.119382977920929,-0.30000001192092896,-0.26732599652523803
1.2999999523162842,0.3612220432170105,-0.30000001192092896,0.3103092908859253,0.3512820498976746,-0.30000001192092896,-0.29193549592092893,-0.28989900192092893,-0.30000001192092896,-0.30000001192092896,-0.30000001192092896,0.45909092092092896,0.687551855079071,1.1441927509209289,-0.30000001192092896,-0.23452779752523803
1.2999999523162842,0.45149498221701045,-0.30000001192092896,0.3103092908859253,0.5222222208976746,-0.30000001192092896,-0.30000001192092896,-0.30000001192092896,-0.30000001192092896,-0.30000001192092896,-0.30000001192092896,0.30000001192092896,-0.30000001192092896,0.30000001192092896,-0.30000001192092896,-0.29889476152523803
1.2999999523162842,0.5120669132170105,-0.30000001192092896,0.3103092908859253,0.3940170928976746,-0.30000001192092896,-0.28387097992092897,-0.27979799192092897,-0.30000001192092896,-0.30000001192092896,-0.30000001192092896,0.30000001192092896,-0.30000001192092896,0.30000001192092896,-0.30000001192092896,-0.29977935952523804
1.2999999523162842,0.4230196262170105,-0.30000001192092896,0.3103092908859253,0.5222222208976746,-0.30000001192092896,-0.30000001192092896,-0.30000001192092896,-0.30000001192092896,-0.30000001192092896,-0.30000001192092896,0.30000001192092896,-0.295850633920929,0.732241257920929,-0.30000001192092896,-0.29903846152523805
1.2999999523162842,0.3321408282170105,-0.30000001192092896,0.3103092908859253,0.3683760668976746,-0.30000001192092896,-0.27580646392092895,-0.28989900192092893,-0.30000001192092896,-0.30000001192092896,-0.30000001192092896,0.6282085679209289,0.05269708307907106,0.8631749139209289,-0.30000001192092896,-0.25945132352523803
0.2999999523162842,0.3006164872170105,-0.260043716920929,0.3000000128859253,0.33418803289767457,0.699999988079071,-0.30000001192092896,-0.30000001192092896,0.699999988079071,-0.16868688092092896,-0.07178424392092894,0.30000001192092896,-0.30000001192092896,0.30000001192092896,-0.03333334492092893,-0.297920572525238
1.2999999523162842,0.3027330542170105,-0.30000001192092896,0.3103092908859253,0.3256410248976746,-0.30000001192092896,-0.08225807692092896,-0.027272738920928963,-0.30000001192092896,-0.30000001192092896,-0.30000001192092896,0.30000001192092896,-0.30000001192092896,0.30000001192092896,-0.30000001192092896,-0.29983812552523803
1.2999999523162842,0.5726667132170105,-0.30000001192092896,0.3103092908859253,0.4965811958976746,-0.30000001192092896,-0.30000001192092896,-0.30000001192092896,-0.30000001192092896,-0.30000001192092896,-0.30000001192092896,0.30000001192092896,-0.30000001192092896,0.30000001192092896,-0.30000001192092896,-0.299901104925238
1.2999999523162842,0.3318272962170105,-0.30000001192092896,0.3103092908859253,0.3085470078976746,-0.30000001192092896,-0.15483872192092896,-0.11818182992092896,-0.30000001192092896,-0.30000001192092896,-0.30000001192092896,0.30133690992092893,-0.30000001192092896,0.30000001192092896,-0.30000001192092896,-0.29964785552523804
1.2999999523162842,0.5129896362170105,-0.30000001192092896,0.3103092908859253,0.5307692298976746,-0.30000001192092896,-0.30000001192092896,-0.30000001192092896,-0.30000001192092896,-0.30000001192092896,-0.30000001192092896,0.30000001192092896,-0.30000001192092896,0.30000001192092896,-0.30000001192092896,-0.29990088312523805
1.2999999523162842,0.4524037702170105,-0.30000001192092896,0.3103092908859253,0.5222222208976746,-0.30000001192092896,-0.30000001192092896,-0.30000001192092896,-0.30000001192092896,-0.30000001192092896,-0.30000001192092896,0.30000001192092896,-0.29170125692092896,0.7939963459209289,-0.30000001192092896,-0.29919746252523804
1.2999999523162842,0.3912120462170105,-0.30000001192092896,0.3103092908859253,0.3769230758976746,-0.30000001192092896,-0.30000001192092896,-0.30000001192092896,-0.30000001192092896,-0.30000001192092896,-0.30000001192092896,0.30000001192092896,-0.30000001192092896,0.30000001192092896,-0.30000001192092896,-0.29990465302523805
1.2999999523162842,0.42180790821701053,-0.30000001192092896,0.3103092908859253,0.5051282038976745,-0.30000001192092896,-0.30000001192092896,-0.30000001192092896,-0.30000001192092896,-0.30000001192092896,-0.30000001192092896,0.30000001192092896,-0.295850633920929,0.979299344920929,-0.30000001192092896,-0.29982858952523805
1.2999999523162842,0.48239377421701046,-0.30000001192092896,0.3103092908859253,0.5222222208976746,-0.30000001192092896,-0.30000001192092896,-0.30000001192092896,-0.30000001192092896,-0.30000001192092896,-0.30000001192092896,0.30000001192092896,-0.30000001192092896,0.30000001192092896,-0.30000001192092896,-0.29127245052523804
1.2999999523162842,0.45149498221701045,-0.30000001192092896,0.3103092908859253,0.5222222208976746,-0.30000001192092896,-0.30000001192092896,-0.30000001192092896,-0.30000001192092896,-0.30000001192092896,-0.30000001192092896,0.30000001192092896,-0.295850633920929,0.708840948920929,-0.30000001192092896,-0.29932209152523803
1.2999999523162842,0.4542213462170105,-0.30000001192092896,0.3103092908859253,0.5222222208976746,-0.30000001192092896,-0.30000001192092896,-0.30000001192092896,-0.30000001192092896,-0.30000001192092896,-0.30000001192092896,0.30000001192092896,-0.30000001192092896,0.30000001192092896,-0.30000001192092896,-0.299207885525238
1.2999999523162842,0.5423737802170105,-0.30000001192092896,0.3103092908859253,0.5051282038976745,-0.30000001192092896,-0.30000001192092896,-0.30000001192092896,-0.30000001192092896,-0.30000001192092896,-0.30000001192092896,0.30000001192092896,-0.295850633920929,0.9714153699209289,-0.30000001192092896,-0.29965029552523803
1.2999999523162842,0.4517945792170105,-0.30000001192092896,0.3103092908859253,0.3512820498976746,-0.30000001192092896,-0.27580646392092895,-0.26969698192092895,-0.30000001192092896,-0.30000001192092896,-0.30000001192092896,0.30000001192092896,-0.30000001192092896,0.30000001192092896,-0.30000001192092896,-0.299862075525238
1.2999999523162842,0.3021274992170105,-0.30000001192092896,0.3103092908859253,0.3598290588976746,-0.30000001192092896,-0.27580646392092895,-0.28989900192092893,-0.30000001192092896,-0.30000001192092896,-0.30000001192092896,0.6629679259209289,-0.30000001192092896,0.30000001192092896,-0.30000001192092896,-0.29983834652523805
1.2999999523162842,0.3333237672170105,-0.30000001192092896,0.3103092908859253,0.33418803289767457,-0.30000001192092896,-0.21129033492092897,-0.18888890092092897,-0.30000001192092896,-0.30000001192092896,-0.30000001192092896,0.30000001192092896,-0.30000001192092896,0.30000001192092896,-0.30000001192092896,-0.28047787452523804
1.2999999523162842,0.4211908412170105,-0.30000001192092896,0.3103092908859253,0.5136752128976746,-0.30000001192092896,-0.30000001192092896,-0.30000001192092896,-0.30000001192092896,-0.30000001192092896,-0.30000001192092896,0.30000001192092896,-0.30000001192092896,0.30000001192092896,-0.30000001192092896,-0.29939992852523806
1.2999999523162842,0.4829896362170105,-0.30000001192092896,0.3103092908859253,0.5136752128976746,-0.30000001192092896,-0.30000001192092896,-0.30000001192092896,-0.30000001192092896,-0.30000001192092896,-0.30000001192092896,0.30000001192092896,-0.27925312392092894,1.092871814920929,-0.30000001192092896,-0.29856034852523805
1.2999999523162842,0.3306240602170105,-0.30000001192092896,0.3103092908859253,0.3940170928976746,-0.30000001192092896,-0.21935485092092893,-0.19898991092092894,-0.30000001192092896,-0.30000001192092896,-0.30000001192092896,0.30000001192092896,-0.30000001192092896,0.30000001192092896,-0.30000001192092896,-0.29984078652523805
1.2999999523162842,0.3042519422170105,-0.30000001192092896,0.3103092908859253,0.3512820498976746,-0.30000001192092896,-0.25161291492092897,-0.28989900192092893,-0.30000001192092896,-0.30000001192092896,-0.30000001192092896,0.825401081920929,-0.01784233592092893,0.917708219920929,-0.30000001192092896,-0.24553459752523804
1.2999999523162842,0.4820908442170105,-0.30000001192092896,0.3103092908859253,0.5222222208976746,-0.30000001192092896,-0.30000001192092896,-0.30000001192092896,-0.30000001192092896,-0.30000001192092896,-0.30000001192092896,0.30000001192092896,-0.30000001192092896,0.30000001192092896,-0.30000001192092896,-0.299899996525238
1.2999999523162842,0.3915149762170105,-0.30000001192092896,0.3103092908859253,0.44529914389767455,-0.30000001192092896,-0.29193549592092893,-0.28989900192092893,-0.30000001192092896,-0.30000001192092896,-0.30000001192092896,0.4597593699209289,0.15228214607907103,1.072055110920929,-0.30000001192092896,-0.25872572752523804
1.2999999523162842,0.3630396192170105,-0.30000001192092896,0.3103092908859253,0.34273504189767456,-0.30000001192092896,-0.25161291492092897,-0.28989900192092893,-0.30000001192092896,-0.30000001192092896,-0.30000001192092896,0.825401081920929,-0.30000001192092896,0.30000001192092896,-0.30000001192092896,-0.29985453552523805
1.2999999523162842,0.4817879152170105,-0.30000001192092896,0.3103092908859253,0.5307692298976746,-0.30000001192092896,-0.30000001192092896,-0.30000001192092896,-0.30000001192092896,-0.30000001192092896,-0.30000001192092896,0.30000001192092896,-0.30000001192092896,0.30000001192092896,-0.30000001192092896,-0.29925312452523806
1.2999999523162842,0.42180790821701053,-0.30000001192092896,0.3103092908859253,0.5136752128976746,-0.30000001192092896,-0.30000001192092896,-0.30000001192092896,-0.30000001192092896,-0.30000001192092896,-0.30000001192092896,0.30000001192092896,-0.30000001192092896,0.30000001192092896,-0.30000001192092896,-0.299256450525238
1.2999999523162842,0.4517979122170105,-0.30000001192092896,0.3103092908859253,0.5222222208976746,-0.30000001192092896,-0.30000001192092896,-0.30000001192092896,-0.30000001192092896,-0.30000001192092896,-0.30000001192092896,0.30000001192092896,-0.30000001192092896,0.30000001192092896,-0.30000001192092896,-0.29990088312523805
1.2999999523162842,0.4820702452170105,-0.30000001192092896,0.3103092908859253,0.4965811958976746,-0.30000001192092896,-0.30000001192092896,-0.30000001192092896,-0.30000001192092896,-0.30000001192092896,-0.30000001192092896,0.30000001192092896,-0.2875518789209289,1.110981954920929,-0.30000001192092896,-0.29926820352523803
1.2999999523162842,0.4233225552170105,-0.30000001192092896,0.3103092908859253,0.5222222208976746,-0.30000001192092896,-0.30000001192092896,-0.30000001192092896,-0.30000001192092896,-0.30000001192092896,-0.30000001192092896,0.30000001192092896,-0.2875518789209289,0.721141444920929,-0.30000001192092896,-0.29845900452523805
1.2999999523162842,0.30212325821701047,-0.30000001192092896,0.3412371258859253,0.4111111098976746,-0.30000001192092896,-0.17903226992092897,-0.28989900192092893,-0.30000001192092896,-0.30000001192092896,-0.30000001192092896,1.021925145920929,-0.0012448249209289775,1.088932179920929,-0.30000001192092896,-0.24220820852523803
1.2999999523162842,1.0576350572170106,-0.30000001192092896,0.3103092908859253,0.3769230758976746,-0.30000001192092896,-0.30000001192092896,-0.30000001192092896,-0.30000001192092896,-0.30000001192092896,-0.30000001192092896,0.30000001192092896,-0.29170125692092896,1.044382434920929,-0.30000001192092896,-0.299570683525238
1.2999999523162842,0.45209750921701053,-0.30000001192092896,0.3103092908859253,0.33418803289767457,-0.30000001192092896,-0.17096775392092894,-0.28989900192092893,-0.30000001192092896,-0.30000001192092896,-0.30000001192092896,1.0272727389209289,-0.30000001192092896,0.30000001192092896,-0.30000001192092896,-0.29985564452523805
1.2999999523162842,0.3006325422170105,-0.30000001192092896,0.3618556828859253,0.4367521358976746,-0.30000001192092896,-0.21129033492092897,-0.28989900192092893,-0.30000001192092896,-0.30000001192092896,-0.30000001192092896,0.961764717920929,0.07344397107907102,0.7381502899209289,-0.30000001192092896,-0.22093617052523803
1.2999999523162842,0.5726667132170105,-0.30000001192092896,0.3103092908859253,0.3769230758976746,-0.30000001192092896,-0.30000001192092896,-0.30000001192092896,-0.30000001192092896,-0.30000001192092896,-0.30000001192092896,0.30000001192092896,-0.27925312392092894,0.721907532920929,-0.30000001192092896,-0.29967734952523806
1.2999999523162842,0.39242376421701053,-0.30000001192092896,0.3103092908859253,0.5222222208976746,-0.30000001192092896,-0.30000001192092896,-0.30000001192092896,-0.30000001192092896,-0.30000001192092896,-0.30000001192092896,0.30000001192092896,-0.30000001192092896,0.30000001192092896,-0.30000001192092896,-0.299256450525238
1.2999999523162842,0.3048705242170105,-0.30000001192092896,0.3103092908859253,0.3085470078976746,-0.30000001192092896,0.17580644007907104,-0.28989900192092893,-0.30000001192092896,-0.30000001192092896,-0.30000001192092896,1.167647070920929,-0.30000001192092896,0.30000001192092896,-0.30000001192092896,-0.29228522552523806
1.2999999523162842,0.5129738832170105,-0.30000001192092896,0.3103092908859253,0.5136752128976746,-0.30000001192092896,-0.30000001192092896,-0.30000001192092896,-0.30000001192092896,-0.30000001192092896,-0.30000001192092896,0.30000001192092896,-0.30000001192092896,0.30000001192092896,-0.30000001192092896,-0.299901104925238
1.2999999523162842,0.3606070962170105,-0.30000001192092896,0.3103092908859253,0.33418803289767457,-0.30000001192092896,-0.050000011920928955,0.013131301079071067,-0.30000001192092896,-0.30000001192092896,-0.30000001192092896,0.30000001192092896,-0.30000001192092896,0.30000001192092896,-0.30000001192092896,-0.29984100852523804
1.2999999523162842,0.36088912421701047,-0.30000001192092896,0.49587630188592535,0.5393162378976746,-0.30000001192092896,-0.30000001192092896,-0.30000001192092896,-0.30000001192092896,-0.30000001192092896,-0.30000001192092896,0.30000001192092896,-0.24605810292092894,1.1978775169209288,-0.30000001192092896,-0.294526546525238
1.2999999523162842,0.4529808512170105,-0.30000001192092896,0.3103092908859253,0.5222222208976746,-0.30000001192092896,-0.30000001192092896,-0.30000001192092896,-0.30000001192092896,-0.30000001192092896,-0.30000001192092896,0.30000001192092896,-0.30000001192092896,0.30000001192092896,-0.30000001192092896,-0.299900661325238
1.2999999523162842,0.3315137642170105,-0.30000001192092896,0.3103092908859253,0.3256410248976746,-0.30000001192092896,-0.10645162492092897,-0.28989900192092893,-0.30000001192092896,-0.30000001192092896,-0.30000001192092896,1.086096268920929,-0.30000001192092896,0.30000001192092896,-0.30000001192092896,-0.250660120525238
1.2999999523162842,0.36061618421701047,-0.30000001192092896,0.3103092908859253,0.3598290588976746,-0.30000001192092896,-0.26774194692092895,-0.28989900192092893,-0.30000001192092896,-0.30000001192092896,-0.30000001192092896,0.7278074989209289,0.01535268507907106,0.798222310920929,-0.30000001192092896,-0.26108014552523806
1.2999999523162842,0.3605861942170105,-0.30000001192092896,0.48556702288592535,0.5393162378976746,-0.30000001192092896,-0.30000001192092896,-0.30000001192092896,-0.30000001192092896,-0.30000001192092896,-0.30000001192092896,0.30000001192092896,-0.24605810292092894,1.1978775169209288,-0.30000001192092896,-0.29452233352523804
1.2999999523162842,0.3621181082170105,-0.30000001192092896,0.3103092908859253,0.33418803289767457,-0.30000001192092896,-0.14677420592092896,-0.10808081992092897,-0.30000001192092896,-0.30000001192092896,-0.30000001192092896,0.30000001192092896,-0.30000001192092896,0.30000001192092896,-0.30000001192092896,-0.284743635525238
1.2999999523162842,0.9361806932170105,-0.30000001192092896,0.3103092908859253,0.3769230758976746,-0.30000001192092896,-0.30000001192092896,-0.30000001192092896,-0.30000001192092896,-0.30000001192092896,-0.30000001192092896,0.30000001192092896,-0.295850633920929,0.9026445069209289,-0.30000001192092896,-0.299807522525238
1.2999999523162842,0.5123825652170105,-0.30000001192092896,0.3103092908859253,0.3769230758976746,-0.30000001192092896,-0.30000001192092896,-0.30000001192092896,-0.30000001192092896,-0.30000001192092896,-0.30000001192092896,0.30000001192092896,-0.30000001192092896,0.30000001192092896,-0.30000001192092896,-0.299868949525238
0.2999999523162842,0.3003090142170105,-0.18251073592092895,0.3000000128859253,0.3512820498976746,0.699999988079071,-0.30000001192092896,-0.30000001192092896,0.699999988079071,-0.15858587092092896,-0.09668050992092894,0.30000001192092896,-0.30000001192092896,0.30000001192092896,-0.23333334492092894,-0.29810197152523804
1.2999999523162842,0.5126867062170105,-0.30000001192092896,0.3103092908859253,0.5051282038976745,-0.30000001192092896,-0.30000001192092896,-0.30000001192092896,-0.30000001192092896,-0.30000001192092896,-0.30000001192092896,0.30000001192092896,-0.30000001192092896,0.30000001192092896,-0.30000001192092896,-0.29955205552523806
1.2999999523162842,0.4221108382170105,-0.30000001192092896,0.3103092908859253,0.4367521358976746,-0.30000001192092896,-0.29193549592092893,-0.28989900192092893,-0.30000001192092896,-0.30000001192092896,-0.30000001192092896,0.45909092092092896,0.16473027807907104,0.9734403289209289,-0.30000001192092896,-0.222436372525238
1.2999999523162842,0.42180790821701053,-0.30000001192092896,0.3103092908859253,0.5222222208976746,-0.30000001192092896,-0.30000001192092896,-0.30000001192092896,-0.30000001192092896,-0.30000001192092896,-0.30000001192092896,0.30000001192092896,-0.30000001192092896,0.30000001192092896,-0.30000001192092896,-0.29990132662523805
1.2999999523162842,0.42271669621701047,-0.30000001192092896,0.3103092908859253,0.33418803289767457,-0.30000001192092896,-0.21935485092092893,-0.19898991092092894,-0.30000001192092896,-0.30000001192092896,-0.30000001192092896,0.30000001192092896,-0.30000001192092896,0.30000001192092896,-0.30000001192092896,-0.29985165252523804
1.2999999523162842,0.8150101742170105,-0.30000001192092896,0.3103092908859253,0.3769230758976746,-0.30000001192092896,-0.30000001192092896,-0.30000001192092896,-0.30000001192092896,-0.30000001192092896,-0.30000001192092896,0.30000001192092896,-0.30000001192092896,0.30000001192092896,-0.30000001192092896,-0.29990465302523805
1.2999999523162842,0.4529923622170105,-0.30000001192092896,0.3103092908859253,0.4709401698976746,-0.30000001192092896,-0.30000001192092896,-0.30000001192092896,-0.30000001192092896,-0.30000001192092896,-0.30000001192092896,0.30000001192092896,-0.30000001192092896,0.30000001192092896,-0.30000001192092896,-0.29987050252523806
1.2999999523162842,0.3605886182170105,-0.30000001192092896,0.6195876418859253,0.5393162378976746,-0.30000001192092896,-0.30000001192092896,-0.30000001192092896,0.699999988079071,-0.30000001192092896,-0.30000001192092896,0.465106963920929,-0.24605810292092894,1.088932179920929,-0.30000001192092896,-0.28678692552523805
1.2999999523162842,0.3908815502170105,-0.30000001192092896,0.3618556828859253,0.5222222208976746,-0.30000001192092896,-0.30000001192092896,-0.30000001192092896,-0.30000001192092896,-0.30000001192092896,-0.30000001192092896,0.30000001192092896,-0.24605810292092894,1.088932179920929,-0.30000001192092896,-0.294262431525238
1.2999999523162842,0.3618279022170105,-0.30000001192092896,0.3103092908859253,0.33418803289767457,-0.30000001192092896,-0.29193549592092893,-0.28989900192092893,-0.30000001192092896,-0.30000001192092896,-0.30000001192092896,0.4610962689209289,0.202074677079071,0.940819772920929,-0.30000001192092896,-0.25295754652523805
1.2999999523162842,0.3036560802170105,-0.30000001192092896,0.3412371258859253,0.5307692298976746,-0.30000001192092896,-0.30000001192092896,-0.30000001192092896,0.699999988079071,-0.30000001192092896,-0.30000001192092896,0.30000001192092896,-0.24605810292092894,0.765188056920929,-0.30000001192092896,-0.27814430152523806
1.2999999523162842,0.5432825682170105,-0.30000001192092896,0.3103092908859253,0.5307692298976746,-0.30000001192092896,-0.30000001192092896,-0.30000001192092896,-0.30000001192092896,-0.30000001192092896,-0.30000001192092896,0.30000001192092896,-0.30000001192092896,0.30000001192092896,-0.30000001192092896,-0.299229617525238
1.2999999523162842,0.3621075052170105,-0.30000001192092896,0.5371134148859253,0.5393162378976746,-0.30000001192092896,-0.30000001192092896,-0.30000001192092896,-0.30000001192092896,-0.30000001192092896,-0.30000001192092896,0.30000001192092896,-0.24605810292092894,0.909611701920929,-0.30000001192092896,-0.275808954525238
1.2999999523162842,0.4221108382170105,-0.30000001192092896,0.3103092908859253,0.5307692298976746,-0.30000001192092896,-0.30000001192092896,-0.30000001192092896,-0.30000001192092896,-0.30000001192092896,-0.30000001192092896,0.30000001192092896,-0.29170125692092896,0.7382474989209289,-0.30000001192092896,-0.299141801525238
1.2999999523162842,0.9061779672170105,-0.30000001192092896,0.3103092908859253,0.3769230758976746,-0.30000001192092896,-0.30000001192092896,-0.30000001192092896,-0.30000001192092896,-0.30000001192092896,-0.30000001192092896,0.30000001192092896,-0.30000001192092896,0.30000001192092896,-0.30000001192092896,-0.29968976852523804
1.2999999523162842,0.3621220462170105,-0.30000001192092896,0.5474226928859254,0.5393162378976746,-0.30000001192092896,-0.30000001192092896,-0.30000001192092896,-0.30000001192092896,-0.30000001192092896,-0.30000001192092896,0.30000001192092896,-0.24605810292092894,0.891385137920929,-0.30000001192092896,-0.28550626552523806
1.2999999523162842,0.4221108382170105,-0.30000001192092896,0.3103092908859253,0.5051282038976745,-0.30000001192092896,-0.30000001192092896,-0.30000001192092896,-0.30000001192092896,-0.30000001192092896,-0.30000001192092896,0.30000001192092896,-0.295850633920929,0.9188818659209289,-0.30000001192092896,-0.29972946352523805
1.2999999523162842,0.4542213462170105,-0.30000001192092896,0.3103092908859253,0.5307692298976746,-0.30000001192092896,-0.30000001192092896,-0.30000001192092896,-0.30000001192092896,-0.30000001192092896,-0.30000001192092896,0.30000001192092896,-0.30000001192092896,0.30000001192092896,-0.30000001192092896,-0.299181052525238
1.2999999523162842,0.4214989202170105,-0.30000001192092896,0.3103092908859253,0.5222222208976746,-0.30000001192092896,-0.30000001192092896,-0.30000001192092896,-0.30000001192092896,-0.30000001192092896,-0.30000001192092896,0.30000001192092896,-0.30000001192092896,0.30000001192092896,-0.30000001192092896,-0.29907726952523805
1.2999999523162842,0.6938384432170105,-0.30000001192092896,0.3103092908859253,0.3769230758976746,-0.30000001192092896,-0.30000001192092896,-0.30000001192092896,-0.30000001192092896,-0.30000001192092896,-0.30000001192092896,0.30000001192092896,-0.29170125692092896,0.8365443559209289,-0.30000001192092896,-0.299616365525238
1.2999999523162842,0.3303220402170105,-0.30000001192092896,0.3515464048859253,0.5307692298976746,-0.30000001192092896,-0.30000001192092896,-0.30000001192092896,-0.30000001192092896,-0.30000001192092896,-0.30000001192092896,0.30000001192092896,-0.24605810292092894,0.9026445069209289,-0.30000001192092896,-0.275232158525238
1.2999999523162842,0.4542062002170105,-0.30000001192092896,0.3103092908859253,0.5307692298976746,-0.30000001192092896,-0.30000001192092896,-0.30000001192092896,-0.30000001192092896,-0.30000001192092896,-0.30000001192092896,0.30000001192092896,-0.2875518789209289,0.9899074149209289,-0.30000001192092896,-0.29895818452523804
1.2999999523162842,0.3908791272170105,-0.30000001192092896,0.49587630188592535,0.5393162378976746,-0.30000001192092896,-0.30000001192092896,-0.30000001192092896,-0.30000001192092896,-0.30000001192092896,-0.30000001192092896,0.30000001192092896,-0.24605810292092894,1.1978775169209288,-0.30000001192092896,-0.29448064252523803
1.2999999523162842,0.3618148762170105,-0.30000001192092896,0.3103092908859253,0.3170940158976746,-0.30000001192092896,-0.041935495920928934,-0.28989900192092893,-0.30000001192092896,-0.30000001192092896,-0.30000001192092896,1.1335561619209291,-0.30000001192092896,0.30000001192092896,-0.30000001192092896,-0.285125727525238
1.2999999523162842,0.5123837772170106,-0.30000001192092896,0.3103092908859253,0.5222222208976746,-0.30000001192092896,-0.30000001192092896,-0.30000001192092896,-0.30000001192092896,-0.30000001192092896,-0.30000001192092896,0.30000001192092896,-0.30000001192092896,0.30000001192092896,-0.30000001192092896,-0.299900217825238
1.2999999523162842,0.36061618421701047,-0.30000001192092896,0.3103092908859253,0.3940170928976746,-0.30000001192092896,-0.28387097992092897,-0.28989900192092893,-0.30000001192092896,-0.30000001192092896,-0.30000001192092896,0.575401081920929,-0.30000001192092896,0.30000001192092896,-0.30000001192092896,-0.25923533052523806
1.2999999523162842,0.4212008382170105,-0.30000001192092896,0.5268041368859253,0.5393162378976746,-0.30000001192092896,-0.30000001192092896,-0.30000001192092896,-0.30000001192092896,-0.30000001192092896,-0.30000001192092896,0.30000001192092896,-0.24605810292092894,0.808402569920929,-0.30000001192092896,-0.29548920352523805
1.2999999523162842,1.0573454562170106,-0.30000001192092896,0.3103092908859253,0.3769230758976746,-0.30000001192092896,-0.30000001192092896,-0.30000001192092896,-0.30000001192092896,-0.30000001192092896,-0.30000001192092896,0.30000001192092896,-0.30000001192092896,0.30000001192092896,-0.30000001192092896,-0.29990487482523803
1.2999999523162842,0.5132925652170105,-0.30000001192092896,0.3103092908859253,0.5222222208976746,-0.30000001192092896,-0.30000001192092896,-0.30000001192092896,-0.30000001192092896,-0.30000001192092896,-0.30000001192092896,0.30000001192092896,-0.30000001192092896,0.30000001192092896,-0.30000001192092896,-0.299435632525238
1.2999999523162842,0.3051783002170105,-0.30000001192092896,0.3103092908859253,0.3170940158976746,-0.30000001192092896,-0.14677420592092896,-0.10808081992092897,-0.30000001192092896,-0.30000001192092896,-0.30000001192092896,0.30000001192092896,-0.30000001192092896,0.30000001192092896,-0.30000001192092896,-0.29983834652523805
1.2999999523162842,0.4530096292170105,-0.30000001192092896,0.3103092908859253,0.5136752128976746,-0.30000001192092896,-0.30000001192092896,-0.30000001192092896,-0.30000001192092896,-0.30000001192092896,-0.30000001192092896,0.30000001192092896,-0.30000001192092896,0.30000001192092896,-0.30000001192092896,-0.299899996525238
1.2999999523162842,0.3036548682170105,-0.30000001192092896,0.3103092908859253,0.3598290588976746,-0.30000001192092896,-0.15483872192092896,-0.11818182992092896,-0.30000001192092896,-0.30000001192092896,-0.30000001192092896,0.30000001192092896,-0.30000001192092896,0.30000001192092896,-0.30000001192092896,-0.29983967752523805
1.2999999523162842,0.3306013412170105,-0.30000001192092896,0.3103092908859253,0.33418803289767457,-0.30000001192092896,-0.11451614092092896,-0.06767677992092896,-0.30000001192092896,-0.30000001192092896,-0.30000001192092896,0.30000001192092896,-0.30000001192092896,0.30000001192092896,-0.30000001192092896,-0.29983590752523803
1.2999999523162842,0.5432825682170105,-0.30000001192092896,0.3103092908859253,0.5307692298976746,-0.30000001192092896,-0.30000001192092896,-0.30000001192092896,-0.30000001192092896,-0.30000001192092896,-0.30000001192092896,0.30000001192092896,-0.30000001192092896,0.30000001192092896,-0.30000001192092896,-0.299900661325238
1.2999999523162842,0.42271669621701047,-0.30000001192092896,0.3103092908859253,0.4794871778976746,-0.30000001192092896,-0.30000001192092896,-0.30000001192092896,0.699999988079071,-0.30000001192092896,-0.30000001192092896,0.30000001192092896,-0.30000001192092896,0.30000001192092896,-0.30000001192092896,-0.29987050252523806
1.2999999523162842,0.3912120462170105,-0.30000001192092896,0.3103092908859253,0.3512820498976746,-0.30000001192092896,-0.23548388292092895,-0.28989900192092893,-0.30000001192092896,-0.30000001192092896,-0.30000001192092896,0.893582899920929,-0.06763486692092896,0.8156024129209289,-0.30000001192092896,-0.25342146752523803
1.2999999523162842,0.6941413732170105,-0.30000001192092896,0.3103092908859253,0.3769230758976746,-0.30000001192092896,-0.30000001192092896,-0.30000001192092896,-0.30000001192092896,-0.30000001192092896,-0.30000001192092896,0.30000001192092896,-0.29170125692092896,1.088932179920929,-0.30000001192092896,-0.299797321525238
1.2999999523162842,0.3930296222170105,-0.30000001192092896,0.3103092908859253,0.5136752128976746,-0.30000001192092896,-0.30000001192092896,-0.30000001192092896,-0.30000001192092896,-0.30000001192092896,-0.30000001192092896,0.30000001192092896,-0.30000001192092896,0.30000001192092896,-0.30000001192092896,-0.299618583525238
1.2999999523162842,0.5132925652170105,-0.30000001192092896,0.3103092908859253,0.5307692298976746,-0.30000001192092896,-0.30000001192092896,-0.30000001192092896,-0.30000001192092896,-0.30000001192092896,-0.30000001192092896,0.30000001192092896,-0.295850633920929,0.944194374920929,-0.30000001192092896,-0.29943585352523805
1.2999999523162842,0.3306180022170105,-0.30000001192092896,0.4237113528859253,0.4367521358976746,-0.30000001192092896,-0.27580646392092895,-0.28989900192092893,-0.30000001192092896,-0.30000001192092896,-0.30000001192092896,0.661631027920929,0.45103733207907104,0.973676295920929,-0.30000001192092896,-0.251821030525238
1.2999999523162842,0.3327212402170105,-0.30000001192092896,0.3103092908859253,0.34273504189767456,-0.30000001192092896,-0.21935485092092893,-0.19898991092092894,-0.30000001192092896,-0.30000001192092896,-0.30000001192092896,0.35147059992092894,-0.30000001192092896,0.30000001192092896,-0.30000001192092896,-0.29984189552523804
1.2999999523162842,0.5438884272170105,-0.30000001192092896,0.3103092908859253,0.5222222208976746,-0.30000001192092896,-0.30000001192092896,-0.30000001192092896,-0.30000001192092896,-0.30000001192092896,-0.30000001192092896,0.30000001192092896,-0.30000001192092896,0.30000001192092896,-0.30000001192092896,-0.29918460052523804
1.2999999523162842,0.42180790821701053,-0.30000001192092896,0.3103092908859253,0.44529914389767455,-0.30000001192092896,-0.26774194692092895,-0.28989900192092893,-0.30000001192092896,-0.30000001192092896,-0.30000001192092896,0.30000001192092896,-0.30000001192092896,0.30000001192092896,-0.30000001192092896,-0.299857196525238
1.2999999523162842,0.4542213462170105,-0.30000001192092896,0.3103092908859253,0.5307692298976746,-0.30000001192092896,-0.30000001192092896,-0.30000001192092896,-0.30000001192092896,-0.30000001192092896,-0.30000001192092896,0.30000001192092896,-0.283402501920929,1.067763975920929,-0.30000001192092896,-0.29860314752523803
1.2999999523162842,0.4527067002170105,-0.30000001192092896,0.3103092908859253,0.5222222208976746,-0.30000001192092896,-0.30000001192092896,-0.30000001192092896,-0.30000001192092896,-0.30000001192092896,-0.30000001192092896,0.30000001192092896,-0.30000001192092896,0.30000001192092896,-0.30000001192092896,-0.29978689852523804
1.2999999523162842,0.5132713602170105,-0.30000001192092896,0.3103092908859253,0.5136752128976746,-0.30000001192092896,-0.30000001192092896,-0.30000001192092896,-0.30000001192092896,-0.30000001192092896,-0.30000001192092896,0.30000001192092896,-0.30000001192092896,0.30000001192092896,-0.30000001192092896,-0.29965029552523803
1.2999999523162842,0.3927266932170105,-0.30000001192092896,0.3103092908859253,0.5222222208976746,-0.30000001192092896,-0.30000001192092896,-0.30000001192092896,-0.30000001192092896,-0.30000001192092896,-0.30000001192092896,0.30000001192092896,-0.30000001192092896,0.30000001192092896,-0.30000001192092896,-0.29855790852523806
1.2999999523162842,0.3321408282170105,-0.30000001192092896,0.3103092908859253,0.33418803289767457,-0.30000001192092896,-0.25967743092092893,-0.24949496092092896,-0.30000001192092896,-0.30000001192092896,-0.30000001192092896,0.30000001192092896,-0.30000001192092896,0.30000001192092896,-0.30000001192092896,-0.296152264525238
1.2999999523162842,0.42271669621701047,-0.30000001192092896,0.3103092908859253,0.5136752128976746,-0.30000001192092896,-0.30000001192092896,-0.30000001192092896,-0.30000001192092896,-0.30000001192092896,-0.30000001192092896,0.30000001192092896,-0.283402501920929,0.7382474989209289,-0.30000001192092896,-0.298458338525238
1.2999999523162842,0.4826967032170105,-0.30000001192092896,0.3103092908859253,0.5136752128976746,-0.30000001192092896,-0.30000001192092896,-0.30000001192092896,-0.30000001192092896,-0.30000001192092896,-0.30000001192092896,0.30000001192092896,-0.30000001192092896,0.30000001192092896,-0.30000001192092896,-0.299901104925238
1.2999999523162842,0.6332525782170104,-0.30000001192092896,0.3103092908859253,0.3769230758976746,-0.30000001192092896,-0.30000001192092896,-0.30000001192092896,-0.30000001192092896,-0.30000001192092896,-0.30000001192092896,0.30000001192092896,-0.30000001192092896,0.30000001192092896,-0.30000001192092896,-0.299833246525238
1.2999999523162842,0.5132631812170105,-0.30000001192092896,0.3103092908859253,0.5222222208976746,-0.30000001192092896,-0.30000001192092896,-0.30000001192092896,-0.30000001192092896,-0.30000001192092896,-0.30000001192092896,0.30000001192092896,-0.29170125692092896,0.721907532920929,-0.30000001192092896,-0.299608826525238
1.2999999523162842,0.4524037702170105,-0.30000001192092896,0.3103092908859253,0.5136752128976746,-0.30000001192092896,-0.30000001192092896,-0.30000001192092896,-0.30000001192092896,-0.30000001192092896,-0.30000001192092896,0.30000001192092896,-0.30000001192092896,0.30000001192092896,-0.30000001192092896,-0.299896891525238
1.2999999523162842,0.39363548121701053,-0.30000001192092896,0.3103092908859253,0.33418803289767457,-0.30000001192092896,-0.18709678592092896,-0.15858587092092896,-0.30000001192092896,-0.30000001192092896,-0.30000001192092896,0.30000001192092896,-0.30000001192092896,0.30000001192092896,-0.30000001192092896,-0.299855200525238
1.2999999523162842,0.5432825682170105,-0.30000001192092896,0.3103092908859253,0.5222222208976746,-0.30000001192092896,-0.30000001192092896,-0.30000001192092896,-0.30000001192092896,-0.30000001192092896,-0.30000001192092896,0.30000001192092896,-0.30000001192092896,0.30000001192092896,-0.30000001192092896,-0.29990088312523805
1.2999999523162842,0.3908791272170105,-0.30000001192092896,0.4546391878859253,0.4111111098976746,-0.30000001192092896,-0.30000001192092896,-0.30000001192092896,-0.30000001192092896,-0.30000001192092896,-0.30000001192092896,0.30000001192092896,-0.24605810292092894,1.1978775169209288,-0.30000001192092896,-0.28515189452523804
1.2999999523162842,0.42271669621701047,-0.30000001192092896,0.3103092908859253,0.5051282038976745,-0.30000001192092896,-0.30000001192092896,-0.30000001192092896,-0.30000001192092896,-0.30000001192092896,-0.30000001192092896,0.30000001192092896,-0.30000001192092896,0.30000001192092896,-0.30000001192092896,-0.299870723525238
1.2999999523162842,0.4233225552170105,-0.30000001192092896,0.3103092908859253,0.5222222208976746,-0.30000001192092896,-0.30000001192092896,-0.30000001192092896,-0.30000001192092896,-0.30000001192092896,-0.30000001192092896,0.30000001192092896,-0.30000001192092896,0.30000001192092896,-0.30000001192092896,-0.29989644752523803
1.2999999523162842,0.3909091172170105,-0.30000001192092896,0.3103092908859253,0.3940170928976746,-0.30000001192092896,-0.28387097992092897,-0.28989900192092893,-0.30000001192092896,-0.30000001192092896,-0.30000001192092896,0.575401081920929,-0.30000001192092896,0.30000001192092896,-0.30000001192092896,-0.278989647525238
1.2999999523162842,0.3309042702170105,-0.30000001192092896,0.3103092908859253,0.2999999988976746,-0.30000001192092896,-0.30000001192092896,-0.30000001192092896,-0.30000001192092896,-0.30000001192092896,-0.30000001192092896,0.30000001192092896,-0.30000001192092896,0.30000001192092896,-0.30000001192092896,-0.29986939352523806
1.2999999523162842,0.3909091172170105,-0.30000001192092896,0.3103092908859253,0.3512820498976746,-0.30000001192092896,-0.25967743092092893,-0.28989900192092893,-0.30000001192092896,-0.30000001192092896,-0.30000001192092896,0.7812834339209289,-0.30000001192092896,0.30000001192092896,-0.30000001192092896,-0.25081712552523805
1.2999999523162842,0.6938169362170106,-0.30000001192092896,0.3103092908859253,0.3769230758976746,-0.30000001192092896,-0.30000001192092896,-0.30000001192092896,-0.30000001192092896,-0.30000001192092896,-0.30000001192092896,0.30000001192092896,-0.30000001192092896,0.30000001192092896,-0.30000001192092896,-0.29965384352523805
1.2999999523162842,0.3033483042170105,-0.30000001192092896,0.3103092908859253,0.3683760668976746,-0.30000001192092896,-0.16290323792092895,-0.28989900192092893,-0.30000001192092896,-0.30000001192092896,-0.30000001192092896,1.037967925920929,-0.15477179592092896,0.9994728719209289,-0.30000001192092896,-0.24821123252523802
1.2999999523162842,0.3024334572170105,-0.30000001192092896,0.3103092908859253,0.34273504189767456,-0.30000001192092896,-0.20322581792092898,-0.17878789092092895,-0.30000001192092896,-0.30000001192092896,-0.30000001192092896,0.30000001192092896,-0.30000001192092896,0.30000001192092896,-0.30000001192092896,-0.29983901252523804
1.2999999523162842,0.4833025622170105,-0.30000001192092896,0.3103092908859253,0.5222222208976746,-0.30000001192092896,-0.30000001192092896,-0.30000001192092896,-0.30000001192092896,-0.30000001192092896,-0.30000001192092896,0.30000001192092896,-0.30000001192092896,0.30000001192092896,-0.30000001192092896,-0.29914956252523806
1.2999999523162842,0.5735755012170105,-0.30000001192092896,0.3103092908859253,0.5136752128976746,-0.30000001192092896,-0.30000001192092896,-0.30000001192092896,-0.30000001192092896,-0.30000001192092896,-0.30000001192092896,0.30000001192092896,-0.30000001192092896,0.30000001192092896,-0.30000001192092896,-0.29964098152523805
1.2999999523162842,0.5123637842170106,-0.30000001192092896,0.4030927968859253,0.4538461528976746,-0.30000001192092896,-0.30000001192092896,-0.30000001192092896,-0.30000001192092896,-0.30000001192092896,-0.30000001192092896,0.30000001192092896,-0.24605810292092894,1.119382977920929,-0.30000001192092896,-0.29457976852523804
1.2999999523162842,0.3039481042170105,-0.30000001192092896,0.3103092908859253,0.3940170928976746,-0.30000001192092896,-0.11451614092092896,-0.28989900192092893,-0.30000001192092896,-0.30000001192092896,-0.30000001192092896,0.871524075920929,-0.24605810292092894,0.6740299839209289,-0.30000001192092896,-0.26715235852523805
1.2999999523162842,0.4233225552170105,-0.30000001192092896,0.3103092908859253,0.5051282038976745,-0.30000001192092896,-0.30000001192092896,-0.30000001192092896,-0.30000001192092896,-0.30000001192092896,-0.30000001192092896,0.30000001192092896,-0.2875518789209289,1.124763670920929,-0.30000001192092896,-0.298599377525238
1.2999999523162842,0.4230165962170105,-0.30000001192092896,0.3103092908859253,0.5136752128976746,-0.30000001192092896,-0.30000001192092896,-0.30000001192092896,-0.30000001192092896,-0.30000001192092896,-0.30000001192092896,0.30000001192092896,-0.30000001192092896,0.30000001192092896,-0.30000001192092896,-0.29127799452523806
1.2999999523162842,0.45146499221701053,-0.30000001192092896,0.3103092908859253,0.5136752128976746,-0.30000001192092896,-0.30000001192092896,-0.30000001192092896,-0.30000001192092896,-0.30000001192092896,-0.30000001192092896,0.30000001192092896,-0.295850633920929,0.990216424920929,-0.30000001192092896,-0.299218308525238
1.2999999523162842,0.4833025622170105,-0.30000001192092896,0.3103092908859253,0.4965811958976746,-0.30000001192092896,-0.30000001192092896,-0.30000001192092896,-0.30000001192092896,-0.30000001192092896,-0.30000001192092896,0.30000001192092896,-0.30000001192092896,0.30000001192092896,-0.30000001192092896,-0.29990088312523805
1.2999999523162842,0.4236254842170105,-0.30000001192092896,0.3103092908859253,0.3512820498976746,-0.30000001192092896,-0.21935485092092893,-0.19898991092092894,-0.30000001192092896,-0.30000001192092896,-0.30000001192092896,0.30000001192092896,-0.30000001192092896,0.30000001192092896,-0.30000001192092896,-0.29985542252523806
1.2999999523162842,0.4239284142170105,-0.30000001192092896,0.3103092908859253,0.5393162378976746,-0.30000001192092896,-0.30000001192092896,-0.30000001192092896,-0.30000001192092896,-0.30000001192092896,-0.30000001192092896,0.30000001192092896,-0.30000001192092896,0.30000001192092896,-0.30000001192092896,-0.29989755652523803
1.2999999523162842,0.3303193142170105,-0.30000001192092896,0.3103092908859253,0.34273504189767456,-0.30000001192092896,-0.15483872192092896,-0.28989900192092893,-0.30000001192092896,-0.30000001192092896,-0.30000001192092896,1.0459893169209291,-0.30000001192092896,0.30000001192092896,-0.30000001192092896,-0.29984012152523803
1.2999999523162842,0.3033579982170105,-0.30000001192092896,0.3103092908859253,0.34273504189767456,-0.30000001192092896,-0.050000011920928955,0.013131301079071067,-0.30000001192092896,-0.30000001192092896,-0.30000001192092896,0.30000001192092896,-0.30000001192092896,0.30000001192092896,-0.30000001192092896,-0.29984167352523805
1.2999999523162842,0.5426767102170105,-0.30000001192092896,0.3103092908859253,0.5222222208976746,-0.30000001192092896,-0.30000001192092896,-0.30000001192092896,-0.30000001192092896,-0.30000001192092896,-0.30000001192092896,0.30000001192092896,-0.29170125692092896,1.1746556309209288,-0.30000001192092896,-0.29932209152523803
1.2999999523162842,0.36059467621701047,-0.30000001192092896,0.3103092908859253,0.3769230758976746,-0.30000001192092896,-0.27580646392092895,-0.28989900192092893,-0.30000001192092896,-0.30000001192092896,-0.30000001192092896,0.6629679259209289,0.08589210407907105,1.044382434920929,-0.30000001192092896,-0.25419828952523804
1.2999999523162842,0.5429493462170105,-0.30000001192092896,0.3103092908859253,0.5222222208976746,-0.30000001192092896,-0.30000001192092896,-0.30000001192092896,-0.30000001192092896,-0.30000001192092896,-0.30000001192092896,0.30000001192092896,-0.30000001192092896,0.30000001192092896,-0.30000001192092896,-0.299901104925238
1.2999999523162842,0.5129896362170105,-0.30000001192092896,0.3103092908859253,0.5222222208976746,-0.30000001192092896,-0.30000001192092896,-0.30000001192092896,-0.30000001192092896,-0.30000001192092896,-0.30000001192092896,0.30000001192092896,-0.30000001192092896,0.30000001192092896,-0.30000001192092896,-0.29929193252523806
1.2999999523162842,0.5120808482170105,-0.30000001192092896,0.3103092908859253,0.3769230758976746,-0.30000001192092896,-0.30000001192092896,-0.30000001192092896,-0.30000001192092896,-0.30000001192092896,-0.30000001192092896,0.30000001192092896,-0.295850633920929,0.8365443559209289,-0.30000001192092896,-0.29975940052523803
1.2999999523162842,0.4817879152170105,-0.30000001192092896,0.3103092908859253,0.5222222208976746,-0.30000001192092896,-0.30000001192092896,-0.30000001192092896,-0.30000001192092896,-0.30000001192092896,-0.30000001192092896,0.30000001192092896,-0.30000001192092896,0.30000001192092896,-0.30000001192092896,-0.299471335525238
1.2999999523162842,0.5123837772170106,-0.30000001192092896,0.3103092908859253,0.5136752128976746,-0.30000001192092896,-0.30000001192092896,-0.30000001192092896,-0.30000001192092896,-0.30000001192092896,-0.30000001192092896,0.30000001192092896,-0.295850633920929,0.8156024129209289,-0.30000001192092896,-0.299355798525238
1.2999999523162842,0.4829996322170105,-0.30000001192092896,0.3103092908859253,0.5051282038976745,-0.30000001192092896,-0.30000001192092896,-0.30000001192092896,-0.30000001192092896,-0.30000001192092896,-0.30000001192092896,0.30000001192092896,-0.30000001192092896,0.30000001192092896,-0.30000001192092896,-0.299900661325238
1.2999999523162842,0.3303232522170105,-0.30000001192092896,0.3103092908859253,0.3769230758976746,-0.30000001192092896,-0.25967743092092893,-0.28989900192092893,-0.30000001192092896,-0.30000001192092896,-0.30000001192092896,0.777272738920929,0.01950206307907104,0.990216424920929,-0.30000001192092896,-0.24275861552523803
1.2999999523162842,0.9664748372170104,-0.30000001192092896,0.3103092908859253,0.3769230758976746,-0.30000001192092896,-0.30000001192092896,-0.30000001192092896,-0.30000001192092896,-0.30000001192092896,-0.30000001192092896,0.30000001192092896,-0.30000001192092896,0.30000001192092896,-0.30000001192092896,-0.29990465302523805
1.2999999523162842,0.4820908442170105,-0.30000001192092896,0.3103092908859253,0.5222222208976746,-0.30000001192092896,-0.30000001192092896,-0.30000001192092896,-0.30000001192092896,-0.30000001192092896,-0.30000001192092896,0.30000001192092896,-0.29170125692092896,0.891385137920929,-0.30000001192092896,-0.29928616652523804
1.2999999523162842,0.5426767102170105,-0.30000001192092896,0.3103092908859253,0.5222222208976746,-0.30000001192092896,-0.30000001192092896,-0.30000001192092896,-0.30000001192092896,-0.30000001192092896,-0.30000001192092896,0.30000001192092896,-0.30000001192092896,0.30000001192092896,-0.30000001192092896,-0.299900217825238
1.2999999523162842,0.3036621392170105,-0.30000001192092896,0.3103092908859253,0.3085470078976746,-0.30000001192092896,0.224193536079071,0.35656564507907107,-0.30000001192092896,-0.30000001192092896,-0.30000001192092896,0.3133689959209289,-0.21701245992092894,0.979299344920929,-0.30000001192092896,-0.27227699352523804
1.2999999523162842,0.5435785302170105,-0.30000001192092896,0.3103092908859253,0.5222222208976746,-0.30000001192092896,-0.30000001192092896,-0.30000001192092896,-0.30000001192092896,-0.30000001192092896,-0.30000001192092896,0.30000001192092896,-0.295850633920929,0.7509791739209289,-0.30000001192092896,-0.299104989525238
1.2999999523162842,0.5429796392170105,-0.30000001192092896,0.3103092908859253,0.5222222208976746,-0.30000001192092896,-0.30000001192092896,-0.30000001192092896,-0.30000001192092896,-0.30000001192092896,-0.30000001192092896,0.30000001192092896,-0.30000001192092896,0.30000001192092896,-0.30000001192092896,-0.29990088312523805
1.2999999523162842,0.3318172992170105,-0.30000001192092896,0.48556702288592535,0.38547008389767456,-0.30000001192092896,-0.28387097992092897,-0.28989900192092893,-0.30000001192092896,-0.30000001192092896,-0.30000001192092896,0.574064182920929,0.554771772079071,1.010245103920929,-0.30000001192092896,-0.23980322952523803
1.2999999523162842,0.3012250722170105,-0.30000001192092896,0.3103092908859253,0.3512820498976746,-0.30000001192092896,-0.09838710892092895,-0.28989900192092893,-0.30000001192092896,-0.30000001192092896,-0.30000001192092896,1.1021390489209288,-0.30000001192092896,0.30000001192092896,-0.30000001192092896,-0.29983967752523805
1.2999999523162842,0.3615249722170105,-0.30000001192092896,0.3103092908859253,0.3512820498976746,-0.30000001192092896,-0.25161291492092897,-0.28989900192092893,-0.30000001192092896,-0.30000001192092896,-0.30000001192092896,0.825401081920929,-0.30000001192092896,0.30000001192092896,-0.30000001192092896,-0.299862075525238
1.2999999523162842,0.4829732772170105,-0.30000001192092896,0.3103092908859253,0.5222222208976746,-0.30000001192092896,-0.30000001192092896,-0.30000001192092896,-0.30000001192092896,-0.30000001192092896,-0.30000001192092896,0.30000001192092896,-0.30000001192092896,0.30000001192092896,-0.30000001192092896,-0.29943541052523803
1.2999999523162842,0.5129896362170105,-0.30000001192092896,0.3103092908859253,0.5222222208976746,-0.30000001192092896,-0.30000001192092896,-0.30000001192092896,-0.30000001192092896,-0.30000001192092896,-0.30000001192092896,0.30000001192092896,-0.30000001192092896,0.30000001192092896,-0.30000001192092896,-0.299900661325238
1.2999999523162842,0.33393416921701047,-0.30000001192092896,0.3103092908859253,0.3256410248976746,-0.30000001192092896,0.022580633079071044,0.10404039207907106,-0.30000001192092896,-0.30000001192092896,-0.30000001192092896,0.30000001192092896,-0.30000001192092896,0.30000001192092896,-0.30000001192092896,-0.299833246525238
1.2999999523162842,0.4527067002170105,-0.30000001192092896,0.3103092908859253,0.5222222208976746,-0.30000001192092896,-0.30000001192092896,-0.30000001192092896,-0.30000001192092896,-0.30000001192092896,-0.30000001192092896,0.30000001192092896,-0.2875518789209289,0.944194374920929,-0.30000001192092896,-0.29889742252523804
1.2999999523162842,0.3048493192170105,-0.30000001192092896,0.3103092908859253,0.3598290588976746,-0.30000001192092896,-0.15483872192092896,-0.11818182992092896,-0.30000001192092896,-0.30000001192092896,-0.30000001192092896,0.30000001192092896,-0.30000001192092896,0.30000001192092896,-0.30000001192092896,-0.29983901252523804
1.2999999523162842,0.3021359812170105,-0.30000001192092896,0.3103092908859253,0.3512820498976746,-0.30000001192092896,-0.07419355992092896,-0.28989900192092893,-0.30000001192092896,-0.30000001192092896,-0.30000001192092896,1.104812845920929,-0.21286308292092895,0.828261539920929,-0.30000001192092896,-0.250297100525238
1.2999999523162842,0.3051743622170105,-0.30000001192092896,0.3103092908859253,0.3598290588976746,-0.30000001192092896,-0.13870968892092894,-0.09797980992092895,-0.30000001192092896,-0.30000001192092896,-0.30000001192092896,0.30000001192092896,-0.30000001192092896,0.30000001192092896,-0.30000001192092896,-0.29983945552523805
1.2999999523162842,1.2087883092170104,-0.30000001192092896,0.3103092908859253,0.3769230758976746,-0.30000001192092896,-0.30000001192092896,-0.30000001192092896,-0.30000001192092896,-0.30000001192092896,-0.30000001192092896,0.30000001192092896,-0.29170125692092896,0.9747591699209289,-0.30000001192092896,-0.299795325525238
1.2999999523162842,0.39242376421701053,-0.30000001192092896,0.3103092908859253,0.38547008389767456,-0.30000001192092896,-0.30000001192092896,-0.30000001192092896,-0.30000001192092896,-0.30000001192092896,-0.30000001192092896,0.30000001192092896,-0.2875518789209289,1.0151738689209289,-0.30000001192092896,-0.294261544525238
1.2999999523162842,0.5438884272170105,-0.30000001192092896,0.3103092908859253,0.5222222208976746,-0.30000001192092896,-0.30000001192092896,-0.30000001192092896,-0.30000001192092896,-0.30000001192092896,-0.30000001192092896,0.30000001192092896,-0.29170125692092896,0.855148912920929,-0.30000001192092896,-0.299100775525238
1.2999999523162842,0.3336554742170105,-0.30000001192092896,0.3103092908859253,0.3170940158976746,-0.30000001192092896,-0.13870968892092894,-0.09797980992092895,-0.30000001192092896,-0.30000001192092896,-0.30000001192092896,0.30000001192092896,-0.30000001192092896,0.30000001192092896,-0.30000001192092896,-0.294112078525238
1.2999999523162842,0.48239377421701046,-0.30000001192092896,0.3103092908859253,0.5222222208976746,-0.30000001192092896,-0.30000001192092896,-0.30000001192092896,-0.30000001192092896,-0.30000001192092896,-0.30000001192092896,0.30000001192092896,-0.29170125692092896,1.126473973920929,-0.30000001192092896,-0.299393719525238
1.2999999523162842,0.4533125582170105,-0.30000001192092896,0.3103092908859253,0.5051282038976745,-0.30000001192092896,-0.30000001192092896,-0.30000001192092896,-0.30000001192092896,-0.30000001192092896,-0.30000001192092896,0.30000001192092896,-0.30000001192092896,0.30000001192092896,-0.30000001192092896,-0.29867965452523804
1.2999999523162842,0.3306261812170105,-0.30000001192092896,0.3103092908859253,0.3512820498976746,-0.30000001192092896,-0.25967743092092893,-0.24949496092092896,-0.30000001192092896,-0.30000001192092896,-0.30000001192092896,0.30000001192092896,-0.30000001192092896,0.30000001192092896,-0.30000001192092896,-0.28320950552523805
1.2999999523162842,0.3030302282170105,-0.30000001192092896,0.3103092908859253,0.34273504189767456,-0.30000001192092896,-0.25967743092092893,-0.28989900192092893,-0.30000001192092896,-0.30000001192092896,-0.30000001192092896,0.7812834339209289,-0.30000001192092896,0.30000001192092896,-0.30000001192092896,-0.29984056452523805
1.2999999523162842,0.5432825682170105,-0.30000001192092896,0.3103092908859253,0.5222222208976746,-0.30000001192092896,-0.30000001192092896,-0.30000001192092896,-0.30000001192092896,-0.30000001192092896,-0.30000001192092896,0.30000001192092896,-0.30000001192092896,0.30000001192092896,-0.30000001192092896,-0.29990088312523805
1.2999999523162842,0.4820908442170105,-0.30000001192092896,0.3103092908859253,0.5136752128976746,-0.30000001192092896,-0.30000001192092896,-0.30000001192092896,-0.30000001192092896,-0.30000001192092896,-0.30000001192092896,0.30000001192092896,-0.30000001192092896,0.30000001192092896,-0.30000001192092896,-0.29907349952523804
1.2999999523162842,0.4530096292170105,-0.30000001192092896,0.3103092908859253,0.5136752128976746,-0.30000001192092896,-0.30000001192092896,-0.30000001192092896,-0.30000001192092896,-0.30000001192092896,-0.30000001192092896,0.30000001192092896,-0.27925312392092894,1.088932179920929,-0.30000001192092896,-0.29881758852523804
1.2999999523162842,0.4239284142170105,-0.30000001192092896,0.3103092908859253,0.5307692298976746,-0.30000001192092896,-0.30000001192092896,-0.30000001192092896,0.699999988079071,-0.30000001192092896,-0.30000001192092896,0.30000001192092896,-0.30000001192092896,0.30000001192092896,-0.30000001192092896,-0.29989445252523805
1.2999999523162842,0.5432825682170105,-0.30000001192092896,0.3103092908859253,0.5051282038976745,-0.30000001192092896,-0.30000001192092896,-0.30000001192092896,-0.30000001192092896,-0.30000001192092896,-0.30000001192092896,0.30000001192092896,-0.30000001192092896,0.30000001192092896,-0.30000001192092896,-0.29990088312523805
1.2999999523162842,0.4520732742170105,-0.30000001192092896,0.3103092908859253,0.5222222208976746,-0.30000001192092896,-0.30000001192092896,-0.30000001192092896,-0.30000001192092896,-0.30000001192092896,-0.30000001192092896,0.30000001192092896,-0.30000001192092896,0.30000001192092896,-0.30000001192092896,-0.291272229525238
1.2999999523162842,0.5135954942170105,-0.30000001192092896,0.3103092908859253,0.5051282038976745,-0.30000001192092896,-0.30000001192092896,-0.30000001192092896,-0.30000001192092896,-0.30000001192092896,-0.30000001192092896,0.30000001192092896,-0.30000001192092896,0.30000001192092896,-0.30000001192092896,-0.299364003525238
1.2999999523162842,0.3015207312170105,-0.30000001192092896,0.3103092908859253,0.3256410248976746,-0.30000001192092896,-0.09032259292092895,-0.28989900192092893,-0.30000001192092896,-0.30000001192092896,-0.30000001192092896,1.099465252920929,-0.19211619492092896,0.8542434229209289,-0.30000001192092896,-0.24893815952523804
1.2999999523162842,0.4817879152170105,-0.30000001192092896,0.3103092908859253,0.5222222208976746,-0.30000001192092896,-0.30000001192092896,-0.30000001192092896,-0.30000001192092896,-0.30000001192092896,-0.30000001192092896,0.30000001192092896,-0.30000001192092896,0.30000001192092896,-0.30000001192092896,-0.29990043962523805
1.2999999523162842,0.3024537542170105,-0.30000001192092896,0.3103092908859253,0.33418803289767457,-0.30000001192092896,-0.13064517292092895,-0.28989900192092893,-0.30000001192092896,-0.30000001192092896,-0.30000001192092896,1.072058835920929,-0.16721992892092896,0.9792399689209289,-0.30000001192092896,-0.253112999525238
1.2999999523162842,0.4817879152170105,-0.30000001192092896,0.3103092908859253,0.5222222208976746,-0.30000001192092896,-0.30000001192092896,-0.30000001192092896,-0.30000001192092896,-0.30000001192092896,-0.30000001192092896,0.30000001192092896,-0.29170125692092896,1.0698410809209289,-0.30000001192092896,-0.299766718525238
1.2999999523162842,0.4829817592170105,-0.30000001192092896,0.3103092908859253,0.5136752128976746,-0.30000001192092896,-0.30000001192092896,-0.30000001192092896,-0.30000001192092896,-0.30000001192092896,-0.30000001192092896,0.30000001192092896,-0.2875518789209289,0.830881789920929,-0.30000001192092896,-0.29868275952523804
1.2999999523162842,0.3309269902170105,-0.30000001192092896,0.3103092908859253,0.3940170928976746,-0.30000001192092896,-0.21129033492092897,-0.18888890092092897,-0.30000001192092896,-0.30000001192092896,-0.30000001192092896,0.30000001192092896,-0.30000001192092896,0.30000001192092896,-0.30000001192092896,-0.27638685852523803
1.2999999523162842,0.4517979122170105,-0.30000001192092896,0.3103092908859253,0.5222222208976746,-0.30000001192092896,-0.30000001192092896,-0.30000001192092896,-0.30000001192092896,-0.30000001192092896,-0.30000001192092896,0.30000001192092896,-0.30000001192092896,0.30000001192092896,-0.30000001192092896,-0.299899996525238
1.2999999523162842,0.4533125582170105,-0.30000001192092896,0.3103092908859253,0.5051282038976745,-0.30000001192092896,-0.30000001192092896,-0.30000001192092896,-0.30000001192092896,-0.30000001192092896,-0.30000001192092896,0.30000001192092896,-0.295850633920929,0.751065240920929,-0.30000001192092896,-0.29920921552523805
1.2999999523162842,0.4826967032170105,-0.30000001192092896,0.3103092908859253,0.5136752128976746,-0.30000001192092896,-0.30000001192092896,-0.30000001192092896,-0.30000001192092896,-0.30000001192092896,-0.30000001192092896,0.30000001192092896,-0.30000001192092896,0.30000001192092896,-0.30000001192092896,-0.29990043962523805
1.2999999523162842,0.42271669621701047,-0.30000001192092896,0.3103092908859253,0.5222222208976746,-0.30000001192092896,-0.30000001192092896,-0.30000001192092896,-0.30000001192092896,-0.30000001192092896,-0.30000001192092896,0.30000001192092896,-0.30000001192092896,0.30000001192092896,-0.30000001192092896,-0.299901104925238
1.2999999523162842,1.0879494972170105,-0.30000001192092896,0.3103092908859253,0.3769230758976746,-0.30000001192092896,-0.30000001192092896,-0.30000001192092896,-0.30000001192092896,-0.30000001192092896,-0.30000001192092896,0.30000001192092896,-0.30000001192092896,0.30000001192092896,-0.30000001192092896,-0.29990465302523805
1.2999999523162842,0.45209750921701053,-0.30000001192092896,0.3103092908859253,0.46239316089767457,-0.30000001192092896,-0.30000001192092896,-0.30000001192092896,-0.30000001192092896,-0.30000001192092896,-0.30000001192092896,0.30000001192092896,-0.30000001192092896,0.30000001192092896,-0.30000001192092896,-0.299870723525238
1.2999999523162842,0.4527012472170105,-0.30000001192092896,0.3103092908859253,0.5222222208976746,-0.30000001192092896,-0.30000001192092896,-0.30000001192092896,-0.30000001192092896,-0.30000001192092896,-0.30000001192092896,0.30000001192092896,-0.29170125692092896,0.720415468920929,-0.30000001192092896,-0.298777672525238
1.2999999523162842,0.3339584042170105,-0.30000001192092896,0.3103092908859253,0.3598290588976746,-0.30000001192092896,-0.26774194692092895,-0.259595971920929,-0.30000001192092896,-0.30000001192092896,-0.30000001192092896,0.30000001192092896,-0.30000001192092896,0.30000001192092896,-0.30000001192092896,-0.29985054352523804
1.2999999523162842,0.3611972032170105,-0.30000001192092896,0.3103092908859253,0.38547008389767456,-0.30000001192092896,-0.29193549592092893,-0.28989900192092893,-0.30000001192092896,-0.30000001192092896,-0.30000001192092896,0.4610962689209289,-0.30000001192092896,0.30000001192092896,-0.30000001192092896,-0.29986229652523805
1.2999999523162842,0.3027369922170105,-0.30000001192092896,0.3103092908859253,0.3512820498976746,-0.30000001192092896,-0.03387097992092897,0.033333321079071054,-0.30000001192092896,-0.30000001192092896,-0.30000001192092896,0.30000001192092896,-0.30000001192092896,0.30000001192092896,-0.30000001192092896,-0.29984034252523806
1.2999999523162842,0.39242376421701053,-0.30000001192092896,0.3103092908859253,0.3683760668976746,-0.30000001192092896,-0.27580646392092895,-0.26969698192092895,-0.30000001192092896,-0.30000001192092896,-0.30000001192092896,0.30000001192092896,-0.30000001192092896,0.30000001192092896,-0.30000001192092896,-0.29977226252523803
1.2999999523162842,0.4524037702170105,-0.30000001192092896,0.3103092908859253,0.5136752128976746,-0.30000001192092896,-0.30000001192092896,-0.30000001192092896,-0.30000001192092896,-0.30000001192092896,-0.30000001192092896,0.30000001192092896,-0.295850633920929,1.077346022920929,-0.30000001192092896,-0.29950792552523803
0.2999999523162842,0.3015207312170105,-0.16786966492092895,0.3000000128859253,0.3598290588976746,0.699999988079071,-0.30000001192092896,-0.30000001192092896,0.699999988079071,-0.04747475892092895,-0.16721992892092896,0.30000001192092896,-0.30000001192092896,0.30000001192092896,-0.16666667892092896,-0.29871934952523804
1.2999999523162842,0.4527067002170105,-0.30000001192092896,0.3103092908859253,0.5136752128976746,-0.30000001192092896,-0.30000001192092896,-0.30000001192092896,-0.30000001192092896,-0.30000001192092896,-0.30000001192092896,0.30000001192092896,-0.295850633920929,0.897304123920929,-0.30000001192092896,-0.29928683152523805
1.2999999523162842,0.4221014472170105,-0.30000001192092896,0.3103092908859253,0.3256410248976746,-0.30000001192092896,-0.20322581792092898,-0.28989900192092893,-0.30000001192092896,-0.30000001192092896,-0.30000001192092896,0.981818193920929,-0.30000001192092896,0.30000001192092896,-0.30000001192092896,-0.299855200525238
1.2999999523162842,0.3000075994470105,-0.30000001192092896,0.3103092908859253,0.2999999988976746,-0.30000001192092896,-0.09838710892092895,-0.28989900192092893,-0.30000001192092896,-0.30000001192092896,-0.30000001192092896,1.1021390489209288,-0.20456432692092896,0.985206940920929,-0.30000001192092896,-0.25089784652523806
1.2999999523162842,0.4833025622170105,-0.30000001192092896,0.3103092908859253,0.5051282038976745,-0.30000001192092896,-0.30000001192092896,-0.30000001192092896,-0.30000001192092896,-0.30000001192092896,-0.30000001192092896,0.30000001192092896,-0.30000001192092896,0.30000001192092896,-0.30000001192092896,-0.299507482525238
1.2999999523162842,0.30336102721701047,-0.30000001192092896,0.3103092908859253,0.3683760668976746,-0.30000001192092896,-0.23548388292092895,-0.28989900192092893,-0.30000001192092896,-0.30000001192092896,-0.30000001192092896,0.893582899920929,-0.12157677492092894,0.755274616920929,-0.30000001192092896,-0.252464132525238
1.2999999523162842,0.3318139672170105,-0.30000001192092896,0.3103092908859253,0.3170940158976746,-0.30000001192092896,-0.25967743092092893,-0.28989900192092893,-0.30000001192092896,-0.30000001192092896,-0.30000001192092896,0.7518716699209289,-0.30000001192092896,0.30000001192092896,-0.30000001192092896,-0.24992033152523802
1.2999999523162842,0.4217960942170105,-0.30000001192092896,0.3103092908859253,0.3512820498976746,-0.30000001192092896,-0.29193549592092893,-0.28989900192092893,-0.30000001192092896,-0.30000001192092896,-0.30000001192092896,0.4610962689209289,-0.30000001192092896,0.30000001192092896,-0.30000001192092896,-0.29985564452523805
1.2999999523162842,0.4829996322170105,-0.30000001192092896,0.3103092908859253,0.5136752128976746,-0.30000001192092896,-0.30000001192092896,-0.30000001192092896,-0.30000001192092896,-0.30000001192092896,-0.30000001192092896,0.30000001192092896,-0.30000001192092896,0.30000001192092896,-0.30000001192092896,-0.29922074752523803
1.2999999523162842,0.4212020502170105,-0.30000001192092896,0.3103092908859253,0.5222222208976746,-0.30000001192092896,-0.30000001192092896,-0.30000001192092896,-0.30000001192092896,-0.30000001192092896,-0.30000001192092896,0.30000001192092896,-0.30000001192092896,0.30000001192092896,-0.30000001192092896,-0.29990132662523805
1.2999999523162842,0.3306089142170105,-0.30000001192092896,0.3103092908859253,0.3683760668976746,-0.30000001192092896,-0.19516130192092895,-0.16868688092092896,-0.30000001192092896,-0.30000001192092896,-0.30000001192092896,0.30000001192092896,-0.30000001192092896,0.30000001192092896,-0.30000001192092896,-0.29984034252523806
1.2999999523162842,0.3627366902170105,-0.30000001192092896,0.3103092908859253,0.33418803289767457,-0.30000001192092896,-0.23548388292092895,-0.21919193092092895,-0.30000001192092896,-0.30000001192092896,-0.30000001192092896,0.30000001192092896,-0.30000001192092896,0.30000001192092896,-0.30000001192092896,-0.299853204525238
1.2999999523162842,0.48267065121701047,-0.30000001192092896,0.3103092908859253,0.5222222208976746,-0.30000001192092896,-0.30000001192092896,-0.30000001192092896,-0.30000001192092896,-0.30000001192092896,-0.30000001192092896,0.30000001192092896,-0.30000001192092896,0.30000001192092896,-0.30000001192092896,-0.299793551525238
1.2999999523162842,0.3309291102170105,-0.30000001192092896,0.3103092908859253,0.3170940158976746,-0.30000001192092896,-0.24354839892092894,-0.28989900192092893,-0.30000001192092896,-0.30000001192092896,-0.30000001192092896,0.861497337920929,-0.05103735592092895,0.7939963459209289,-0.30000001192092896,-0.261648514525238
1.2999999523162842,0.3000130522170105,-0.30000001192092896,0.3103092908859253,0.2999999988976746,-0.30000001192092896,-0.28387097992092897,-0.27979799192092897,-0.30000001192092896,-0.30000001192092896,-0.30000001192092896,0.30000001192092896,-0.30000001192092896,0.30000001192092896,-0.30000001192092896,-0.299950778925238
1.2999999523162842,0.36120932021701047,-0.30000001192092896,0.5164948578859253,0.5393162378976746,-0.30000001192092896,-0.30000001192092896,-0.30000001192092896,0.699999988079071,-0.30000001192092896,-0.30000001192092896,0.30000001192092896,-0.24605810292092894,1.020383467920929,-0.30000001192092896,-0.27263402652523805
0.2999999523162842,0.3006210312170105,-0.24841163392092896,0.3000000128859253,0.3256410248976746,0.699999988079071,-0.30000001192092896,-0.30000001192092896,0.699999988079071,0.0030302910790710458,-0.16307055092092895,0.30000001192092896,-0.30000001192092896,0.30000001192092896,-0.23333334492092894,-0.29870537852523804
1.2999999523162842,1.2394129492170105,-0.30000001192092896,0.3103092908859253,0.3769230758976746,-0.30000001192092896,-0.30000001192092896,-0.30000001192092896,-0.30000001192092896,-0.30000001192092896,-0.30000001192092896,0.30000001192092896,-0.30000001192092896,0.30000001192092896,-0.30000001192092896,-0.299833024525238
1.2999999523162842,0.3015240632170105,-0.30000001192092896,0.3103092908859253,0.3256410248976746,-0.30000001192092896,-0.24354839892092894,-0.22929294092092894,-0.30000001192092896,-0.30000001192092896,-0.30000001192092896,0.861497337920929,0.19792529907907103,1.1117971679209289,-0.30000001192092896,-0.24307329152523804
1.2999999523162842,0.4233225552170105,-0.30000001192092896,0.3103092908859253,0.33418803289767457,-0.30000001192092896,-0.24354839892092894,-0.22929294092092894,-0.30000001192092896,-0.30000001192092896,-0.30000001192092896,0.30000001192092896,-0.30000001192092896,0.30000001192092896,-0.30000001192092896,-0.29985431352523806
1.2999999523162842,0.5429796392170105,-0.30000001192092896,0.3103092908859253,0.5222222208976746,-0.30000001192092896,-0.30000001192092896,-0.30000001192092896,-0.30000001192092896,-0.30000001192092896,-0.30000001192092896,0.30000001192092896,-0.30000001192092896,0.30000001192092896,-0.30000001192092896,-0.29990088312523805
1.2999999523162842,0.6635455112170106,-0.30000001192092896,0.3103092908859253,0.3769230758976746,-0.30000001192092896,-0.30000001192092896,-0.30000001192092896,-0.30000001192092896,-0.30000001192092896,-0.30000001192092896,0.30000001192092896,-0.30000001192092896,0.30000001192092896,-0.30000001192092896,-0.29990465302523805
1.2999999523162842,0.5129744892170105,-0.30000001192092896,0.3103092908859253,0.5136752128976746,-0.30000001192092896,-0.30000001192092896,-0.30000001192092896,-0.30000001192092896,-0.30000001192092896,-0.30000001192092896,0.30000001192092896,-0.30000001192092896,0.30000001192092896,-0.30000001192092896,-0.299900661325238
1.2999999523162842,0.3309036642170105,-0.30000001192092896,0.4649484668859253,0.5307692298976746,-0.30000001192092896,-0.30000001192092896,-0.30000001192092896,0.699999988079071,-0.30000001192092896,-0.30000001192092896,0.43502674992092893,-0.24605810292092894,0.572031290920929,-0.30000001192092896,-0.28142988652523804
1.2999999523162842,0.3624037702170105,-0.30000001192092896,0.3103092908859253,0.33418803289767457,-0.30000001192092896,-0.21129033492092897,-0.18888890092092897,-0.30000001192092896,-0.30000001192092896,-0.30000001192092896,0.36016043992092894,0.07344397107907102,0.9747591699209289,-0.30000001192092896,-0.24970389452523803
1.2999999523162842,0.3621199252170105,-0.30000001192092896,0.3103092908859253,0.3256410248976746,-0.30000001192092896,-0.21129033492092897,-0.18888890092092897,-0.30000001192092896,-0.30000001192092896,-0.30000001192092896,0.30000001192092896,-0.30000001192092896,0.30000001192092896,-0.30000001192092896,-0.299842116525238
1.2999999523162842,0.4527067002170105,-0.30000001192092896,0.3103092908859253,0.5222222208976746,-0.30000001192092896,-0.30000001192092896,-0.30000001192092896,-0.30000001192092896,-0.30000001192092896,-0.30000001192092896,0.30000001192092896,-0.295850633920929,0.905518600920929,-0.30000001192092896,-0.299758070525238
1.2999999523162842,0.3330353782170105,-0.30000001192092896,0.3721649608859253,0.5307692298976746,-0.30000001192092896,-0.30000001192092896,-0.30000001192092896,0.699999988079071,-0.30000001192092896,-0.30000001192092896,0.779946535920929,-0.24605810292092894,1.0696440369209288,-0.30000001192092896,-0.23258474252523803
1.2999999523162842,1.0273554532170106,-0.30000001192092896,0.3103092908859253,0.3769230758976746,-0.30000001192092896,-0.30000001192092896,-0.30000001192092896,-0.30000001192092896,-0.30000001192092896,-0.30000001192092896,0.30000001192092896,-0.30000001192092896,0.30000001192092896,-0.30000001192092896,-0.29990465302523805
1.2999999523162842,0.4820908442170105,-0.30000001192092896,0.3103092908859253,0.3769230758976746,-0.30000001192092896,-0.30000001192092896,-0.30000001192092896,-0.30000001192092896,-0.30000001192092896,-0.30000001192092896,0.30000001192092896,-0.30000001192092896,0.30000001192092896,-0.30000001192092896,-0.29990487482523803
1.2999999523162842,0.4530096292170105,-0.30000001192092896,0.3103092908859253,0.4965811958976746,-0.30000001192092896,-0.30000001192092896,-0.30000001192092896,-0.30000001192092896,-0.30000001192092896,-0.30000001192092896,0.30000001192092896,-0.29170125692092896,1.018495879920929,-0.30000001192092896,-0.299467787525238
1.2999999523162842,0.4826967032170105,-0.30000001192092896,0.3103092908859253,0.5222222208976746,-0.30000001192092896,-0.30000001192092896,-0.30000001192092896,-0.30000001192092896,-0.30000001192092896,-0.30000001192092896,0.30000001192092896,-0.30000001192092896,0.30000001192092896,-0.30000001192092896,-0.29925622852523803
1.2999999523162842,0.4826967032170105,-0.30000001192092896,0.3103092908859253,0.4965811958976746,-0.30000001192092896,-0.30000001192092896,-0.30000001192092896,-0.30000001192092896,-0.30000001192092896,-0.30000001192092896,0.30000001192092896,-0.30000001192092896,0.30000001192092896,-0.30000001192092896,-0.29728700652523804
1.2999999523162842,0.3012141672170105,-0.30000001192092896,0.3103092908859253,0.3256410248976746,-0.30000001192092896,-0.07419355992092896,-0.01717172892092894,-0.30000001192092896,-0.30000001192092896,-0.30000001192092896,0.30000001192092896,-0.30000001192092896,0.30000001192092896,-0.30000001192092896,-0.29984012152523803
1.2999999523162842,0.45149498221701045,-0.30000001192092896,0.3103092908859253,0.5222222208976746,-0.30000001192092896,-0.30000001192092896,-0.30000001192092896,-0.30000001192092896,-0.30000001192092896,-0.30000001192092896,0.30000001192092896,-0.30000001192092896,0.30000001192092896,-0.30000001192092896,-0.28515566452523805
1.2999999523162842,0.4533125582170105,-0.30000001192092896,0.3103092908859253,0.5222222208976746,-0.30000001192092896,-0.30000001192092896,-0.30000001192092896,-0.30000001192092896,-0.30000001192092896,-0.30000001192092896,0.30000001192092896,-0.30000001192092896,0.30000001192092896,-0.30000001192092896,-0.299074607525238
1.2999999523162842,0.3042461862170105,-0.30000001192092896,0.3103092908859253,0.3512820498976746,-0.30000001192092896,-0.26774194692092895,-0.259595971920929,-0.30000001192092896,-0.30000001192092896,-0.30000001192092896,0.30000001192092896,-0.30000001192092896,0.30000001192092896,-0.30000001192092896,-0.29983679452523804
1.2999999523162842,0.3327385072170105,-0.30000001192092896,0.3721649608859253,0.4794871778976746,-0.30000001192092896,-0.24354839892092894,-0.28989900192092893,-0.30000001192092896,-0.30000001192092896,-0.30000001192092896,0.855481294920929,0.19792529907907103,0.973676295920929,-0.30000001192092896,-0.24743795752523803
1.2999999523162842,0.3027369922170105,-0.30000001192092896,0.3103092908859253,0.3683760668976746,-0.30000001192092896,-0.19516130192092895,-0.16868688092092896,-0.30000001192092896,-0.30000001192092896,-0.30000001192092896,0.30000001192092896,-0.30000001192092896,0.30000001192092896,-0.30000001192092896,-0.29983812552523803
1.2999999523162842,0.3306155782170105,-0.30000001192092896,0.3103092908859253,0.3256410248976746,-0.30000001192092896,-0.21935485092092893,-0.28989900192092893,-0.30000001192092896,-0.30000001192092896,-0.30000001192092896,0.9303476059209289,-0.30000001192092896,0.30000001192092896,-0.30000001192092896,-0.29983834652523805
1.2999999523162842,0.3605952822170105,-0.30000001192092896,0.3824742398859253,0.5393162378976746,-0.30000001192092896,-0.30000001192092896,-0.30000001192092896,-0.30000001192092896,-0.30000001192092896,-0.30000001192092896,0.30000001192092896,-0.24605810292092894,1.173585533920929,-0.30000001192092896,-0.27559163052523805
1.2999999523162842,0.48239377421701046,-0.30000001192092896,0.3103092908859253,0.5222222208976746,-0.30000001192092896,-0.30000001192092896,-0.30000001192092896,-0.30000001192092896,-0.30000001192092896,-0.30000001192092896,0.30000001192092896,-0.295850633920929,0.9026445069209289,-0.30000001192092896,-0.299429422525238
1.2999999523162842,0.3018260842170105,-0.30000001192092896,0.3103092908859253,0.3256410248976746,-0.30000001192092896,-0.09032259292092895,-0.03737374892092893,-0.30000001192092896,-0.30000001192092896,-0.30000001192092896,0.30000001192092896,-0.30000001192092896,0.30000001192092896,-0.30000001192092896,-0.29983901252523804
1.2999999523162842,0.5732725722170104,-0.30000001192092896,0.3103092908859253,0.5136752128976746,-0.30000001192092896,-0.30000001192092896,-0.30000001192092896,-0.30000001192092896,-0.30000001192092896,-0.30000001192092896,0.30000001192092896,-0.30000001192092896,0.30000001192092896,-0.30000001192092896,-0.29939970752523803
1.2999999523162842,0.4820908442170105,-0.30000001192092896,0.3103092908859253,0.5307692298976746,-0.30000001192092896,-0.30000001192092896,-0.30000001192092896,-0.30000001192092896,-0.30000001192092896,-0.30000001192092896,0.30000001192092896,-0.27925312392092894,0.861431282920929,-0.30000001192092896,-0.29773429452523803
1.2999999523162842,0.39242376421701053,-0.30000001192092896,0.3103092908859253,0.5051282038976745,-0.30000001192092896,-0.30000001192092896,-0.30000001192092896,-0.30000001192092896,-0.30000001192092896,-0.30000001192092896,0.30000001192092896,-0.30000001192092896,0.30000001192092896,-0.30000001192092896,-0.299901104925238
1.2999999523162842,0.3915149762170105,-0.30000001192092896,0.3103092908859253,0.5222222208976746,-0.30000001192092896,-0.30000001192092896,-0.30000001192092896,-0.30000001192092896,-0.30000001192092896,-0.30000001192092896,0.30000001192092896,-0.283402501920929,0.828261539920929,-0.30000001192092896,-0.299056867525238
1.2999999523162842,0.3612220432170105,-0.30000001192092896,0.3103092908859253,0.3256410248976746,-0.30000001192092896,-0.23548388292092895,-0.21919193092092895,-0.30000001192092896,-0.30000001192092896,-0.30000001192092896,0.30000001192092896,-0.30000001192092896,0.30000001192092896,-0.30000001192092896,-0.299854978525238
1.2999999523162842,0.3006164872170105,-0.30000001192092896,0.3103092908859253,0.3512820498976746,-0.30000001192092896,-0.18709678592092896,-0.15858587092092896,-0.30000001192092896,-0.30000001192092896,-0.30000001192092896,0.30000001192092896,-0.30000001192092896,0.30000001192092896,-0.30000001192092896,-0.29983901252523804
1.2999999523162842,0.5435854982170105,-0.30000001192092896,0.3103092908859253,0.5222222208976746,-0.30000001192092896,-0.30000001192092896,-0.30000001192092896,-0.30000001192092896,-0.30000001192092896,-0.30000001192092896,0.30000001192092896,-0.30000001192092896,0.30000001192092896,-0.30000001192092896,-0.299900661325238
1.2999999523162842,0.3012356752170105,-0.30000001192092896,0.3103092908859253,0.33418803289767457,-0.30000001192092896,-0.18709678592092896,-0.15858587092092896,-0.30000001192092896,-0.30000001192092896,-0.30000001192092896,0.30000001192092896,-0.30000001192092896,0.30000001192092896,-0.30000001192092896,-0.29984012152523803
1.2999999523162842,0.5429796392170105,-0.30000001192092896,0.3103092908859253,0.5051282038976745,-0.30000001192092896,-0.30000001192092896,-0.30000001192092896,-0.30000001192092896,-0.30000001192092896,-0.30000001192092896,0.30000001192092896,-0.2875518789209289,1.054287704920929,-0.30000001192092896,-0.299158211525238
1.2999999523162842,0.4826967032170105,-0.30000001192092896,0.3103092908859253,0.5136752128976746,-0.30000001192092896,-0.30000001192092896,-0.30000001192092896,-0.30000001192092896,-0.30000001192092896,-0.30000001192092896,0.30000001192092896,-0.29170125692092896,0.8156024129209289,-0.30000001192092896,-0.297315169525238
1.2999999523162842,0.3321408282170105,-0.30000001192092896,0.3103092908859253,0.38547008389767456,-0.30000001192092896,-0.28387097992092897,-0.28989900192092893,-0.30000001192092896,-0.30000001192092896,-0.30000001192092896,0.44037434392092895,-0.30000001192092896,0.30000001192092896,-0.30000001192092896,-0.25458991652523805
1.2999999523162842,0.3611926592170105,-0.30000001192092896,0.3103092908859253,0.4025641018976746,-0.30000001192092896,-0.30000001192092896,-0.30000001192092896,-0.30000001192092896,-0.30000001192092896,-0.30000001192092896,0.30000001192092896,-0.30000001192092896,0.30000001192092896,-0.30000001192092896,-0.299870945525238
1.2999999523162842,0.4820908442170105,-0.30000001192092896,0.3103092908859253,0.5136752128976746,-0.30000001192092896,-0.30000001192092896,-0.30000001192092896,-0.30000001192092896,-0.30000001192092896,-0.30000001192092896,0.30000001192092896,-0.30000001192092896,0.30000001192092896,-0.30000001192092896,-0.299900661325238
1.2999999523162842,0.9664748372170104,-0.30000001192092896,0.3103092908859253,0.3769230758976746,-0.30000001192092896,-0.30000001192092896,-0.30000001192092896,-0.30000001192092896,-0.30000001192092896,-0.30000001192092896,0.30000001192092896,-0.30000001192092896,0.30000001192092896,-0.30000001192092896,-0.29990465302523805
1.2999999523162842,0.3333364902170105,-0.30000001192092896,0.3103092908859253,0.33418803289767457,-0.30000001192092896,-0.24354839892092894,-0.28989900192092893,-0.30000001192092896,-0.30000001192092896,-0.30000001192092896,0.861497337920929,-0.30000001192092896,0.30000001192092896,-0.30000001192092896,-0.299842116525238
1.2999999523162842,0.5123643892170104,-0.30000001192092896,0.3103092908859253,0.5222222208976746,-0.30000001192092896,-0.30000001192092896,-0.30000001192092896,-0.30000001192092896,-0.30000001192092896,-0.30000001192092896,0.30000001192092896,-0.30000001192092896,0.30000001192092896,-0.30000001192092896,-0.29990088312523805
1.2999999523162842,0.4223919562170105,-0.30000001192092896,0.3103092908859253,0.5222222208976746,-0.30000001192092896,-0.30000001192092896,-0.30000001192092896,-0.30000001192092896,-0.30000001192092896,-0.30000001192092896,0.30000001192092896,-0.30000001192092896,0.30000001192092896,-0.30000001192092896,-0.29940015052523805
1.2999999523162842,0.3306061882170105,-0.30000001192092896,0.3824742398859253,0.5222222208976746,-0.30000001192092896,-0.30000001192092896,-0.30000001192092896,-0.30000001192092896,-0.30000001192092896,-0.30000001192092896,0.30000001192092896,-0.24605810292092894,1.119382977920929,-0.30000001192092896,-0.279324947525238
1.2999999523162842,0.3327324492170105,-0.30000001192092896,0.3103092908859253,0.3512820498976746,-0.30000001192092896,-0.17096775392092894,-0.13838384992092895,-0.30000001192092896,-0.30000001192092896,-0.30000001192092896,0.34812835392092895,-0.0012448249209289775,1.159883051920929,-0.30000001192092896,-0.24678465552523804
1.2999999523162842,0.8456060362170105,-0.30000001192092896,0.3103092908859253,0.3769230758976746,-0.30000001192092896,-0.30000001192092896,-0.30000001192092896,-0.30000001192092896,-0.30000001192092896,-0.30000001192092896,0.30000001192092896,-0.30000001192092896,0.30000001192092896,-0.30000001192092896,-0.29990465302523805
1.2999999523162842,0.4521008412170105,-0.30000001192092896,0.3103092908859253,0.5222222208976746,-0.30000001192092896,-0.30000001192092896,-0.30000001192092896,-0.30000001192092896,-0.30000001192092896,-0.30000001192092896,0.30000001192092896,-0.2875518789209289,0.732241257920929,-0.30000001192092896,-0.29834457652523805
1.2999999523162842,0.42180790821701053,-0.30000001192092896,0.3103092908859253,0.5307692298976746,-0.30000001192092896,-0.30000001192092896,-0.30000001192092896,-0.30000001192092896,-0.30000001192092896,-0.30000001192092896,0.30000001192092896,-0.30000001192092896,0.30000001192092896,-0.30000001192092896,-0.299900661325238
1.2999999523162842,0.3615249722170105,-0.30000001192092896,0.3103092908859253,0.4538461528976746,-0.30000001192092896,-0.29193549592092893,-0.28989900192092893,-0.30000001192092896,-0.30000001192092896,-0.30000001192092896,0.460427818920929,0.247717830079071,0.9714153699209289,-0.30000001192092896,-0.23249670452523802
1.2999999523162842,0.3018279022170105,-0.30000001192092896,0.3103092908859253,0.3683760668976746,-0.30000001192092896,-0.25161291492092897,-0.28989900192092893,-0.30000001192092896,-0.30000001192092896,-0.30000001192092896,0.8247326319209289,-0.02199171292092894,1.119382977920929,-0.30000001192092896,-0.25010217452523803
1.2999999523162842,0.3039550712170105,-0.30000001192092896,0.3103092908859253,0.3085470078976746,-0.30000001192092896,0.03870966507907103,0.12424241207907105,-0.30000001192092896,-0.30000001192092896,-0.30000001192092896,0.30000001192092896,-0.30000001192092896,0.30000001192092896,-0.30000001192092896,-0.29983967752523805
1.2999999523162842,0.3312259812170105,-0.30000001192092896,0.3103092908859253,0.33418803289767457,-0.30000001192092896,-0.09032259292092895,-0.28989900192092893,-0.30000001192092896,-0.30000001192092896,-0.30000001192092896,1.099465252920929,-0.30000001192092896,0.30000001192092896,-0.30000001192092896,-0.29983967752523805
1.2999999523162842,0.6029596462170105,-0.30000001192092896,0.3103092908859253,0.4794871778976746,-0.30000001192092896,-0.30000001192092896,-0.30000001192092896,-0.30000001192092896,-0.30000001192092896,-0.30000001192092896,0.30000001192092896,-0.30000001192092896,0.30000001192092896,-0.30000001192092896,-0.29990132662523805
1.2999999523162842,0.5123837772170106,-0.30000001192092896,0.3103092908859253,0.5136752128976746,-0.30000001192092896,-0.30000001192092896,-0.30000001192092896,-0.30000001192092896,-0.30000001192092896,-0.30000001192092896,0.30000001192092896,-0.295850633920929,1.1746556309209288,-0.30000001192092896,-0.29921453852523805
1.2999999523162842,0.4232968062170105,-0.30000001192092896,0.3103092908859253,0.5222222208976746,-0.30000001192092896,-0.30000001192092896,-0.30000001192092896,-0.30000001192092896,-0.30000001192092896,-0.30000001192092896,0.30000001192092896,-0.30000001192092896,0.30000001192092896,-0.30000001192092896,-0.29989644752523803
1.2999999523162842,0.45298145621701047,-0.30000001192092896,0.3103092908859253,0.5222222208976746,-0.30000001192092896,-0.30000001192092896,-0.30000001192092896,-0.30000001192092896,-0.30000001192092896,-0.30000001192092896,0.30000001192092896,-0.30000001192092896,0.30000001192092896,-0.30000001192092896,-0.299901104925238
1.2999999523162842,0.4517676192170105,-0.30000001192092896,0.3103092908859253,0.5222222208976746,-0.30000001192092896,-0.30000001192092896,-0.30000001192092896,-0.30000001192092896,-0.30000001192092896,-0.30000001192092896,0.30000001192092896,-0.30000001192092896,0.30000001192092896,-0.30000001192092896,-0.291272229525238
1.2999999523162842,0.4826967032170105,-0.30000001192092896,0.3103092908859253,0.5136752128976746,-0.30000001192092896,-0.30000001192092896,-0.30000001192092896,-0.30000001192092896,-0.30000001192092896,-0.30000001192092896,0.30000001192092896,-0.30000001192092896,0.30000001192092896,-0.30000001192092896,-0.29990043962523805
1.2999999523162842,0.42240195321701046,-0.30000001192092896,0.3103092908859253,0.3256410248976746,-0.30000001192092896,-0.25967743092092893,-0.24949496092092896,-0.30000001192092896,-0.30000001192092896,-0.30000001192092896,0.30000001192092896,-0.30000001192092896,0.30000001192092896,-0.30000001192092896,-0.29986140952523804
1.2999999523162842,0.4820908442170105,-0.30000001192092896,0.3103092908859253,0.5222222208976746,-0.30000001192092896,-0.30000001192092896,-0.30000001192092896,-0.30000001192092896,-0.30000001192092896,-0.30000001192092896,0.30000001192092896,-0.30000001192092896,0.30000001192092896,-0.30000001192092896,-0.299073720525238
1.2999999523162842,0.3000257752170105,-0.30000001192092896,0.3103092908859253,0.2999999988976746,-0.30000001192092896,-0.11451614092092896,-0.28989900192092893,-0.30000001192092896,-0.30000001192092896,-0.30000001192092896,1.084090920920929,-0.20041494992092895,0.855148912920929,-0.30000001192092896,-0.24810966652523803
1.2999999523162842,0.4239284142170105,-0.30000001192092896,0.3103092908859253,0.5222222208976746,-0.30000001192092896,-0.30000001192092896,-0.30000001192092896,-0.30000001192092896,-0.30000001192092896,-0.30000001192092896,0.30000001192092896,-0.29170125692092896,1.110981954920929,-0.30000001192092896,-0.298336371525238
1.2999999523162842,0.3636348752170105,-0.30000001192092896,0.3103092908859253,0.33418803289767457,-0.30000001192092896,-0.24354839892092894,-0.22929294092092894,-0.30000001192092896,-0.30000001192092896,-0.30000001192092896,0.36483958392092897,-0.17551868392092895,1.014219106920929,-0.30000001192092896,-0.289659817525238
1.2999999523162842,0.4524037702170105,-0.30000001192092896,0.3103092908859253,0.5307692298976746,-0.30000001192092896,-0.30000001192092896,-0.30000001192092896,-0.30000001192092896,-0.30000001192092896,-0.30000001192092896,0.30000001192092896,-0.30000001192092896,0.30000001192092896,-0.30000001192092896,-0.299897113525238
1.2999999523162842,0.5732725722170104,-0.30000001192092896,0.3103092908859253,0.5222222208976746,-0.30000001192092896,-0.30000001192092896,-0.30000001192092896,-0.30000001192092896,-0.30000001192092896,-0.30000001192092896,0.30000001192092896,-0.30000001192092896,0.30000001192092896,-0.30000001192092896,-0.29955848652523803
1.2999999523162842,0.3015246692170105,-0.30000001192092896,0.3103092908859253,0.3683760668976746,-0.30000001192092896,-0.25967743092092893,-0.28989900192092893,-0.30000001192092896,-0.30000001192092896,-0.30000001192092896,0.780614984920929,0.002904552079071032,1.104964719920929,-0.30000001192092896,-0.24628303552523803
1.2999999523162842,0.3039644622170105,-0.30000001192092896,0.3103092908859253,0.3512820498976746,-0.30000001192092896,-0.28387097992092897,-0.28989900192092893,-0.30000001192092896,-0.30000001192092896,-0.30000001192092896,0.575401081920929,-0.30000001192092896,0.30000001192092896,-0.30000001192092896,-0.29983901252523804
1.2999999523162842,0.3618036672170105,-0.30000001192092896,0.48556702288592535,0.5307692298976746,-0.30000001192092896,-0.30000001192092896,-0.30000001192092896,-0.30000001192092896,-0.30000001192092896,-0.30000001192092896,0.30000001192092896,-0.24605810292092894,0.950088698920929,-0.30000001192092896,-0.28602052552523805
1.2999999523162842,0.3315061912170105,-0.30000001192092896,0.3103092908859253,0.3598290588976746,-0.30000001192092896,-0.24354839892092894,-0.28989900192092893,-0.30000001192092896,-0.30000001192092896,-0.30000001192092896,0.861497337920929,-0.03858922392092895,0.981370357920929,-0.30000001192092896,-0.251744523525238
1.2999999523162842,0.3009142672170105,-0.30000001192092896,0.3824742398859253,0.4709401698976746,-0.30000001192092896,-0.30000001192092896,-0.30000001192092896,-0.30000001192092896,-0.30000001192092896,-0.30000001192092896,0.30000001192092896,-0.24605810292092894,0.713624865920929,-0.30000001192092896,-0.254526050525238
1.2999999523162842,0.3909091172170105,-0.30000001192092896,0.3103092908859253,0.5222222208976746,-0.30000001192092896,-0.30000001192092896,-0.30000001192092896,-0.30000001192092896,-0.30000001192092896,-0.30000001192092896,0.30000001192092896,-0.295850633920929,1.173585533920929,-0.30000001192092896,-0.299292597525238
1.2999999523162842,0.3057844612170105,-0.30000001192092896,0.3103092908859253,0.3512820498976746,-0.30000001192092896,-0.21129033492092897,-0.28989900192092893,-0.30000001192092896,-0.30000001192092896,-0.30000001192092896,0.961764717920929,-0.30000001192092896,0.30000001192092896,-0.30000001192092896,-0.29984034252523806
1.2999999523162842,0.42271669621701047,-0.30000001192092896,0.3103092908859253,0.5222222208976746,-0.30000001192092896,-0.30000001192092896,-0.30000001192092896,-0.30000001192092896,-0.30000001192092896,-0.30000001192092896,0.30000001192092896,-0.295850633920929,0.748362389920929,-0.30000001192092896,-0.299505042525238
1.2999999523162842,0.42271669621701047,-0.30000001192092896,0.3103092908859253,0.5222222208976746,-0.30000001192092896,-0.30000001192092896,-0.30000001192092896,-0.30000001192092896,-0.30000001192092896,-0.30000001192092896,0.30000001192092896,-0.30000001192092896,0.30000001192092896,-0.30000001192092896,-0.29918526552523805
1.2999999523162842,0.4239284142170105,-0.30000001192092896,0.3103092908859253,0.5307692298976746,-0.30000001192092896,-0.30000001192092896,-0.30000001192092896,-0.30000001192092896,-0.30000001192092896,-0.30000001192092896,0.30000001192092896,-0.30000001192092896,0.30000001192092896,-0.30000001192092896,-0.29989733452523804
1.2999999523162842,0.9967677702170105,-0.30000001192092896,0.3103092908859253,0.3769230758976746,-0.30000001192092896,-0.30000001192092896,-0.30000001192092896,-0.30000001192092896,-0.30000001192092896,-0.30000001192092896,0.30000001192092896,-0.29170125692092896,1.018495879920929,-0.30000001192092896,-0.299819053525238
1.2999999523162842,0.5423737802170105,-0.30000001192092896,0.3103092908859253,0.5222222208976746,-0.30000001192092896,-0.30000001192092896,-0.30000001192092896,-0.30000001192092896,-0.30000001192092896,-0.30000001192092896,0.30000001192092896,-0.30000001192092896,0.30000001192092896,-0.30000001192092896,-0.29990132662523805
1.2999999523162842,0.42271669621701047,-0.30000001192092896,0.3103092908859253,0.5136752128976746,-0.30000001192092896,-0.30000001192092896,-0.30000001192092896,-0.30000001192092896,-0.30000001192092896,-0.30000001192092896,0.30000001192092896,-0.30000001192092896,0.30000001192092896,-0.30000001192092896,-0.28515588652523804
1.2999999523162842,0.3918097262170105,-0.30000001192092896,0.3103092908859253,0.38547008389767456,-0.30000001192092896,-0.30000001192092896,-0.30000001192092896,-0.30000001192092896,-0.30000001192092896,-0.30000001192092896,0.30000001192092896,-0.30000001192092896,0.30000001192092896,-0.30000001192092896,-0.299870723525238
1.2999999523162842,0.3627366902170105,-0.30000001192092896,0.3103092908859253,0.33418803289767457,-0.30000001192092896,-0.28387097992092897,-0.28989900192092893,-0.30000001192092896,-0.30000001192092896,-0.30000001192092896,0.575401081920929,-0.30000001192092896,0.30000001192092896,-0.30000001192092896,-0.29985431352523806
1.2999999523162842,0.3306028552170105,-0.30000001192092896,0.3103092908859253,0.34273504189767456,-0.30000001192092896,-0.22741936692092896,-0.28989900192092893,-0.30000001192092896,-0.30000001192092896,-0.30000001192092896,0.919652417920929,-0.30000001192092896,0.30000001192092896,-0.30000001192092896,-0.29983901252523804
1.2999999523162842,0.6044742922170105,-0.30000001192092896,0.3103092908859253,0.5222222208976746,-0.30000001192092896,-0.30000001192092896,-0.30000001192092896,-0.30000001192092896,-0.30000001192092896,-0.30000001192092896,0.30000001192092896,-0.295850633920929,0.9188818659209289,-0.30000001192092896,-0.29936422552523806
1.2999999523162842,0.9664748372170104,-0.30000001192092896,0.3103092908859253,0.3769230758976746,-0.30000001192092896,-0.30000001192092896,-0.30000001192092896,-0.30000001192092896,-0.30000001192092896,-0.30000001192092896,0.30000001192092896,-0.2875518789209289,0.8365443559209289,-0.30000001192092896,-0.29943740652523804
1.2999999523162842,0.4826967032170105,-0.30000001192092896,0.3103092908859253,0.5136752128976746,-0.30000001192092896,-0.30000001192092896,-0.30000001192092896,-0.30000001192092896,-0.30000001192092896,-0.30000001192092896,0.30000001192092896,-0.30000001192092896,0.30000001192092896,-0.30000001192092896,-0.29918482252523804
1.2999999523162842,0.33123204021701047,-0.30000001192092896,0.3103092908859253,0.34273504189767456,-0.30000001192092896,-0.15483872192092896,-0.11818182992092896,-0.30000001192092896,-0.30000001192092896,-0.30000001192092896,0.30000001192092896,-0.30000001192092896,0.30000001192092896,-0.30000001192092896,-0.29984078652523805
1.2999999523162842,0.4817879152170105,-0.30000001192092896,0.3103092908859253,0.5222222208976746,-0.30000001192092896,-0.30000001192092896,-0.30000001192092896,-0.30000001192092896,-0.30000001192092896,-0.30000001192092896,0.30000001192092896,-0.29170125692092896,0.965039404920929,-0.30000001192092896,-0.29939970752523803
1.2999999523162842,0.39150164721701053,-0.30000001192092896,0.3103092908859253,0.3512820498976746,-0.30000001192092896,-0.21129033492092897,-0.28989900192092893,-0.30000001192092896,-0.30000001192092896,-0.30000001192092896,0.9076203329209289,-0.12987553092092896,0.940819772920929,-0.30000001192092896,-0.253041815525238
1.2999999523162842,0.4817879152170105,-0.30000001192092896,0.3103092908859253,0.5222222208976746,-0.30000001192092896,-0.30000001192092896,-0.30000001192092896,-0.30000001192092896,-0.30000001192092896,-0.30000001192092896,0.30000001192092896,-0.30000001192092896,0.30000001192092896,-0.30000001192092896,-0.299092348525238
1.2999999523162842,0.3045569922170105,-0.30000001192092896,0.3103092908859253,0.3170940158976746,-0.30000001192092896,0.05483869807907105,-0.28989900192092893,-0.30000001192092896,-0.30000001192092896,-0.30000001192092896,1.1529411879209288,-0.30000001192092896,0.30000001192092896,-0.30000001192092896,-0.29984078652523805
1.2999999523162842,0.3339514362170105,-0.30000001192092896,0.3103092908859253,0.3769230758976746,-0.30000001192092896,-0.17903226992092897,-0.14848485992092897,-0.30000001192092896,-0.30000001192092896,-0.30000001192092896,0.30000001192092896,-0.30000001192092896,0.30000001192092896,-0.30000001192092896,-0.299841229525238
1.2999999523162842,0.3918179052170105,-0.30000001192092896,0.3103092908859253,0.3769230758976746,-0.30000001192092896,-0.25967743092092893,-0.24949496092092896,-0.30000001192092896,-0.30000001192092896,-0.30000001192092896,0.39157755192092897,0.268464718079071,0.965039404920929,-0.30000001192092896,-0.24728050852523803
1.2999999523162842,0.33271790821701047,-0.30000001192092896,0.3103092908859253,0.3598290588976746,-0.30000001192092896,-0.16290323792092895,-0.28989900192092893,-0.30000001192092896,-0.30000001192092896,-0.30000001192092896,1.038636375920929,-0.30000001192092896,0.30000001192092896,-0.30000001192092896,-0.299842116525238
1.2999999523162842,0.4829996322170105,-0.30000001192092896,0.3103092908859253,0.5136752128976746,-0.30000001192092896,-0.30000001192092896,-0.30000001192092896,-0.30000001192092896,-0.30000001192092896,-0.30000001192092896,0.30000001192092896,-0.30000001192092896,0.30000001192092896,-0.30000001192092896,-0.29939926352523805
1.2999999523162842,0.4530096292170105,-0.30000001192092896,0.3103092908859253,0.5307692298976746,-0.30000001192092896,-0.30000001192092896,-0.30000001192092896,-0.30000001192092896,-0.30000001192092896,-0.30000001192092896,0.30000001192092896,-0.2875518789209289,1.072055110920929,-0.30000001192092896,-0.29785182752523803
1.2999999523162842,0.3321190172170105,-0.30000001192092896,0.3515464048859253,0.4965811958976746,-0.30000001192092896,-0.26774194692092895,-0.28989900192092893,-0.30000001192092896,-0.30000001192092896,-0.30000001192092896,0.727139048920929,0.363900403079071,0.927516626920929,-0.30000001192092896,-0.20804685552523805
1.2999999523162842,0.42271669621701047,-0.30000001192092896,0.3103092908859253,0.5222222208976746,-0.30000001192092896,-0.30000001192092896,-0.30000001192092896,-0.30000001192092896,-0.30000001192092896,-0.30000001192092896,0.30000001192092896,-0.30000001192092896,0.30000001192092896,-0.30000001192092896,-0.29989356552523805
1.2999999523162842,0.5429796392170105,-0.30000001192092896,0.3103092908859253,0.5136752128976746,-0.30000001192092896,-0.30000001192092896,-0.30000001192092896,-0.30000001192092896,-0.30000001192092896,-0.30000001192092896,0.30000001192092896,-0.30000001192092896,0.30000001192092896,-0.30000001192092896,-0.29947111352523803
1.2999999523162842,0.4221108382170105,-0.30000001192092896,0.3103092908859253,0.5136752128976746,-0.30000001192092896,-0.30000001192092896,-0.30000001192092896,-0.30000001192092896,-0.30000001192092896,-0.30000001192092896,0.30000001192092896,-0.2875518789209289,0.7382474989209289,-0.30000001192092896,-0.299142022525238
1.2999999523162842,0.4236254842170105,-0.30000001192092896,0.3103092908859253,0.5051282038976745,-0.30000001192092896,-0.30000001192092896,-0.30000001192092896,-0.30000001192092896,-0.30000001192092896,-0.30000001192092896,0.30000001192092896,-0.30000001192092896,0.30000001192092896,-0.30000001192092896,-0.299897113525238
1.2999999523162842,0.4823674192170105,-0.30000001192092896,0.3103092908859253,0.5222222208976746,-0.30000001192092896,-0.30000001192092896,-0.30000001192092896,-0.30000001192092896,-0.30000001192092896,-0.30000001192092896,0.30000001192092896,-0.30000001192092896,0.30000001192092896,-0.30000001192092896,-0.299901104925238
1.2999999523162842,0.5738784302170106,-0.30000001192092896,0.3103092908859253,0.5222222208976746,-0.30000001192092896,-0.30000001192092896,-0.30000001192092896,-0.30000001192092896,-0.30000001192092896,-0.30000001192092896,0.30000001192092896,-0.295850633920929,1.003730975920929,-0.30000001192092896,-0.29965029552523803
1.2999999523162842,0.30425466821701047,-0.30000001192092896,0.3103092908859253,0.3598290588976746,-0.30000001192092896,-0.17096775392092894,-0.13838384992092895,-0.30000001192092896,-0.30000001192092896,-0.30000001192092896,0.30000001192092896,-0.30000001192092896,0.30000001192092896,-0.30000001192092896,-0.29983989952523804
1.2999999523162842,0.4539184172170105,-0.30000001192092896,0.3103092908859253,0.5307692298976746,-0.30000001192092896,-0.30000001192092896,-0.30000001192092896,-0.30000001192092896,-0.30000001192092896,-0.30000001192092896,0.30000001192092896,-0.29170125692092896,0.962630361920929,-0.30000001192092896,-0.298956410525238
1.2999999523162842,0.33061133721701047,-0.30000001192092896,0.3103092908859253,0.2999999988976746,-0.30000001192092896,-0.30000001192092896,-0.30000001192092896,-0.30000001192092896,-0.30000001192092896,-0.30000001192092896,0.30000001192092896,-0.295850633920929,0.828261539920929,-0.30000001192092896,-0.299870280525238
1.2999999523162842,0.3909091172170105,-0.30000001192092896,0.3103092908859253,0.3683760668976746,-0.30000001192092896,-0.30000001192092896,-0.30000001192092896,-0.30000001192092896,-0.30000001192092896,-0.30000001192092896,0.30000001192092896,-0.26680499092092896,0.8156024129209289,-0.30000001192092896,-0.28146891652523803
1.2999999523162842,0.4517979122170105,-0.30000001192092896,0.3103092908859253,0.5222222208976746,-0.30000001192092896,-0.30000001192092896,-0.30000001192092896,-0.30000001192092896,-0.30000001192092896,-0.30000001192092896,0.30000001192092896,-0.30000001192092896,0.30000001192092896,-0.30000001192092896,-0.29127777352523804
1.2999999523162842,0.48267973921701046,-0.30000001192092896,0.3103092908859253,0.3598290588976746,-0.30000001192092896,-0.26774194692092895,-0.259595971920929,-0.30000001192092896,-0.30000001192092896,-0.30000001192092896,0.30000001192092896,-0.30000001192092896,0.30000001192092896,-0.30000001192092896,-0.29986229652523805
1.2999999523162842,0.4523743862170105,-0.30000001192092896,0.3103092908859253,0.5136752128976746,-0.30000001192092896,-0.30000001192092896,-0.30000001192092896,-0.30000001192092896,-0.30000001192092896,-0.30000001192092896,0.30000001192092896,-0.295850633920929,0.721907532920929,-0.30000001192092896,-0.299179500525238
1.2999999523162842,0.4833025622170105,-0.30000001192092896,0.3103092908859253,0.5222222208976746,-0.30000001192092896,-0.30000001192092896,-0.30000001192092896,-0.30000001192092896,-0.30000001192092896,-0.30000001192092896,0.30000001192092896,-0.30000001192092896,0.30000001192092896,-0.30000001192092896,-0.299149340525238
1.2999999523162842,0.5435854982170105,-0.30000001192092896,0.3103092908859253,0.5222222208976746,-0.30000001192092896,-0.30000001192092896,-0.30000001192092896,-0.30000001192092896,-0.30000001192092896,-0.30000001192092896,0.30000001192092896,-0.2875518789209289,0.856131456920929,-0.30000001192092896,-0.298981469525238
1.2999999523162842,0.5129896362170105,-0.30000001192092896,0.3103092908859253,0.5136752128976746,-0.30000001192092896,-0.30000001192092896,-0.30000001192092896,-0.30000001192092896,-0.30000001192092896,-0.30000001192092896,0.30000001192092896,-0.30000001192092896,0.30000001192092896,-0.30000001192092896,-0.29990043962523805
1.2999999523162842,0.4517979122170105,-0.30000001192092896,0.3103092908859253,0.5222222208976746,-0.30000001192092896,-0.30000001192092896,-0.30000001192092896,-0.30000001192092896,-0.30000001192092896,-0.30000001192092896,0.30000001192092896,-0.30000001192092896,0.30000001192092896,-0.30000001192092896,-0.299900661325238
1.2999999523162842,0.36061618421701047,-0.30000001192092896,0.3103092908859253,0.3256410248976746,-0.30000001192092896,-0.18709678592092896,-0.15858587092092896,-0.30000001192092896,-0.30000001192092896,-0.30000001192092896,0.30000001192092896,-0.30000001192092896,0.30000001192092896,-0.30000001192092896,-0.28793231252523804
1.2999999523162842,0.4524037702170105,-0.30000001192092896,0.3103092908859253,0.5051282038976745,-0.30000001192092896,-0.30000001192092896,-0.30000001192092896,-0.30000001192092896,-0.30000001192092896,-0.30000001192092896,0.30000001192092896,-0.30000001192092896,0.30000001192092896,-0.30000001192092896,-0.29990088312523805
1.2999999523162842,0.42150497921701047,-0.30000001192092896,0.3103092908859253,0.5222222208976746,-0.30000001192092896,-0.30000001192092896,-0.30000001192092896,-0.30000001192092896,-0.30000001192092896,-0.30000001192092896,0.30000001192092896,-0.30000001192092896,0.30000001192092896,-0.30000001192092896,-0.299542963525238
1.2999999523162842,0.4514662042170105,-0.30000001192092896,0.3103092908859253,0.5222222208976746,-0.30000001192092896,-0.30000001192092896,-0.30000001192092896,-0.30000001192092896,-0.30000001192092896,-0.30000001192092896,0.30000001192092896,-0.30000001192092896,0.30000001192092896,-0.30000001192092896,-0.299897113525238
1.2999999523162842,0.5426767102170105,-0.30000001192092896,0.3103092908859253,0.5222222208976746,-0.30000001192092896,-0.30000001192092896,-0.30000001192092896,-0.30000001192092896,-0.30000001192092896,-0.30000001192092896,0.30000001192092896,-0.30000001192092896,0.30000001192092896,-0.30000001192092896,-0.29939748952523804
1.2999999523162842,0.4221108382170105,-0.30000001192092896,0.3103092908859253,0.3940170928976746,-0.30000001192092896,-0.26774194692092895,-0.28989900192092893,-0.30000001192092896,-0.30000001192092896,-0.30000001192092896,0.7278074989209289,0.01950206307907104,1.072055110920929,-0.30000001192092896,-0.25957661752523803
1.2999999523162842,0.4527067002170105,-0.30000001192092896,0.3103092908859253,0.5051282038976745,-0.30000001192092896,-0.30000001192092896,-0.30000001192092896,-0.30000001192092896,-0.30000001192092896,-0.30000001192092896,0.30000001192092896,-0.30000001192092896,0.30000001192092896,-0.30000001192092896,-0.299895560525238
0.2999999523162842,0.3000185049170105,-0.23502829492092897,0.3000000128859253,0.3598290588976746,0.699999988079071,-0.30000001192092896,-0.30000001192092896,0.699999988079071,-0.21919193092092895,-0.030290467920928932,0.30000001192092896,-0.30000001192092896,0.30000001192092896,-0.23333334492092894,-0.29766399752523803
1.2999999523162842,0.39242376421701053,-0.30000001192092896,0.3103092908859253,0.4367521358976746,-0.30000001192092896,-0.28387097992092897,-0.27979799192092897,-0.30000001192092896,-0.30000001192092896,-0.30000001192092896,0.30000001192092896,-0.30000001192092896,0.30000001192092896,-0.30000001192092896,-0.29986296252523803
1.2999999523162842,0.3609191142170105,-0.30000001192092896,0.3103092908859253,0.33418803289767457,-0.30000001192092896,-0.29193549592092893,-0.28989900192092893,-0.30000001192092896,-0.30000001192092896,-0.30000001192092896,0.42433156292092894,-0.30000001192092896,0.30000001192092896,-0.30000001192092896,-0.299432749525238
1.2999999523162842,0.4527067002170105,-0.30000001192092896,0.3103092908859253,0.5222222208976746,-0.30000001192092896,-0.30000001192092896,-0.30000001192092896,-0.30000001192092896,-0.30000001192092896,-0.30000001192092896,0.30000001192092896,-0.30000001192092896,0.30000001192092896,-0.30000001192092896,-0.29968599852523803
1.2999999523162842,0.36424012821701046,-0.30000001192092896,0.3103092908859253,0.3512820498976746,-0.30000001192092896,-0.16290323792092895,-0.28989900192092893,-0.30000001192092896,-0.30000001192092896,-0.30000001192092896,1.038636375920929,-0.30000001192092896,0.30000001192092896,-0.30000001192092896,-0.29985098752523803
1.2999999523162842,0.5135954942170105,-0.30000001192092896,0.3103092908859253,0.5222222208976746,-0.30000001192092896,-0.30000001192092896,-0.30000001192092896,-0.30000001192092896,-0.30000001192092896,-0.30000001192092896,0.30000001192092896,-0.30000001192092896,0.30000001192092896,-0.30000001192092896,-0.299901104925238
1.2999999523162842,0.3909091172170105,-0.30000001192092896,0.3103092908859253,0.34273504189767456,-0.30000001192092896,-0.25161291492092897,-0.23939395092092897,-0.30000001192092896,-0.30000001192092896,-0.30000001192092896,0.30000001192092896,-0.30000001192092896,0.30000001192092896,-0.30000001192092896,-0.29986163152523804
1.2999999523162842,0.3612220432170105,-0.30000001192092896,0.3103092908859253,0.3683760668976746,-0.30000001192092896,-0.25967743092092893,-0.24949496092092896,-0.30000001192092896,-0.30000001192092896,-0.30000001192092896,0.30000001192092896,-0.30000001192092896,0.30000001192092896,-0.30000001192092896,-0.29985453552523805
1.2999999523162842,0.3345354842170105,-0.30000001192092896,0.3103092908859253,0.3598290588976746,-0.30000001192092896,-0.20322581792092898,-0.28989900192092893,-0.30000001192092896,-0.30000001192092896,-0.30000001192092896,0.981818193920929,-0.14647304092092894,0.9682757449209289,-0.30000001192092896,-0.25056498552523804
1.2999999523162842,0.3000121434170105,-0.30000001192092896,0.3103092908859253,0.2999999988976746,-0.30000001192092896,-0.05806452792092895,0.0030302910790710458,-0.30000001192092896,-0.30000001192092896,-0.30000001192092896,0.30000001192092896,-0.30000001192092896,0.30000001192092896,-0.30000001192092896,-0.29994967012523804
1.2999999523162842,0.3039668862170105,-0.30000001192092896,0.3103092908859253,0.34273504189767456,-0.30000001192092896,-0.07419355992092896,-0.28989900192092893,-0.30000001192092896,-0.30000001192092896,-0.30000001192092896,1.104812845920929,-0.24605810292092894,0.7939963459209289,-0.30000001192092896,-0.25380888052523803
1.2999999523162842,0.3911920532170105,-0.30000001192092896,0.6195876418859253,0.5393162378976746,-0.30000001192092896,-0.30000001192092896,-0.30000001192092896,-0.30000001192092896,-0.30000001192092896,-0.30000001192092896,0.30000001192092896,-0.24605810292092894,1.119382977920929,-0.30000001192092896,-0.294479977525238
1.2999999523162842,0.7544243092170104,-0.30000001192092896,0.3103092908859253,0.3769230758976746,-0.30000001192092896,-0.30000001192092896,-0.30000001192092896,-0.30000001192092896,-0.30000001192092896,-0.30000001192092896,0.30000001192092896,-0.295850633920929,1.018495879920929,-0.30000001192092896,-0.29972547152523804
1.2999999523162842,0.5738784302170106,-0.30000001192092896,0.3103092908859253,0.5222222208976746,-0.30000001192092896,-0.30000001192092896,-0.30000001192092896,-0.30000001192092896,-0.30000001192092896,-0.30000001192092896,0.30000001192092896,-0.30000001192092896,0.30000001192092896,-0.30000001192092896,-0.29990088312523805
1.2999999523162842,0.4212020502170105,-0.30000001192092896,0.3103092908859253,0.3598290588976746,-0.30000001192092896,-0.30000001192092896,-0.30000001192092896,-0.30000001192092896,-0.30000001192092896,-0.30000001192092896,0.30000001192092896,-0.30000001192092896,0.30000001192092896,-0.30000001192092896,-0.29968976852523804
1.2999999523162842,0.3621114432170105,-0.30000001192092896,0.3103092908859253,0.3512820498976746,-0.30000001192092896,-0.26774194692092895,-0.28989900192092893,-0.30000001192092896,-0.30000001192092896,-0.30000001192092896,0.6322192629209289,-0.30000001192092896,0.30000001192092896,-0.30000001192092896,-0.299854091525238
1.2999999523162842,0.3045660802170105,-0.30000001192092896,0.3103092908859253,0.33418803289767457,-0.30000001192092896,-0.16290323792092895,-0.12828283992092895,-0.30000001192092896,-0.30000001192092896,-0.30000001192092896,0.343449209920929,-0.030290467920928932,1.028334791920929,-0.30000001192092896,-0.26444822552523806
1.2999999523162842,0.3318315372170105,-0.30000001192092896,0.3103092908859253,0.46239316089767457,-0.30000001192092896,-0.28387097992092897,-0.28989900192092893,-0.30000001192092896,-0.30000001192092896,-0.30000001192092896,0.5486631139209289,0.060995839079071024,0.8365443559209289,-0.30000001192092896,-0.24864233252523804
1.2999999523162842,0.5435761072170104,-0.30000001192092896,0.3103092908859253,0.5136752128976746,-0.30000001192092896,-0.30000001192092896,-0.30000001192092896,-0.30000001192092896,-0.30000001192092896,-0.30000001192092896,0.30000001192092896,-0.30000001192092896,0.30000001192092896,-0.30000001192092896,-0.29990088312523805
1.2999999523162842,0.5435854982170105,-0.30000001192092896,0.3103092908859253,0.5222222208976746,-0.30000001192092896,-0.30000001192092896,-0.30000001192092896,-0.30000001192092896,-0.30000001192092896,-0.30000001192092896,0.30000001192092896,-0.30000001192092896,0.30000001192092896,-0.30000001192092896,-0.299113637525238
1.2999999523162842,0.3921190172170105,-0.30000001192092896,0.3103092908859253,0.38547008389767456,-0.30000001192092896,-0.28387097992092897,-0.28989900192092893,-0.30000001192092896,-0.30000001192092896,-0.30000001192092896,0.575401081920929,-0.30000001192092896,0.30000001192092896,-0.30000001192092896,-0.29986251852523804
1.2999999523162842,0.3315186112170105,-0.30000001192092896,0.4237113528859253,0.4367521358976746,-0.30000001192092896,-0.28387097992092897,-0.28989900192092893,-0.30000001192092896,-0.30000001192092896,-0.30000001192092896,0.30000001192092896,-0.30000001192092896,0.30000001192092896,-0.30000001192092896,-0.26605664552523806
1.2999999523162842,0.3909091172170105,-0.30000001192092896,0.3103092908859253,0.4794871778976746,-0.30000001192092896,-0.30000001192092896,-0.30000001192092896,-0.30000001192092896,-0.30000001192092896,-0.30000001192092896,0.30000001192092896,-0.30000001192092896,0.30000001192092896,-0.30000001192092896,-0.29987050252523806
1.2999999523162842,0.3342358872170105,-0.30000001192092896,0.3103092908859253,0.33418803289767457,-0.30000001192092896,-0.17903226992092897,-0.28989900192092893,-0.30000001192092896,-0.30000001192092896,-0.30000001192092896,0.984491990920929,-0.30000001192092896,0.30000001192092896,-0.30000001192092896,-0.299844112525238
1.2999999523162842,0.3021417362170105,-0.30000001192092896,0.3103092908859253,0.33418803289767457,-0.30000001192092896,0.11129031107907106,-0.28989900192092893,-0.30000001192092896,-0.30000001192092896,-0.30000001192092896,1.1522727389209289,-0.258506235920929,0.9734403289209289,-0.30000001192092896,-0.25214923352523805
1.2999999523162842,0.5123837772170106,-0.30000001192092896,0.3103092908859253,0.3769230758976746,-0.30000001192092896,-0.30000001192092896,-0.30000001192092896,-0.30000001192092896,-0.30000001192092896,-0.30000001192092896,0.30000001192092896,-0.30000001192092896,0.30000001192092896,-0.30000001192092896,-0.299761618525238
1.2999999523162842,0.5123837772170106,-0.30000001192092896,0.3103092908859253,0.5222222208976746,-0.30000001192092896,-0.30000001192092896,-0.30000001192092896,-0.30000001192092896,-0.30000001192092896,-0.30000001192092896,0.30000001192092896,-0.30000001192092896,0.30000001192092896,-0.30000001192092896,-0.299578666525238
1.2999999523162842,0.4829996322170105,-0.30000001192092896,0.3103092908859253,0.5136752128976746,-0.30000001192092896,-0.30000001192092896,-0.30000001192092896,-0.30000001192092896,-0.30000001192092896,-0.30000001192092896,0.30000001192092896,-0.30000001192092896,0.30000001192092896,-0.30000001192092896,-0.29947200052523804
1.2999999523162842,0.4521008412170105,-0.30000001192092896,0.3103092908859253,0.5136752128976746,-0.30000001192092896,-0.30000001192092896,-0.30000001192092896,-0.30000001192092896,-0.30000001192092896,-0.30000001192092896,0.30000001192092896,-0.30000001192092896,0.30000001192092896,-0.30000001192092896,-0.29989733452523804
1.2999999523162842,0.4820735772170105,-0.30000001192092896,0.3103092908859253,0.5136752128976746,-0.30000001192092896,-0.30000001192092896,-0.30000001192092896,-0.30000001192092896,-0.30000001192092896,-0.30000001192092896,0.30000001192092896,-0.30000001192092896,0.30000001192092896,-0.30000001192092896,-0.29990043962523805
1.2999999523162842,0.3030293192170105,-0.30000001192092896,0.3103092908859253,0.3256410248976746,-0.30000001192092896,-0.001612914920928965,-0.28989900192092893,-0.30000001192092896,-0.30000001192092896,-0.30000001192092896,1.1409091029209288,-0.22946059292092896,0.944194374920929,-0.30000001192092896,-0.25881553952523806
1.2999999523162842,0.45149498221701045,-0.30000001192092896,0.3103092908859253,0.5222222208976746,-0.30000001192092896,-0.30000001192092896,-0.30000001192092896,-0.30000001192092896,-0.30000001192092896,-0.30000001192092896,0.30000001192092896,-0.30000001192092896,0.30000001192092896,-0.30000001192092896,-0.299896226525238
1.2999999523162842,0.3915149762170105,-0.30000001192092896,0.3103092908859253,0.5222222208976746,-0.30000001192092896,-0.30000001192092896,-0.30000001192092896,-0.30000001192092896,-0.30000001192092896,-0.30000001192092896,0.30000001192092896,-0.30000001192092896,0.30000001192092896,-0.30000001192092896,-0.29965051652523805
1.2999999523162842,0.4820908442170105,-0.30000001192092896,0.3103092908859253,0.5222222208976746,-0.30000001192092896,-0.30000001192092896,-0.30000001192092896,-0.30000001192092896,-0.30000001192092896,-0.30000001192092896,0.30000001192092896,-0.295850633920929,0.748362389920929,-0.30000001192092896,-0.299214981525238
1.2999999523162842,0.3615140672170105,-0.30000001192092896,0.3103092908859253,0.3512820498976746,-0.30000001192092896,-0.26774194692092895,-0.28989900192092893,-0.30000001192092896,-0.30000001192092896,-0.30000001192092896,0.7278074989209289,-0.30000001192092896,0.30000001192092896,-0.30000001192092896,-0.29986229652523805
1.2999999523162842,0.5741813592170105,-0.30000001192092896,0.3103092908859253,0.5136752128976746,-0.30000001192092896,-0.30000001192092896,-0.30000001192092896,-0.30000001192092896,-0.30000001192092896,-0.30000001192092896,0.30000001192092896,-0.30000001192092896,0.30000001192092896,-0.30000001192092896,-0.299471335525238
1.2999999523162842,0.5426491432170105,-0.30000001192092896,0.6195876418859253,0.5393162378976746,-0.30000001192092896,-0.30000001192092896,-0.30000001192092896,-0.30000001192092896,-0.30000001192092896,-0.30000001192092896,0.30000001192092896,-0.24605810292092894,1.088932179920929,-0.30000001192092896,-0.29513793752523804
1.2999999523162842,0.5132825682170105,-0.30000001192092896,0.3103092908859253,0.5222222208976746,-0.30000001192092896,-0.30000001192092896,-0.30000001192092896,-0.30000001192092896,-0.30000001192092896,-0.30000001192092896,0.30000001192092896,-0.283402501920929,1.092871814920929,-0.30000001192092896,-0.29910742852523803
1.2999999523162842,0.3000233518170105,-0.30000001192092896,0.3103092908859253,0.2999999988976746,-0.30000001192092896,0.030645149079071066,-0.28989900192092893,-0.30000001192092896,-0.30000001192092896,-0.30000001192092896,1.149598941920929,-0.22116183792092897,0.7509791739209289,-0.30000001192092896,-0.255073351525238
1.2999999523162842,0.5120808482170105,-0.30000001192092896,0.3103092908859253,0.5136752128976746,-0.30000001192092896,-0.30000001192092896,-0.30000001192092896,-0.30000001192092896,-0.30000001192092896,-0.30000001192092896,0.30000001192092896,-0.283402501920929,1.003730975920929,-0.30000001192092896,-0.298535067525238
1.2999999523162842,0.4820841802170105,-0.30000001192092896,0.3103092908859253,0.4794871778976746,-0.30000001192092896,-0.30000001192092896,-0.30000001192092896,-0.30000001192092896,-0.30000001192092896,-0.30000001192092896,0.30000001192092896,-0.30000001192092896,0.30000001192092896,-0.30000001192092896,-0.299900217825238
1.2999999523162842,0.36061618421701047,-0.30000001192092896,0.3103092908859253,0.3512820498976746,-0.30000001192092896,-0.30000001192092896,-0.30000001192092896,-0.30000001192092896,-0.30000001192092896,-0.30000001192092896,0.30000001192092896,-0.30000001192092896,0.30000001192092896,-0.30000001192092896,-0.29987050252523806
1.2999999523162842,0.48299781521701046,-0.30000001192092896,0.3103092908859253,0.5136752128976746,-0.30000001192092896,-0.30000001192092896,-0.30000001192092896,-0.30000001192092896,-0.30000001192092896,-0.30000001192092896,0.30000001192092896,-0.30000001192092896,0.30000001192092896,-0.30000001192092896,-0.29943541052523803
1.2999999523162842,0.4211929622170105,-0.30000001192092896,0.3103092908859253,0.33418803289767457,-0.30000001192092896,-0.30000001192092896,-0.30000001192092896,-0.30000001192092896,-0.30000001192092896,-0.30000001192092896,0.30000001192092896,-0.2875518789209289,0.861431282920929,-0.30000001192092896,-0.29938617952523805
1.2999999523162842,0.3009366832170105,-0.30000001192092896,0.3103092908859253,0.3598290588976746,-0.30000001192092896,-0.17096775392092894,-0.13838384992092895,-0.30000001192092896,-0.30000001192092896,-0.30000001192092896,0.30000001192092896,-0.30000001192092896,0.30000001192092896,-0.30000001192092896,-0.29983945552523805
1.2999999523162842,0.4229938772170105,-0.30000001192092896,0.3103092908859253,0.5307692298976746,-0.30000001192092896,-0.30000001192092896,-0.30000001192092896,-0.30000001192092896,-0.30000001192092896,-0.30000001192092896,0.30000001192092896,-0.30000001192092896,0.30000001192092896,-0.30000001192092896,-0.29989644752523803
1.2999999523162842,0.3021508242170105,-0.30000001192092896,0.3103092908859253,0.2999999988976746,-0.30000001192092896,-0.30000001192092896,-0.30000001192092896,-0.30000001192092896,-0.30000001192092896,-0.30000001192092896,0.30000001192092896,-0.30000001192092896,0.30000001192092896,-0.30000001192092896,-0.29987050252523806
1.2999999523162842,0.3015449662170105,-0.30000001192092896,0.3103092908859253,0.3256410248976746,-0.30000001192092896,-0.23548388292092895,-0.28989900192092893,-0.30000001192092896,-0.30000001192092896,-0.30000001192092896,0.893582899920929,-0.09668050992092894,1.173585533920929,-0.30000001192092896,-0.24728538752523804
1.2999999523162842,0.3606080052170105,-0.30000001192092896,0.6195876418859253,0.2999999988976746,-0.30000001192092896,-0.30000001192092896,-0.30000001192092896,-0.30000001192092896,-0.30000001192092896,-0.30000001192092896,0.30000001192092896,-0.24605810292092894,0.973676295920929,-0.30000001192092896,-0.29538408952523804
1.2999999523162842,0.42150497921701047,-0.30000001192092896,0.3103092908859253,0.5222222208976746,-0.30000001192092896,-0.30000001192092896,-0.30000001192092896,-0.30000001192092896,-0.30000001192092896,-0.30000001192092896,0.30000001192092896,-0.30000001192092896,0.30000001192092896,-0.30000001192092896,-0.299900661325238
1.2999999523162842,0.3315252752170105,-0.30000001192092896,0.3103092908859253,0.3256410248976746,-0.30000001192092896,-0.22741936692092896,-0.28989900192092893,-0.30000001192092896,-0.30000001192092896,-0.30000001192092896,0.919652417920929,-0.08838175492092895,0.7382474989209289,-0.30000001192092896,-0.254131318525238
1.2999999523162842,0.4521008412170105,-0.30000001192092896,0.3103092908859253,0.5136752128976746,-0.30000001192092896,-0.30000001192092896,-0.30000001192092896,-0.30000001192092896,-0.30000001192092896,-0.30000001192092896,0.30000001192092896,-0.30000001192092896,0.30000001192092896,-0.30000001192092896,-0.29990088312523805
1.2999999523162842,0.4817879152170105,-0.30000001192092896,0.3103092908859253,0.3769230758976746,-0.30000001192092896,-0.30000001192092896,-0.30000001192092896,-0.30000001192092896,-0.30000001192092896,-0.30000001192092896,0.30000001192092896,-0.30000001192092896,0.30000001192092896,-0.30000001192092896,-0.29990465302523805
1.2999999523162842,0.3018409282170105,-0.30000001192092896,0.3103092908859253,0.3256410248976746,-0.30000001192092896,-0.18709678592092896,-0.15858587092092896,-0.30000001192092896,-0.30000001192092896,-0.30000001192092896,0.30000001192092896,-0.30000001192092896,0.30000001192092896,-0.30000001192092896,-0.29984034252523806
1.2999999523162842,0.3033625422170105,-0.30000001192092896,0.3103092908859253,0.3683760668976746,-0.30000001192092896,-0.26774194692092895,-0.28989900192092893,-0.30000001192092896,-0.30000001192092896,-0.30000001192092896,0.7278074989209289,-0.30000001192092896,0.30000001192092896,-0.30000001192092896,-0.26000683052523804
1.2999999523162842,0.3051646682170105,-0.30000001192092896,0.3103092908859253,0.33418803289767457,-0.30000001192092896,-0.07419355992092896,-0.01717172892092894,-0.30000001192092896,-0.30000001192092896,-0.30000001192092896,0.30000001192092896,-0.30000001192092896,0.30000001192092896,-0.30000001192092896,-0.29984034252523806
1.2999999523162842,0.4527067002170105,-0.30000001192092896,0.3103092908859253,0.5136752128976746,-0.30000001192092896,-0.30000001192092896,-0.30000001192092896,-0.30000001192092896,-0.30000001192092896,-0.30000001192092896,0.30000001192092896,-0.30000001192092896,0.30000001192092896,-0.30000001192092896,-0.299895782525238
1.2999999523162842,0.42271669621701047,-0.30000001192092896,0.3103092908859253,0.4794871778976746,-0.30000001192092896,-0.28387097992092897,-0.28989900192092893,-0.30000001192092896,-0.30000001192092896,-0.30000001192092896,0.575401081920929,-0.30000001192092896,0.30000001192092896,-0.30000001192092896,-0.29986384952523804
1.2999999523162842,0.3039465892170105,-0.30000001192092896,0.3103092908859253,0.3512820498976746,-0.30000001192092896,-0.13064517292092895,-0.28989900192092893,-0.30000001192092896,-0.30000001192092896,-0.30000001192092896,1.072058835920929,-0.18796681692092895,1.1082968329209288,-0.30000001192092896,-0.24917167252523803
1.2999999523162842,0.3909003322170105,-0.30000001192092896,0.44432990988592536,0.5393162378976746,-0.30000001192092896,-0.30000001192092896,-0.30000001192092896,-0.30000001192092896,-0.30000001192092896,-0.30000001192092896,0.30000001192092896,-0.24605810292092894,0.891385137920929,-0.30000001192092896,-0.28555261352523803
1.2999999523162842,0.4224137672170105,-0.30000001192092896,0.3103092908859253,0.5136752128976746,-0.30000001192092896,-0.30000001192092896,-0.30000001192092896,-0.30000001192092896,-0.30000001192092896,-0.30000001192092896,0.30000001192092896,-0.30000001192092896,0.30000001192092896,-0.30000001192092896,-0.29126757252523805
1.2999999523162842,0.42150497921701047,-0.30000001192092896,0.3103092908859253,0.5051282038976745,-0.30000001192092896,-0.30000001192092896,-0.30000001192092896,-0.30000001192092896,-0.30000001192092896,-0.30000001192092896,0.30000001192092896,-0.30000001192092896,0.30000001192092896,-0.30000001192092896,-0.299901104925238
1.2999999523162842,0.4214968002170105,-0.30000001192092896,0.49587630188592535,0.5393162378976746,-0.30000001192092896,-0.30000001192092896,-0.30000001192092896,-0.30000001192092896,-0.30000001192092896,-0.30000001192092896,0.30000001192092896,-0.24605810292092894,0.973676295920929,-0.30000001192092896,-0.29515035552523805
1.2999999523162842,0.39363548121701053,-0.30000001192092896,0.3103092908859253,0.44529914389767455,-0.30000001192092896,-0.29193549592092893,-0.28989900192092893,-0.30000001192092896,-0.30000001192092896,-0.30000001192092896,0.460427818920929,-0.30000001192092896,0.30000001192092896,-0.30000001192092896,-0.299857196525238
1.2999999523162842,0.42150497921701047,-0.30000001192092896,0.3103092908859253,0.5136752128976746,-0.30000001192092896,-0.30000001192092896,-0.30000001192092896,-0.30000001192092896,-0.30000001192092896,-0.30000001192092896,0.30000001192092896,-0.30000001192092896,0.30000001192092896,-0.30000001192092896,-0.29925001952523805
1.2999999523162842,0.5732725722170104,-0.30000001192092896,0.3103092908859253,0.5051282038976745,-0.30000001192092896,-0.30000001192092896,-0.30000001192092896,-0.30000001192092896,-0.30000001192092896,-0.30000001192092896,0.30000001192092896,-0.30000001192092896,0.30000001192092896,-0.30000001192092896,-0.299901104925238
1.2999999523162842,0.39242376421701053,-0.30000001192092896,0.3103092908859253,0.38547008389767456,-0.30000001192092896,-0.29193549592092893,-0.28989900192092893,-0.30000001192092896,-0.30000001192092896,-0.30000001192092896,0.4610962689209289,0.23112032007907102,0.855148912920929,-0.30000001192092896,-0.25876608752523805
1.2999999523162842,0.4517979122170105,-0.30000001192092896,0.3103092908859253,0.5222222208976746,-0.30000001192092896,-0.30000001192092896,-0.30000001192092896,-0.30000001192092896,-0.30000001192092896,-0.30000001192092896,0.30000001192092896,-0.295850633920929,0.8920587219209289,-0.30000001192092896,-0.29935779452523803
1.2999999523162842,0.3302981082170105,-0.30000001192092896,0.3103092908859253,0.34273504189767456,-0.30000001192092896,-0.25967743092092893,-0.28989900192092893,-0.30000001192092896,-0.30000001192092896,-0.30000001192092896,0.7812834339209289,0.002904552079071032,0.7769382279209289,-0.30000001192092896,-0.25206208252523804
1.2999999523162842,0.3030496162170105,-0.30000001192092896,0.3103092908859253,0.3512820498976746,-0.30000001192092896,-0.20322581792092898,-0.28989900192092893,-0.30000001192092896,-0.30000001192092896,-0.30000001192092896,0.981818193920929,-0.15477179592092896,1.092871814920929,-0.30000001192092896,-0.25241090952523804
1.2999999523162842,0.7847172412170105,-0.30000001192092896,0.3103092908859253,0.3683760668976746,-0.30000001192092896,-0.30000001192092896,-0.30000001192092896,-0.30000001192092896,-0.30000001192092896,-0.30000001192092896,0.30000001192092896,-0.30000001192092896,0.30000001192092896,-0.30000001192092896,-0.29968577652523803
1.2999999523162842,0.3627330542170105,-0.30000001192092896,0.3103092908859253,0.3598290588976746,-0.30000001192092896,-0.25967743092092893,-0.28989900192092893,-0.30000001192092896,-0.30000001192092896,-0.30000001192092896,0.6629679259209289,-0.30000001192092896,0.30000001192092896,-0.30000001192092896,-0.299844334525238
1.2999999523162842,0.4233225552170105,-0.30000001192092896,0.3103092908859253,0.5222222208976746,-0.30000001192092896,-0.30000001192092896,-0.30000001192092896,-0.30000001192092896,-0.30000001192092896,-0.30000001192092896,0.30000001192092896,-0.30000001192092896,0.30000001192092896,-0.30000001192092896,-0.29891804552523804
1.2999999523162842,0.4820908442170105,-0.30000001192092896,0.3103092908859253,0.5136752128976746,-0.30000001192092896,-0.30000001192092896,-0.30000001192092896,-0.30000001192092896,-0.30000001192092896,-0.30000001192092896,0.30000001192092896,-0.295850633920929,0.990216424920929,-0.30000001192092896,-0.29925622852523803
1.2999999523162842,0.4817879152170105,-0.30000001192092896,0.3103092908859253,0.5222222208976746,-0.30000001192092896,-0.30000001192092896,-0.30000001192092896,-0.30000001192092896,-0.30000001192092896,-0.30000001192092896,0.30000001192092896,-0.30000001192092896,0.30000001192092896,-0.30000001192092896,-0.29990088312523805
1.2999999523162842,0.4527039732170105,-0.30000001192092896,0.3103092908859253,0.5222222208976746,-0.30000001192092896,-0.30000001192092896,-0.30000001192092896,-0.30000001192092896,-0.30000001192092896,-0.30000001192092896,0.30000001192092896,-0.283402501920929,0.962630361920929,-0.30000001192092896,-0.298273391525238
1.2999999523162842,0.3605949792170105,-0.30000001192092896,0.3103092908859253,0.3769230758976746,-0.30000001192092896,-0.29193549592092893,-0.28989900192092893,-0.30000001192092896,-0.30000001192092896,-0.30000001192092896,0.4610962689209289,0.210373432079071,0.726050401920929,-0.30000001192092896,-0.24810035252523804
1.2999999523162842,0.4239284142170105,-0.30000001192092896,0.3103092908859253,0.5307692298976746,-0.30000001192092896,-0.30000001192092896,-0.30000001192092896,-0.30000001192092896,-0.30000001192092896,-0.30000001192092896,0.30000001192092896,-0.30000001192092896,0.30000001192092896,-0.30000001192092896,-0.29989755652523803
1.2999999523162842,0.4524037702170105,-0.30000001192092896,0.3103092908859253,0.5222222208976746,-0.30000001192092896,-0.30000001192092896,-0.30000001192092896,-0.30000001192092896,-0.30000001192092896,-0.30000001192092896,0.30000001192092896,-0.2875518789209289,0.950088698920929,-0.30000001192092896,-0.29947333152523803
1.2999999523162842,0.3605961912170105,-0.30000001192092896,0.4752577448859253,0.5393162378976746,-0.30000001192092896,-0.30000001192092896,-0.30000001192092896,-0.30000001192092896,-0.30000001192092896,-0.30000001192092896,0.30000001192092896,-0.24605810292092894,1.119382977920929,-0.30000001192092896,-0.29453430852523804
1.2999999523162842,0.3042649682170105,-0.30000001192092896,0.3103092908859253,0.34273504189767456,-0.30000001192092896,-0.22741936692092896,-0.28989900192092893,-0.30000001192092896,-0.30000001192092896,-0.30000001192092896,0.919652417920929,-0.30000001192092896,0.30000001192092896,-0.30000001192092896,-0.24988507152523803
1.2999999523162842,0.3000145668170105,-0.30000001192092896,0.3103092908859253,0.2999999988976746,-0.30000001192092896,-0.25161291492092897,-0.23939395092092897,-0.30000001192092896,-0.30000001192092896,-0.30000001192092896,0.30000001192092896,-0.30000001192092896,0.30000001192092896,-0.30000001192092896,-0.29995011372523805
1.2999999523162842,0.5135797422170105,-0.30000001192092896,0.3103092908859253,0.5051282038976745,-0.30000001192092896,-0.30000001192092896,-0.30000001192092896,-0.30000001192092896,-0.30000001192092896,-0.30000001192092896,0.30000001192092896,-0.30000001192092896,0.30000001192092896,-0.30000001192092896,-0.299900661325238
1.2999999523162842,0.4829996322170105,-0.30000001192092896,0.3103092908859253,0.4965811958976746,-0.30000001192092896,-0.30000001192092896,-0.30000001192092896,-0.30000001192092896,-0.30000001192092896,-0.30000001192092896,0.30000001192092896,-0.30000001192092896,0.30000001192092896,-0.30000001192092896,-0.29990088312523805
1.2999999523162842,0.4517979122170105,-0.30000001192092896,0.3103092908859253,0.5222222208976746,-0.30000001192092896,-0.30000001192092896,-0.30000001192092896,-0.30000001192092896,-0.30000001192092896,-0.30000001192092896,0.30000001192092896,-0.30000001192092896,0.30000001192092896,-0.30000001192092896,-0.297697926525238
1.2999999523162842,0.3621308312170105,-0.30000001192092896,0.3103092908859253,0.5222222208976746,-0.30000001192092896,-0.30000001192092896,-0.30000001192092896,-0.30000001192092896,-0.30000001192092896,-0.30000001192092896,0.30000001192092896,-0.2875518789209289,1.094716369920929,-0.30000001192092896,-0.289548494525238
1.2999999523162842,0.39242376421701053,-0.30000001192092896,0.3103092908859253,0.38547008389767456,-0.30000001192092896,-0.27580646392092895,-0.28989900192092893,-0.30000001192092896,-0.30000001192092896,-0.30000001192092896,0.6629679259209289,0.060995839079071024,0.721884852920929,-0.30000001192092896,-0.266125169525238
1.2999999523162842,0.3024331542170105,-0.30000001192092896,0.3103092908859253,0.34273504189767456,-0.30000001192092896,0.03870966507907103,-0.28989900192092893,-0.30000001192092896,-0.30000001192092896,-0.30000001192092896,1.142246000920929,-0.23360997092092894,1.110981954920929,-0.30000001192092896,-0.253769629525238
1.2999999523162842,0.3303226462170105,-0.30000001192092896,0.3103092908859253,0.3598290588976746,-0.30000001192092896,-0.24354839892092894,-0.22929294092092894,-0.30000001192092896,-0.30000001192092896,-0.30000001192092896,0.38021391592092896,0.19792529907907103,0.927652313920929,-0.30000001192092896,-0.25596216352523804
1.2999999523162842,0.3609191142170105,-0.30000001192092896,0.3103092908859253,0.3769230758976746,-0.30000001192092896,-0.26774194692092895,-0.28989900192092893,-0.30000001192092896,-0.30000001192092896,-0.30000001192092896,0.727139048920929,0.01950206307907104,0.721907532920929,-0.30000001192092896,-0.25269631452523805
1.2999999523162842,0.3006331482170105,-0.30000001192092896,0.3103092908859253,0.33418803289767457,-0.30000001192092896,-0.14677420592092896,-0.10808081992092897,-0.30000001192092896,-0.30000001192092896,-0.30000001192092896,0.30000001192092896,-0.30000001192092896,0.30000001192092896,-0.30000001192092896,-0.28375215052523806
1.2999999523162842,0.3000251693170105,-0.30000001192092896,0.3103092908859253,0.2999999988976746,-0.30000001192092896,-0.19516130192092895,-0.16868688092092896,-0.30000001192092896,-0.30000001192092896,-0.30000001192092896,0.30000001192092896,-0.30000001192092896,0.30000001192092896,-0.30000001192092896,-0.299949448425238
1.2999999523162842,0.4530096292170105,-0.30000001192092896,0.3103092908859253,0.5222222208976746,-0.30000001192092896,-0.30000001192092896,-0.30000001192092896,-0.30000001192092896,-0.30000001192092896,-0.30000001192092896,0.30000001192092896,-0.295850633920929,0.9734403289209289,-0.30000001192092896,-0.299435632525238
1.2999999523162842,0.33123204021701047,-0.30000001192092896,0.3103092908859253,0.3598290588976746,-0.30000001192092896,-0.21129033492092897,-0.28989900192092893,-0.30000001192092896,-0.30000001192092896,-0.30000001192092896,0.961764717920929,-0.12987553092092896,0.9734403289209289,-0.30000001192092896,-0.22277344652523803
1.2999999523162842,0.48239377421701046,-0.30000001192092896,0.3103092908859253,0.5222222208976746,-0.30000001192092896,-0.30000001192092896,-0.30000001192092896,-0.30000001192092896,-0.30000001192092896,-0.30000001192092896,0.30000001192092896,-0.295850633920929,0.8920587219209289,-0.30000001192092896,-0.29941146052523804
1.2999999523162842,0.5129896362170105,-0.30000001192092896,0.3103092908859253,0.5051282038976745,-0.30000001192092896,-0.30000001192092896,-0.30000001192092896,-0.30000001192092896,-0.30000001192092896,-0.30000001192092896,0.30000001192092896,-0.30000001192092896,0.30000001192092896,-0.30000001192092896,-0.299292597525238
1.2999999523162842,0.3305986142170105,-0.30000001192092896,0.4340206318859253,0.5393162378976746,-0.30000001192092896,-0.30000001192092896,-0.30000001192092896,-0.30000001192092896,-0.30000001192092896,-0.30000001192092896,0.30000001192092896,-0.24605810292092894,1.088932179920929,-0.30000001192092896,-0.29545571852523805
1.2999999523162842,0.3918179052170105,-0.30000001192092896,0.3103092908859253,0.4367521358976746,-0.30000001192092896,-0.29193549592092893,-0.28989900192092893,-0.30000001192092896,-0.30000001192092896,-0.30000001192092896,0.4597593699209289,0.210373432079071,0.9044411749209289,-0.30000001192092896,-0.252633999525238
1.2999999523162842,0.33089972621701047,-0.30000001192092896,0.3103092908859253,0.34273504189767456,-0.30000001192092896,-0.17903226992092897,-0.14848485992092897,-0.30000001192092896,-0.30000001192092896,-0.30000001192092896,0.34812835392092895,-0.0012448249209289775,0.721907532920929,-0.30000001192092896,-0.26600652852523804
1.2999999523162842,0.4212020502170105,-0.30000001192092896,0.3103092908859253,0.5136752128976746,-0.30000001192092896,-0.30000001192092896,-0.30000001192092896,-0.30000001192092896,-0.30000001192092896,-0.30000001192092896,0.30000001192092896,-0.2875518789209289,0.7382474989209289,-0.30000001192092896,-0.298955745525238
1.2999999523162842,0.4521008412170105,-0.30000001192092896,0.3103092908859253,0.5222222208976746,-0.30000001192092896,-0.30000001192092896,-0.30000001192092896,-0.30000001192092896,-0.30000001192092896,-0.30000001192092896,0.30000001192092896,-0.30000001192092896,0.30000001192092896,-0.30000001192092896,-0.29907394252523806
1.2999999523162842,0.3009330482170105,-0.30000001192092896,0.3103092908859253,0.3256410248976746,-0.30000001192092896,-0.08225807692092896,-0.28989900192092893,-0.30000001192092896,-0.30000001192092896,-0.30000001192092896,1.112165786920929,-0.30000001192092896,0.30000001192092896,-0.30000001192092896,-0.29984012152523803
1.2999999523162842,0.36210084121701047,-0.30000001192092896,0.3103092908859253,0.5222222208976746,-0.30000001192092896,-0.29193549592092893,-0.28989900192092893,-0.30000001192092896,-0.30000001192092896,-0.30000001192092896,0.4610962689209289,0.22282156507907103,0.990216424920929,-0.30000001192092896,-0.283201743525238
1.2999999523162842,0.4527067002170105,-0.30000001192092896,0.3103092908859253,0.5051282038976745,-0.30000001192092896,-0.30000001192092896,-0.30000001192092896,-0.30000001192092896,-0.30000001192092896,-0.30000001192092896,0.30000001192092896,-0.30000001192092896,0.30000001192092896,-0.30000001192092896,-0.299896004525238
1.2999999523162842,0.3923974092170105,-0.30000001192092896,0.3103092908859253,0.5051282038976745,-0.30000001192092896,-0.30000001192092896,-0.30000001192092896,-0.30000001192092896,-0.30000001192092896,-0.30000001192092896,0.30000001192092896,-0.29170125692092896,0.695747523920929,-0.30000001192092896,-0.29910787152523804
1.2999999523162842,0.3042695122170105,-0.30000001192092896,0.3103092908859253,0.3598290588976746,-0.30000001192092896,-0.22741936692092896,-0.28989900192092893,-0.30000001192092896,-0.30000001192092896,-0.30000001192092896,0.919652417920929,-0.13402490792092894,0.7584912959209289,-0.30000001192092896,-0.25855763352523803
1.2999999523162842,0.3606055822170105,-0.30000001192092896,0.3103092908859253,0.3683760668976746,-0.30000001192092896,-0.19516130192092895,-0.28989900192092893,-0.30000001192092896,-0.30000001192092896,-0.30000001192092896,0.994518728920929,-0.13402490792092894,1.014219106920929,-0.30000001192092896,-0.25058161752523805
1.2999999523162842,0.33455971821701047,-0.30000001192092896,0.3103092908859253,0.3769230758976746,-0.30000001192092896,-0.25161291492092897,-0.28989900192092893,-0.30000001192092896,-0.30000001192092896,-0.30000001192092896,0.8247326319209289,-0.03443984592092897,0.855148912920929,-0.30000001192092896,-0.24708026052523802
1.2999999523162842,0.4517979122170105,-0.30000001192092896,0.3103092908859253,0.5222222208976746,-0.30000001192092896,-0.29193549592092893,-0.28989900192092893,-0.30000001192092896,-0.30000001192092896,-0.30000001192092896,0.4610962689209289,-0.30000001192092896,0.30000001192092896,-0.30000001192092896,-0.299894895525238
1.2999999523162842,0.3312308282170105,-0.30000001192092896,0.3103092908859253,0.33418803289767457,-0.30000001192092896,-0.009677430920928931,0.06363635207907103,-0.30000001192092896,-0.30000001192092896,-0.30000001192092896,0.30000001192092896,-0.30000001192092896,0.30000001192092896,-0.30000001192092896,-0.29983967752523805
1.2999999523162842,0.3003111342170105,-0.30000001192092896,0.5061855798859253,0.5393162378976746,-0.30000001192092896,-0.30000001192092896,-0.30000001192092896,0.699999988079071,-0.30000001192092896,-0.30000001192092896,0.903609637920929,-0.24605810292092894,0.806812255920929,-0.30000001192092896,-0.260258084525238
1.2999999523162842,0.3306216372170105,-0.30000001192092896,0.3103092908859253,0.3256410248976746,-0.30000001192092896,-0.017741946920928953,0.05353534207907107,-0.30000001192092896,-0.30000001192092896,-0.30000001192092896,0.324064182920929,-0.15062241892092895,0.855148912920929,-0.30000001192092896,-0.26056411152523806
1.2999999523162842,0.5426767102170105,-0.30000001192092896,0.3103092908859253,0.3769230758976746,-0.30000001192092896,-0.30000001192092896,-0.30000001192092896,-0.30000001192092896,-0.30000001192092896,-0.30000001192092896,0.30000001192092896,-0.30000001192092896,0.30000001192092896,-0.30000001192092896,-0.299761618525238
1.2999999523162842,0.3024537542170105,-0.30000001192092896,0.3103092908859253,0.2999999988976746,-0.30000001192092896,-0.30000001192092896,-0.30000001192092896,-0.30000001192092896,-0.30000001192092896,-0.30000001192092896,0.30000001192092896,-0.295850633920929,0.944194374920929,-0.30000001192092896,-0.299870945525238
1.2999999523162842,0.4214807452170105,-0.30000001192092896,0.3103092908859253,0.3512820498976746,-0.30000001192092896,-0.22741936692092896,-0.28989900192092893,-0.30000001192092896,-0.30000001192092896,-0.30000001192092896,0.919652417920929,-0.30000001192092896,0.30000001192092896,-0.30000001192092896,-0.251416319525238
1.2999999523162842,0.4820908442170105,-0.30000001192092896,0.3103092908859253,0.5222222208976746,-0.30000001192092896,-0.30000001192092896,-0.30000001192092896,-0.30000001192092896,-0.30000001192092896,-0.30000001192092896,0.30000001192092896,-0.30000001192092896,0.30000001192092896,-0.30000001192092896,-0.29907394252523806
1.2999999523162842,0.5120520692170105,-0.30000001192092896,0.3103092908859253,0.5222222208976746,-0.30000001192092896,-0.30000001192092896,-0.30000001192092896,-0.30000001192092896,-0.30000001192092896,-0.30000001192092896,0.30000001192092896,-0.30000001192092896,0.30000001192092896,-0.30000001192092896,-0.29947111352523803
1.2999999523162842,0.6032625752170104,-0.30000001192092896,0.3103092908859253,0.5222222208976746,-0.30000001192092896,-0.30000001192092896,-0.30000001192092896,-0.30000001192092896,-0.30000001192092896,-0.30000001192092896,0.30000001192092896,-0.30000001192092896,0.30000001192092896,-0.30000001192092896,-0.29990132662523805
1.2999999523162842,0.4817879152170105,-0.30000001192092896,0.3103092908859253,0.5307692298976746,-0.30000001192092896,-0.30000001192092896,-0.30000001192092896,-0.30000001192092896,-0.30000001192092896,-0.30000001192092896,0.30000001192092896,-0.30000001192092896,0.30000001192092896,-0.30000001192092896,-0.299252902525238
1.2999999523162842,0.5120808482170105,-0.30000001192092896,0.3103092908859253,0.5222222208976746,-0.30000001192092896,-0.30000001192092896,-0.30000001192092896,-0.30000001192092896,-0.30000001192092896,-0.30000001192092896,0.30000001192092896,-0.30000001192092896,0.30000001192092896,-0.30000001192092896,-0.299900661325238
1.2999999523162842,0.5735755012170105,-0.30000001192092896,0.3103092908859253,0.5136752128976746,-0.30000001192092896,-0.30000001192092896,-0.30000001192092896,-0.30000001192092896,-0.30000001192092896,-0.30000001192092896,0.30000001192092896,-0.30000001192092896,0.30000001192092896,-0.30000001192092896,-0.299901104925238
1.2999999523162842,0.5738784302170106,-0.30000001192092896,0.3103092908859253,0.5136752128976746,-0.30000001192092896,-0.30000001192092896,-0.30000001192092896,-0.30000001192092896,-0.30000001192092896,-0.30000001192092896,0.30000001192092896,-0.295850633920929,0.748362389920929,-0.30000001192092896,-0.299755630525238
1.2999999523162842,0.4530096292170105,-0.30000001192092896,0.3103092908859253,0.5222222208976746,-0.30000001192092896,-0.30000001192092896,-0.30000001192092896,-0.30000001192092896,-0.30000001192092896,-0.30000001192092896,0.30000001192092896,-0.30000001192092896,0.30000001192092896,-0.30000001192092896,-0.299901104925238
1.2999999523162842,0.5729696422170105,-0.30000001192092896,0.3103092908859253,0.5222222208976746,-0.30000001192092896,-0.30000001192092896,-0.30000001192092896,-0.30000001192092896,-0.30000001192092896,-0.30000001192092896,0.30000001192092896,-0.30000001192092896,0.30000001192092896,-0.30000001192092896,-0.299542741525238
1.2999999523162842,0.5423737802170105,-0.30000001192092896,0.3103092908859253,0.5136752128976746,-0.30000001192092896,-0.30000001192092896,-0.30000001192092896,-0.30000001192092896,-0.30000001192092896,-0.30000001192092896,0.30000001192092896,-0.30000001192092896,0.30000001192092896,-0.30000001192092896,-0.299900217825238
1.2999999523162842,0.3918179052170105,-0.30000001192092896,0.3103092908859253,0.5393162378976746,-0.30000001192092896,-0.30000001192092896,-0.30000001192092896,-0.30000001192092896,-0.30000001192092896,-0.30000001192092896,0.30000001192092896,-0.29170125692092896,0.721907532920929,-0.30000001192092896,-0.298384714525238
1.2999999523162842,0.3012399162170105,-0.30000001192092896,0.3103092908859253,0.3170940158976746,-0.30000001192092896,-0.09032259292092895,-0.03737374892092893,-0.30000001192092896,-0.30000001192092896,-0.30000001192092896,1.099465252920929,-0.10912864292092894,1.077346022920929,-0.30000001192092896,-0.24648483652523803
1.2999999523162842,0.4539184172170105,-0.30000001192092896,0.3103092908859253,0.5222222208976746,-0.30000001192092896,-0.30000001192092896,-0.30000001192092896,-0.30000001192092896,-0.30000001192092896,-0.30000001192092896,0.30000001192092896,-0.30000001192092896,0.30000001192092896,-0.30000001192092896,-0.299003866525238
1.2999999523162842,1.1179395012170104,-0.30000001192092896,0.3103092908859253,0.3769230758976746,-0.30000001192092896,-0.30000001192092896,-0.30000001192092896,-0.30000001192092896,-0.30000001192092896,-0.30000001192092896,0.30000001192092896,-0.30000001192092896,0.30000001192092896,-0.30000001192092896,-0.29990465302523805
1.2999999523162842,0.3921208342170105,-0.30000001192092896,0.3103092908859253,0.3256410248976746,-0.30000001192092896,-0.26774194692092895,-0.259595971920929,-0.30000001192092896,-0.30000001192092896,-0.30000001192092896,0.30000001192092896,-0.30000001192092896,0.30000001192092896,-0.30000001192092896,-0.29985431352523806
1.2999999523162842,0.5432825682170105,-0.30000001192092896,0.3103092908859253,0.5222222208976746,-0.30000001192092896,-0.30000001192092896,-0.30000001192092896,-0.30000001192092896,-0.30000001192092896,-0.30000001192092896,0.30000001192092896,-0.30000001192092896,0.30000001192092896,-0.30000001192092896,-0.29990043962523805
1.2999999523162842,0.4542213462170105,-0.30000001192092896,0.3103092908859253,0.5222222208976746,-0.30000001192092896,-0.30000001192092896,-0.30000001192092896,-0.30000001192092896,-0.30000001192092896,-0.30000001192092896,0.30000001192092896,-0.29170125692092896,0.8542434229209289,-0.30000001192092896,-0.29928882752523805
1.2999999523162842,0.3033331572170105,-0.30000001192092896,0.3103092908859253,0.3170940158976746,-0.30000001192092896,-0.05806452792092895,0.0030302910790710458,-0.30000001192092896,-0.30000001192092896,-0.30000001192092896,0.30000001192092896,-0.30000001192092896,0.30000001192092896,-0.30000001192092896,-0.29984012152523803
1.2999999523162842,0.3318263872170105,-0.30000001192092896,0.3103092908859253,0.3683760668976746,-0.30000001192092896,-0.15483872192092896,-0.28989900192092893,-0.30000001192092896,-0.30000001192092896,-0.30000001192092896,1.045320867920929,-0.30000001192092896,0.30000001192092896,-0.30000001192092896,-0.299841229525238
1.2999999523162842,0.3921208342170105,-0.30000001192092896,0.3103092908859253,0.5051282038976745,-0.30000001192092896,-0.30000001192092896,-0.30000001192092896,-0.30000001192092896,-0.30000001192092896,-0.30000001192092896,0.30000001192092896,-0.283402501920929,1.077346022920929,-0.30000001192092896,-0.29932253452523805
1.2999999523162842,0.4833025622170105,-0.30000001192092896,0.3103092908859253,0.5136752128976746,-0.30000001192092896,-0.30000001192092896,-0.30000001192092896,-0.30000001192092896,-0.30000001192092896,-0.30000001192092896,0.30000001192092896,-0.30000001192092896,0.30000001192092896,-0.30000001192092896,-0.299507260525238
1.2999999523162842,0.3612187112170105,-0.30000001192092896,0.4546391878859253,0.5393162378976746,-0.30000001192092896,-0.30000001192092896,-0.30000001192092896,-0.30000001192092896,-0.30000001192092896,-0.30000001192092896,0.30000001192092896,-0.24605810292092894,0.979299344920929,-0.30000001192092896,-0.29326296252523804
1.2999999523162842,0.3918179052170105,-0.30000001192092896,0.3103092908859253,0.5222222208976746,-0.30000001192092896,-0.30000001192092896,-0.30000001192092896,-0.30000001192092896,-0.30000001192092896,-0.30000001192092896,0.30000001192092896,-0.30000001192092896,0.30000001192092896,-0.30000001192092896,-0.29922052552523803
1.2999999523162842,0.3318094232170105,-0.30000001192092896,0.3103092908859253,0.34273504189767456,-0.30000001192092896,-0.13064517292092895,-0.08787879992092895,-0.30000001192092896,-0.30000001192092896,-0.30000001192092896,0.33676471792092894,-0.07178424392092894,1.124763670920929,-0.30000001192092896,-0.257113537525238
1.2999999523162842,0.3915043732170105,-0.30000001192092896,0.3103092908859253,0.34273504189767456,-0.30000001192092896,-0.29193549592092893,-0.28989900192092893,-0.30000001192092896,-0.30000001192092896,-0.30000001192092896,0.4610962689209289,0.699999988079071,0.9204494499209289,-0.30000001192092896,-0.25591426352523805
1.2999999523162842,0.4817879152170105,-0.30000001192092896,0.3103092908859253,0.5222222208976746,-0.30000001192092896,-0.30000001192092896,-0.30000001192092896,-0.30000001192092896,-0.30000001192092896,-0.30000001192092896,0.30000001192092896,-0.29170125692092896,1.0829122709209291,-0.30000001192092896,-0.29871336252523806
1.2999999523162842,0.3000151727170105,-0.30000001192092896,0.3103092908859253,0.2999999988976746,-0.30000001192092896,-0.06612904392092894,-0.007070718920928976,-0.30000001192092896,-0.30000001192092896,-0.30000001192092896,0.32807487792092893,-0.12572615292092895,0.9899074149209289,-0.30000001192092896,-0.25968062252523805
1.2999999523162842,0.3915149762170105,-0.30000001192092896,0.3103092908859253,0.4025641018976746,-0.30000001192092896,-0.29193549592092893,-0.28989900192092893,-0.30000001192092896,-0.30000001192092896,-0.30000001192092896,0.4610962689209289,0.11908712507907104,1.0424097209209289,-0.30000001192092896,-0.25710577552523806
1.2999999523162842,0.33244375721701047,-0.30000001192092896,0.3103092908859253,0.3598290588976746,-0.30000001192092896,-0.23548388292092895,-0.28989900192092893,-0.30000001192092896,-0.30000001192092896,-0.30000001192092896,0.893582899920929,-0.05103735592092895,0.7584912959209289,-0.30000001192092896,-0.25748454052523806
1.2999999523162842,0.4530096292170105,-0.30000001192092896,0.3103092908859253,0.5222222208976746,-0.30000001192092896,-0.30000001192092896,-0.30000001192092896,-0.30000001192092896,-0.30000001192092896,-0.30000001192092896,0.30000001192092896,-0.30000001192092896,0.30000001192092896,-0.30000001192092896,-0.299002314525238
1.2999999523162842,0.3006270902170105,-0.30000001192092896,0.3103092908859253,0.3512820498976746,-0.30000001192092896,-0.14677420592092896,-0.10808081992092897,-0.30000001192092896,-0.30000001192092896,-0.30000001192092896,0.30000001192092896,-0.30000001192092896,0.30000001192092896,-0.30000001192092896,-0.29983967752523805
0.2999999523162842,0.30090911721701047,-0.005385091920928953,0.3000000128859253,0.3256410248976746,0.699999988079071,-0.30000001192092896,-0.30000001192092896,0.699999988079071,0.255555544079071,-0.23775934792092895,0.30000001192092896,-0.30000001192092896,0.30000001192092896,-0.10000001192092894,-0.29929392752523803
1.2999999523162842,0.36301477921701053,-0.30000001192092896,0.3103092908859253,0.33418803289767457,-0.30000001192092896,-0.26774194692092895,-0.28989900192092893,-0.30000001192092896,-0.30000001192092896,-0.30000001192092896,0.7278074989209289,-0.30000001192092896,0.30000001192092896,-0.30000001192092896,-0.299846330525238
1.2999999523162842,0.3618215402170105,-0.30000001192092896,0.4546391878859253,0.5393162378976746,-0.30000001192092896,-0.30000001192092896,-0.30000001192092896,-0.30000001192092896,-0.30000001192092896,-0.30000001192092896,0.43703209792092895,-0.24605810292092894,0.905518600920929,-0.30000001192092896,-0.277843817525238
1.2999999523162842,0.3608936682170105,-0.30000001192092896,0.48556702288592535,0.5393162378976746,-0.30000001192092896,-0.30000001192092896,-0.30000001192092896,-0.30000001192092896,-0.30000001192092896,-0.30000001192092896,0.30000001192092896,-0.24605810292092894,0.572031290920929,-0.30000001192092896,-0.29459773152523805
1.2999999523162842,0.3915149762170105,-0.30000001192092896,0.3103092908859253,0.3683760668976746,-0.30000001192092896,-0.27580646392092895,-0.28989900192092893,-0.30000001192092896,-0.30000001192092896,-0.30000001192092896,0.6629679259209289,0.05684646107907104,0.973676295920929,-0.30000001192092896,-0.259868231525238
1.2999999523162842,0.5120560072170105,-0.30000001192092896,0.3103092908859253,0.5222222208976746,-0.30000001192092896,-0.30000001192092896,-0.30000001192092896,-0.30000001192092896,-0.30000001192092896,-0.30000001192092896,0.30000001192092896,-0.30000001192092896,0.30000001192092896,-0.30000001192092896,-0.29990088312523805
1.2999999523162842,0.5735755012170105,-0.30000001192092896,0.3103092908859253,0.5222222208976746,-0.30000001192092896,-0.30000001192092896,-0.30000001192092896,-0.30000001192092896,-0.30000001192092896,-0.30000001192092896,0.30000001192092896,-0.30000001192092896,0.30000001192092896,-0.30000001192092896,-0.29961437052523804
0.2999999523162842,0.3042631502170105,-0.25504727792092896,0.3000000128859253,0.3256410248976746,0.699999988079071,-0.30000001192092896,-0.30000001192092896,0.699999988079071,-0.12828283992092895,-0.23775934792092895,0.30000001192092896,-0.30000001192092896,0.30000001192092896,-0.16666667892092896,-0.299305681525238
1.2999999523162842,0.6029596462170105,-0.30000001192092896,0.3103092908859253,0.5136752128976746,-0.30000001192092896,-0.30000001192092896,-0.30000001192092896,-0.30000001192092896,-0.30000001192092896,-0.30000001192092896,0.30000001192092896,-0.295850633920929,0.927516626920929,-0.30000001192092896,-0.299507260525238
1.2999999523162842,0.3315222462170105,-0.30000001192092896,0.3103092908859253,0.3769230758976746,-0.30000001192092896,-0.23548388292092895,-0.28989900192092893,-0.30000001192092896,-0.30000001192092896,-0.30000001192092896,0.893582899920929,-0.04273860092092896,0.9322603329209289,-0.30000001192092896,-0.25114555152523804
1.2999999523162842,0.5423737802170105,-0.30000001192092896,0.3103092908859253,0.5136752128976746,-0.30000001192092896,-0.30000001192092896,-0.30000001192092896,-0.30000001192092896,-0.30000001192092896,-0.30000001192092896,0.30000001192092896,-0.30000001192092896,0.30000001192092896,-0.30000001192092896,-0.299901104925238
1.2999999523162842,0.36088912421701047,-0.30000001192092896,0.3103092908859253,0.3940170928976746,-0.30000001192092896,-0.29193549592092893,-0.28989900192092893,-0.30000001192092896,-0.30000001192092896,-0.30000001192092896,0.460427818920929,-0.30000001192092896,0.30000001192092896,-0.30000001192092896,-0.25364699652523803
1.2999999523162842,0.3324134642170105,-0.30000001192092896,0.3103092908859253,0.2999999988976746,-0.30000001192092896,-0.30000001192092896,-0.30000001192092896,-0.30000001192092896,-0.30000001192092896,-0.30000001192092896,0.30066846092092897,-0.30000001192092896,0.30000001192092896,-0.30000001192092896,-0.299870723525238
1.2999999523162842,0.3921208342170105,-0.30000001192092896,0.3103092908859253,0.34273504189767456,-0.30000001192092896,-0.26774194692092895,-0.259595971920929,-0.30000001192092896,-0.30000001192092896,-0.30000001192092896,0.30000001192092896,-0.30000001192092896,0.30000001192092896,-0.30000001192092896,-0.29986185352523803
1.2999999523162842,0.4233155872170105,-0.30000001192092896,0.3103092908859253,0.5307692298976746,-0.30000001192092896,-0.30000001192092896,-0.30000001192092896,-0.30000001192092896,-0.30000001192092896,-0.30000001192092896,0.30000001192092896,-0.295850633920929,0.7509791739209289,-0.30000001192092896,-0.29723755452523803
1.2999999523162842,0.5726667132170105,-0.30000001192092896,0.3103092908859253,0.4880341868976746,-0.30000001192092896,-0.30000001192092896,-0.30000001192092896,-0.30000001192092896,-0.30000001192092896,-0.30000001192092896,0.30000001192092896,-0.30000001192092896,0.30000001192092896,-0.30000001192092896,-0.29954074652523804
1.2999999523162842,0.4820908442170105,-0.30000001192092896,0.3103092908859253,0.3769230758976746,-0.30000001192092896,-0.30000001192092896,-0.30000001192092896,-0.30000001192092896,-0.30000001192092896,-0.30000001192092896,0.30000001192092896,-0.30000001192092896,0.30000001192092896,-0.30000001192092896,-0.29990487482523803
1.2999999523162842,0.45149498221701045,-0.30000001192092896,0.3103092908859253,0.5136752128976746,-0.30000001192092896,-0.30000001192092896,-0.30000001192092896,-0.30000001192092896,-0.30000001192092896,-0.30000001192092896,0.30000001192092896,-0.30000001192092896,0.30000001192092896,-0.30000001192092896,-0.29889476152523803
1.2999999523162842,0.4517979122170105,-0.30000001192092896,0.3103092908859253,0.5136752128976746,-0.30000001192092896,-0.30000001192092896,-0.30000001192092896,-0.30000001192092896,-0.30000001192092896,-0.30000001192092896,0.30000001192092896,-0.30000001192092896,0.30000001192092896,-0.30000001192092896,-0.299896669525238
1.2999999523162842,0.3024492102170105,-0.30000001192092896,0.3103092908859253,0.3256410248976746,-0.30000001192092896,-0.03387097992092897,-0.28989900192092893,-0.30000001192092896,-0.30000001192092896,-0.30000001192092896,1.138235305920929,-0.21286308292092895,0.855148912920929,-0.30000001192092896,-0.24904837352523804
1.2999999523162842,0.3306261812170105,-0.30000001192092896,0.3103092908859253,0.3598290588976746,-0.30000001192092896,-0.30000001192092896,-0.30000001192092896,-0.30000001192092896,-0.30000001192092896,-0.30000001192092896,0.30000001192092896,-0.2875518789209289,0.913875549920929,-0.30000001192092896,-0.29607997052523805
1.2999999523162842,0.4517979122170105,-0.30000001192092896,0.3103092908859253,0.5222222208976746,-0.30000001192092896,-0.30000001192092896,-0.30000001192092896,-0.30000001192092896,-0.30000001192092896,-0.30000001192092896,0.30000001192092896,-0.30000001192092896,0.30000001192092896,-0.30000001192092896,-0.29939992852523806
1.2999999523162842,0.5735755012170105,-0.30000001192092896,0.3103092908859253,0.5307692298976746,-0.30000001192092896,-0.30000001192092896,-0.30000001192092896,-0.30000001192092896,-0.30000001192092896,-0.30000001192092896,0.30000001192092896,-0.30000001192092896,0.30000001192092896,-0.30000001192092896,-0.299900661325238
1.2999999523162842,0.4520711542170105,-0.30000001192092896,0.3103092908859253,0.5136752128976746,-0.30000001192092896,-0.30000001192092896,-0.30000001192092896,-0.30000001192092896,-0.30000001192092896,-0.30000001192092896,0.30000001192092896,-0.2875518789209289,0.831649561920929,-0.30000001192092896,-0.29932253452523805
1.2999999523162842,0.3321408282170105,-0.30000001192092896,0.3103092908859253,0.3683760668976746,-0.30000001192092896,-0.27580646392092895,-0.28989900192092893,-0.30000001192092896,-0.30000001192092896,-0.30000001192092896,0.6629679259209289,0.11493774707907106,1.018495879920929,-0.30000001192092896,-0.24739604552523803
1.2999999523162842,0.33181457321701047,-0.30000001192092896,0.3103092908859253,0.3683760668976746,-0.30000001192092896,-0.25161291492092897,-0.28989900192092893,-0.30000001192092896,-0.30000001192092896,-0.30000001192092896,0.825401081920929,-0.03443984592092897,0.8631749139209289,-0.30000001192092896,-0.24874611552523804
1.2999999523162842,0.5432825682170105,-0.30000001192092896,0.3103092908859253,0.5222222208976746,-0.30000001192092896,-0.30000001192092896,-0.30000001192092896,-0.30000001192092896,-0.30000001192092896,-0.30000001192092896,0.30000001192092896,-0.30000001192092896,0.30000001192092896,-0.30000001192092896,-0.299900661325238
1.2999999523162842,0.3921208342170105,-0.30000001192092896,0.3103092908859253,0.5136752128976746,-0.30000001192092896,-0.30000001192092896,-0.30000001192092896,-0.30000001192092896,-0.30000001192092896,-0.30000001192092896,0.30000001192092896,-0.30000001192092896,0.30000001192092896,-0.30000001192092896,-0.299184157525238
1.2999999523162842,0.3342355842170105,-0.30000001192092896,0.3103092908859253,0.33418803289767457,-0.30000001192092896,-0.12258065692092895,-0.28989900192092893,-0.30000001192092896,-0.30000001192092896,-0.30000001192092896,1.0794117769209288,-0.17136930692092894,0.9253503849209289,-0.30000001192092896,-0.255489150525238
1.2999999523162842,0.3627366902170105,-0.30000001192092896,0.3103092908859253,0.3683760668976746,-0.30000001192092896,-0.22741936692092896,-0.28989900192092893,-0.30000001192092896,-0.30000001192092896,-0.30000001192092896,0.919652417920929,-0.30000001192092896,0.30000001192092896,-0.30000001192092896,-0.299855865525238
1.2999999523162842,0.3021487042170105,-0.30000001192092896,0.3103092908859253,0.38547008389767456,-0.30000001192092896,-0.23548388292092895,-0.21919193092092895,-0.30000001192092896,-0.30000001192092896,-0.30000001192092896,0.30000001192092896,-0.30000001192092896,0.30000001192092896,-0.30000001192092896,-0.29984034252523806
1.2999999523162842,0.3303232522170105,-0.30000001192092896,0.3103092908859253,0.3683760668976746,-0.30000001192092896,-0.30000001192092896,-0.30000001192092896,-0.30000001192092896,-0.30000001192092896,-0.30000001192092896,0.30000001192092896,-0.30000001192092896,0.30000001192092896,-0.30000001192092896,-0.29849869952523805
1.2999999523162842,0.5741813592170105,-0.30000001192092896,0.3103092908859253,0.5222222208976746,-0.30000001192092896,-0.30000001192092896,-0.30000001192092896,-0.30000001192092896,-0.30000001192092896,-0.30000001192092896,0.30000001192092896,-0.30000001192092896,0.30000001192092896,-0.30000001192092896,-0.29990088312523805
1.2999999523162842,0.3048608302170105,-0.30000001192092896,0.3103092908859253,0.3170940158976746,-0.30000001192092896,-0.15483872192092896,-0.28989900192092893,-0.30000001192092896,-0.30000001192092896,-0.30000001192092896,1.0459893169209291,-0.30000001192092896,0.30000001192092896,-0.30000001192092896,-0.29983989952523804
1.2999999523162842,0.3339390162170105,-0.30000001192092896,0.3103092908859253,0.34273504189767456,-0.30000001192092896,-0.17096775392092894,-0.13838384992092895,-0.30000001192092896,-0.30000001192092896,-0.30000001192092896,0.30000001192092896,-0.30000001192092896,0.30000001192092896,-0.30000001192092896,-0.29984056452523805
1.2999999523162842,0.4820908442170105,-0.30000001192092896,0.3103092908859253,0.5136752128976746,-0.30000001192092896,-0.30000001192092896,-0.30000001192092896,-0.30000001192092896,-0.30000001192092896,-0.30000001192092896,0.30000001192092896,-0.30000001192092896,0.30000001192092896,-0.30000001192092896,-0.299899996525238
1.2999999523162842,0.5726667132170105,-0.30000001192092896,0.3103092908859253,0.5222222208976746,-0.30000001192092896,-0.30000001192092896,-0.30000001192092896,-0.30000001192092896,-0.30000001192092896,-0.30000001192092896,0.30000001192092896,-0.2875518789209289,0.6983733689209289,-0.30000001192092896,-0.299328300525238
1.2999999523162842,0.4524037702170105,-0.30000001192092896,0.3103092908859253,0.5222222208976746,-0.30000001192092896,-0.30000001192092896,-0.30000001192092896,-0.30000001192092896,-0.30000001192092896,-0.30000001192092896,0.30000001192092896,-0.30000001192092896,0.30000001192092896,-0.30000001192092896,-0.299507038525238
1.2999999523162842,0.3927266932170105,-0.30000001192092896,0.3103092908859253,0.5222222208976746,-0.30000001192092896,-0.30000001192092896,-0.30000001192092896,-0.30000001192092896,-0.30000001192092896,-0.30000001192092896,0.30000001192092896,-0.30000001192092896,0.30000001192092896,-0.30000001192092896,-0.29957822352523805
1.2999999523162842,0.4239284142170105,-0.30000001192092896,0.3103092908859253,0.33418803289767457,-0.30000001192092896,-0.20322581792092898,-0.17878789092092895,-0.30000001192092896,-0.30000001192092896,-0.30000001192092896,0.30000001192092896,-0.30000001192092896,0.30000001192092896,-0.30000001192092896,-0.29985209652523803
1.2999999523162842,0.3036512332170105,-0.30000001192092896,0.3103092908859253,0.34273504189767456,-0.30000001192092896,-0.18709678592092896,-0.15858587092092896,-0.30000001192092896,-0.30000001192092896,-0.30000001192092896,0.30000001192092896,-0.30000001192092896,0.30000001192092896,-0.30000001192092896,-0.28376013352523805
1.2999999523162842,0.3315316372170105,-0.30000001192092896,0.4752577448859253,0.5307692298976746,-0.30000001192092896,-0.30000001192092896,-0.30000001192092896,-0.30000001192092896,-0.30000001192092896,-0.30000001192092896,0.30000001192092896,-0.24605810292092894,0.979299344920929,-0.30000001192092896,-0.27496915152523804
0.2999999523162842,0.3054782002170105,-0.21005921492092894,0.3000000128859253,0.3256410248976746,0.699999988079071,-0.30000001192092896,-0.30000001192092896,0.699999988079071,-0.259595971920929,-0.12157677492092894,0.30000001192092896,-0.30000001192092896,0.30000001192092896,-0.10000001192092894,-0.298321069525238
1.2999999523162842,0.5120808482170105,-0.30000001192092896,0.3103092908859253,0.5136752128976746,-0.30000001192092896,-0.30000001192092896,-0.30000001192092896,-0.30000001192092896,-0.30000001192092896,-0.30000001192092896,0.30000001192092896,-0.30000001192092896,0.30000001192092896,-0.30000001192092896,-0.29990088312523805
1.2999999523162842,0.3321326482170105,-0.30000001192092896,0.3103092908859253,0.3512820498976746,-0.30000001192092896,-0.10645162492092897,-0.28989900192092893,-0.30000001192092896,-0.30000001192092896,-0.30000001192092896,1.086096268920929,-0.30000001192092896,0.30000001192092896,-0.30000001192092896,-0.299845221525238
1.2999999523162842,0.4817624692170105,-0.30000001192092896,0.44432990988592536,0.5393162378976746,-0.30000001192092896,-0.30000001192092896,-0.30000001192092896,-0.30000001192092896,-0.30000001192092896,-0.30000001192092896,0.30000001192092896,-0.24605810292092894,0.572031290920929,-0.30000001192092896,-0.295178740525238
1.2999999523162842,0.3036439632170105,-0.30000001192092896,0.3103092908859253,0.3683760668976746,-0.30000001192092896,-0.17096775392092894,-0.13838384992092895,-0.30000001192092896,-0.30000001192092896,-0.30000001192092896,0.30000001192092896,-0.30000001192092896,0.30000001192092896,-0.30000001192092896,-0.26094110252523806
1.2999999523162842,0.42150497921701047,-0.30000001192092896,0.3103092908859253,0.5136752128976746,-0.30000001192092896,-0.30000001192092896,-0.30000001192092896,-0.30000001192092896,-0.30000001192092896,-0.30000001192092896,0.30000001192092896,-0.295850633920929,0.860955634920929,-0.30000001192092896,-0.29888500352523806
1.2999999523162842,0.3021344662170105,-0.30000001192092896,0.3103092908859253,0.3598290588976746,-0.30000001192092896,-0.050000011920928955,0.013131301079071067,-0.30000001192092896,-0.30000001192092896,-0.30000001192092896,0.30000001192092896,-0.30000001192092896,0.30000001192092896,-0.30000001192092896,-0.29983790352523804
1.2999999523162842,0.4521008412170105,-0.30000001192092896,0.3103092908859253,0.5222222208976746,-0.30000001192092896,-0.30000001192092896,-0.30000001192092896,-0.30000001192092896,-0.30000001192092896,-0.30000001192092896,0.30000001192092896,-0.295850633920929,0.695747523920929,-0.30000001192092896,-0.299000318525238
1.2999999523162842,0.33089972621701047,-0.30000001192092896,0.3103092908859253,0.3512820498976746,-0.30000001192092896,-0.22741936692092896,-0.28989900192092893,-0.30000001192092896,-0.30000001192092896,-0.30000001192092896,0.919652417920929,-0.11327801992092895,1.131897453920929,-0.30000001192092896,-0.24757544852523802
1.2999999523162842,0.3621308312170105,-0.30000001192092896,0.3103092908859253,0.3256410248976746,-0.30000001192092896,-0.16290323792092895,-0.28989900192092893,-0.30000001192092896,-0.30000001192092896,-0.30000001192092896,1.038636375920929,-0.30000001192092896,0.30000001192092896,-0.30000001192092896,-0.29985564452523805
1.2999999523162842,0.3609191142170105,-0.30000001192092896,0.3103092908859253,0.38547008389767456,-0.30000001192092896,-0.29193549592092893,-0.28989900192092893,-0.30000001192092896,-0.30000001192092896,-0.30000001192092896,0.4610962689209289,0.14813276807907105,0.920659170920929,-0.30000001192092896,-0.25513100952523804
1.2999999523162842,0.3608915472170105,-0.30000001192092896,0.4340206318859253,0.4709401698976746,-0.30000001192092896,-0.30000001192092896,-0.30000001192092896,-0.30000001192092896,-0.30000001192092896,-0.30000001192092896,0.30000001192092896,-0.24605810292092894,1.088932179920929,-0.30000001192092896,-0.29513261452523804
1.2999999523162842,0.5123534842170105,-0.30000001192092896,0.3103092908859253,0.5307692298976746,-0.30000001192092896,-0.30000001192092896,-0.30000001192092896,-0.30000001192092896,-0.30000001192092896,-0.30000001192092896,0.30000001192092896,-0.30000001192092896,0.30000001192092896,-0.30000001192092896,-0.299900661325238
1.2999999523162842,0.3606004322170105,-0.30000001192092896,0.4546391878859253,0.4111111098976746,-0.30000001192092896,-0.30000001192092896,-0.30000001192092896,-0.30000001192092896,-0.30000001192092896,-0.30000001192092896,0.30000001192092896,-0.24605810292092894,1.007567409920929,-0.30000001192092896,-0.27638286752523805
1.2999999523162842,0.3045609302170105,-0.30000001192092896,0.3103092908859253,0.3170940158976746,-0.30000001192092896,-0.07419355992092896,-0.28989900192092893,-0.30000001192092896,-0.30000001192092896,-0.30000001192092896,1.104812845920929,-0.30000001192092896,0.30000001192092896,-0.30000001192092896,-0.29983945552523805
1.2999999523162842,0.3057750712170105,-0.30000001192092896,0.3103092908859253,0.3256410248976746,-0.30000001192092896,-0.12258065692092895,-0.07777778992092896,-0.30000001192092896,-0.30000001192092896,-0.30000001192092896,0.30000001192092896,-0.30000001192092896,0.30000001192092896,-0.30000001192092896,-0.29983923452523803
1.2999999523162842,0.3015246692170105,-0.30000001192092896,0.3103092908859253,0.3683760668976746,-0.30000001192092896,-0.25967743092092893,-0.28989900192092893,-0.30000001192092896,-0.30000001192092896,-0.30000001192092896,0.780614984920929,0.002904552079071032,1.104964719920929,-0.30000001192092896,-0.24628303552523803
1.2999999523162842,0.9058889722170105,-0.30000001192092896,0.3103092908859253,0.3769230758976746,-0.30000001192092896,-0.30000001192092896,-0.30000001192092896,-0.30000001192092896,-0.30000001192092896,-0.30000001192092896,0.30000001192092896,-0.295850633920929,0.8365443559209289,-0.30000001192092896,-0.29972369752523803
1.2999999523162842,0.42150497921701047,-0.30000001192092896,0.3103092908859253,0.5136752128976746,-0.30000001192092896,-0.30000001192092896,-0.30000001192092896,-0.30000001192092896,-0.30000001192092896,-0.30000001192092896,0.30000001192092896,-0.295850633920929,1.124763670920929,-0.30000001192092896,-0.299870723525238
1.2999999523162842,0.36060527921701047,-0.30000001192092896,0.3103092908859253,0.3683760668976746,-0.30000001192092896,-0.21129033492092897,-0.28989900192092893,-0.30000001192092896,-0.30000001192092896,-0.30000001192092896,0.906951883920929,-0.30000001192092896,0.30000001192092896,-0.30000001192092896,-0.29986052252523804
1.2999999523162842,0.4233225552170105,-0.30000001192092896,0.3103092908859253,0.5051282038976745,-0.30000001192092896,-0.30000001192092896,-0.30000001192092896,-0.30000001192092896,-0.30000001192092896,-0.30000001192092896,0.30000001192092896,-0.283402501920929,1.0829122709209291,-0.30000001192092896,-0.29881980652523804
1.2999999523162842,0.3618279022170105,-0.30000001192092896,0.3103092908859253,0.4794871778976746,-0.30000001192092896,-0.30000001192092896,-0.30000001192092896,-0.30000001192092896,-0.30000001192092896,-0.30000001192092896,0.30000001192092896,-0.30000001192092896,0.30000001192092896,-0.30000001192092896,-0.284725008525238
1.2999999523162842,0.39242376421701053,-0.30000001192092896,0.3103092908859253,0.33418803289767457,-0.30000001192092896,-0.27580646392092895,-0.26969698192092895,-0.30000001192092896,-0.30000001192092896,-0.30000001192092896,0.30000001192092896,-0.30000001192092896,0.30000001192092896,-0.30000001192092896,-0.299855865525238
1.2999999523162842,0.3015173992170105,-0.30000001192092896,0.3103092908859253,0.33418803289767457,-0.30000001192092896,0.0064516010790710565,-0.28989900192092893,-0.30000001192092896,-0.30000001192092896,-0.30000001192092896,1.138235305920929,-0.30000001192092896,0.30000001192092896,-0.30000001192092896,-0.29983967752523805
1.2999999523162842,0.4239284142170105,-0.30000001192092896,0.3103092908859253,0.5222222208976746,-0.30000001192092896,-0.30000001192092896,-0.30000001192092896,-0.30000001192092896,-0.30000001192092896,-0.30000001192092896,0.30000001192092896,-0.295850633920929,0.6983733689209289,-0.30000001192092896,-0.298966389525238
1.2999999523162842,0.6029596462170105,-0.30000001192092896,0.3103092908859253,0.5136752128976746,-0.30000001192092896,-0.30000001192092896,-0.30000001192092896,-0.30000001192092896,-0.30000001192092896,-0.30000001192092896,0.30000001192092896,-0.30000001192092896,0.30000001192092896,-0.30000001192092896,-0.299507260525238
1.2999999523162842,0.3033364902170105,-0.30000001192092896,0.3103092908859253,0.33418803289767457,-0.30000001192092896,0.224193536079071,-0.28989900192092893,-0.30000001192092896,-0.30000001192092896,-0.30000001192092896,1.168983968920929,-0.27095436892092895,0.6983733689209289,-0.30000001192092896,-0.255465200525238
1.2999999523162842,0.3027400222170105,-0.30000001192092896,0.3103092908859253,0.33418803289767457,-0.30000001192092896,-0.07419355992092896,-0.28989900192092893,-0.30000001192092896,-0.30000001192092896,-0.30000001192092896,1.104812845920929,-0.30000001192092896,0.30000001192092896,-0.30000001192092896,-0.25208093252523806
1.2999999523162842,0.4530096292170105,-0.30000001192092896,0.3103092908859253,0.5222222208976746,-0.30000001192092896,-0.30000001192092896,-0.30000001192092896,-0.30000001192092896,-0.30000001192092896,-0.30000001192092896,0.30000001192092896,-0.2875518789209289,0.981370357920929,-0.30000001192092896,-0.299178834525238
1.2999999523162842,0.4539184172170105,-0.30000001192092896,0.3103092908859253,0.5222222208976746,-0.30000001192092896,-0.30000001192092896,-0.30000001192092896,-0.30000001192092896,-0.30000001192092896,-0.30000001192092896,0.30000001192092896,-0.30000001192092896,0.30000001192092896,-0.30000001192092896,-0.299145349525238
1.2999999523162842,0.3612220432170105,-0.30000001192092896,0.3103092908859253,0.3256410248976746,-0.30000001192092896,-0.10645162492092897,-0.05757576992092894,-0.30000001192092896,-0.30000001192092896,-0.30000001192092896,0.30000001192092896,-0.30000001192092896,0.30000001192092896,-0.30000001192092896,-0.29985431352523806
1.2999999523162842,0.3342464892170105,-0.30000001192092896,0.3103092908859253,0.34273504189767456,-0.30000001192092896,-0.22741936692092896,-0.20909092092092896,-0.30000001192092896,-0.30000001192092896,-0.30000001192092896,0.30000001192092896,-0.30000001192092896,0.30000001192092896,-0.30000001192092896,-0.29984366952523805
1.2999999523162842,0.3612220432170105,-0.30000001192092896,0.3103092908859253,0.44529914389767455,-0.30000001192092896,-0.29193549592092893,-0.28989900192092893,-0.30000001192092896,-0.30000001192092896,-0.30000001192092896,0.4610962689209289,0.16058090107907103,0.7939963459209289,-0.30000001192092896,-0.27279502352523805
1.2999999523162842,0.4517812502170105,-0.30000001192092896,0.3103092908859253,0.5051282038976745,-0.30000001192092896,-0.30000001192092896,-0.30000001192092896,-0.30000001192092896,-0.30000001192092896,-0.30000001192092896,0.30000001192092896,-0.30000001192092896,0.30000001192092896,-0.30000001192092896,-0.29981173552523804
1.2999999523162842,0.4226994292170105,-0.30000001192092896,0.3103092908859253,0.34273504189767456,-0.30000001192092896,-0.30000001192092896,-0.30000001192092896,-0.30000001192092896,-0.30000001192092896,-0.30000001192092896,0.30000001192092896,-0.30000001192092896,0.30000001192092896,-0.30000001192092896,-0.299870723525238
1.2999999523162842,0.3908851852170105,-0.30000001192092896,0.3103092908859253,0.5136752128976746,-0.30000001192092896,-0.30000001192092896,-0.30000001192092896,-0.30000001192092896,-0.30000001192092896,-0.30000001192092896,0.30000001192092896,-0.30000001192092896,0.30000001192092896,-0.30000001192092896,-0.29478068252523804
1.2999999523162842,0.4533125582170105,-0.30000001192092896,0.3103092908859253,0.5222222208976746,-0.30000001192092896,-0.30000001192092896,-0.30000001192092896,-0.30000001192092896,-0.30000001192092896,-0.30000001192092896,0.30000001192092896,-0.30000001192092896,0.30000001192092896,-0.30000001192092896,-0.299074607525238
1.2999999523162842,0.4212020502170105,-0.30000001192092896,0.3103092908859253,0.5307692298976746,-0.30000001192092896,-0.30000001192092896,-0.30000001192092896,-0.30000001192092896,-0.30000001192092896,-0.30000001192092896,0.30000001192092896,-0.30000001192092896,0.30000001192092896,-0.30000001192092896,-0.29972236652523804
1.2999999523162842,0.3042586062170105,-0.30000001192092896,0.3103092908859253,0.3170940158976746,-0.30000001192092896,-0.07419355992092896,-0.28989900192092893,-0.30000001192092896,-0.30000001192092896,-0.30000001192092896,1.104812845920929,-0.30000001192092896,0.30000001192092896,-0.30000001192092896,-0.29984056452523805
1.2999999523162842,0.3045575982170105,-0.30000001192092896,0.3103092908859253,0.34273504189767456,-0.30000001192092896,-0.13064517292092895,-0.08787879992092895,-0.30000001192092896,-0.30000001192092896,-0.30000001192092896,0.33676471792092894,-0.07178424392092894,0.766397456920929,-0.30000001192092896,-0.21837196852523805
1.2999999523162842,0.3015195202170105,-0.30000001192092896,0.3103092908859253,0.3683760668976746,-0.30000001192092896,-0.22741936692092896,-0.20909092092092896,-0.30000001192092896,-0.30000001192092896,-0.30000001192092896,0.30000001192092896,-0.30000001192092896,0.30000001192092896,-0.30000001192092896,-0.29984100852523804
0.2999999523162842,0.3302953822170105,-0.20172458392092896,0.3000000128859253,0.3512820498976746,0.699999988079071,-0.30000001192092896,-0.30000001192092896,0.699999988079071,-0.22929294092092894,0.16058090107907103,0.30000001192092896,-0.30000001192092896,0.30000001192092896,-0.10000001192092894,-0.29588016552523805
1.2999999523162842,0.45149498221701045,-0.30000001192092896,0.3103092908859253,0.5222222208976746,-0.30000001192092896,-0.30000001192092896,-0.30000001192092896,-0.30000001192092896,-0.30000001192092896,-0.30000001192092896,0.30000001192092896,-0.2875518789209289,0.990216424920929,-0.30000001192092896,-0.298876133525238
1.2999999523162842,0.3003268872170105,-0.30000001192092896,0.3103092908859253,0.3170940158976746,-0.30000001192092896,0.19999998807907104,-0.28989900192092893,-0.30000001192092896,-0.30000001192092896,-0.30000001192092896,1.170320867920929,-0.30000001192092896,0.30000001192092896,-0.30000001192092896,-0.29983989952523804
1.2999999523162842,0.3045527512170105,-0.30000001192092896,0.3103092908859253,0.3085470078976746,-0.30000001192092896,0.014516117079071023,0.09393938207907104,-0.30000001192092896,-0.30000001192092896,-0.30000001192092896,0.32139038592092894,-0.30000001192092896,0.30000001192092896,-0.30000001192092896,-0.29983768152523804
1.2999999523162842,0.3621308312170105,-0.30000001192092896,0.3103092908859253,0.41965811889767457,-0.30000001192092896,-0.28387097992092897,-0.27979799192092897,-0.30000001192092896,-0.30000001192092896,-0.30000001192092896,0.30000001192092896,-0.30000001192092896,0.30000001192092896,-0.30000001192092896,-0.29986140952523804
1.2999999523162842,0.42150497921701047,-0.30000001192092896,0.3103092908859253,0.3598290588976746,-0.30000001192092896,-0.28387097992092897,-0.27979799192092897,-0.30000001192092896,-0.30000001192092896,-0.30000001192092896,0.30000001192092896,-0.30000001192092896,0.30000001192092896,-0.30000001192092896,-0.299855200525238
1.2999999523162842,0.5120808482170105,-0.30000001192092896,0.3103092908859253,0.5222222208976746,-0.30000001192092896,-0.30000001192092896,-0.30000001192092896,-0.30000001192092896,-0.30000001192092896,-0.30000001192092896,0.30000001192092896,-0.30000001192092896,0.30000001192092896,-0.30000001192092896,-0.29939970752523803
1.2999999523162842,0.4239284142170105,-0.30000001192092896,0.3103092908859253,0.5393162378976746,-0.30000001192092896,-0.30000001192092896,-0.30000001192092896,-0.30000001192092896,-0.30000001192092896,-0.30000001192092896,0.30000001192092896,-0.30000001192092896,0.30000001192092896,-0.30000001192092896,-0.29989755652523803
1.2999999523162842,0.3024322462170105,-0.30000001192092896,0.3103092908859253,0.33418803289767457,-0.30000001192092896,-0.16290323792092895,-0.28989900192092893,-0.30000001192092896,-0.30000001192092896,-0.30000001192092896,1.038636375920929,-0.30000001192092896,0.30000001192092896,-0.30000001192092896,-0.29984034252523806
1.2999999523162842,0.5429796392170105,-0.30000001192092896,0.3103092908859253,0.5222222208976746,-0.30000001192092896,-0.30000001192092896,-0.30000001192092896,-0.30000001192092896,-0.30000001192092896,-0.30000001192092896,0.30000001192092896,-0.30000001192092896,0.30000001192092896,-0.30000001192092896,-0.29990088312523805
1.2999999523162842,0.4820896322170105,-0.30000001192092896,0.6195876418859253,0.5393162378976746,-0.30000001192092896,-0.30000001192092896,-0.30000001192092896,-0.30000001192092896,-0.30000001192092896,-0.30000001192092896,0.30000001192092896,-0.24605810292092894,0.808402569920929,-0.30000001192092896,-0.29537544152523804
1.2999999523162842,0.5135954942170105,-0.30000001192092896,0.3103092908859253,0.5222222208976746,-0.30000001192092896,-0.30000001192092896,-0.30000001192092896,-0.30000001192092896,-0.30000001192092896,-0.30000001192092896,0.30000001192092896,-0.30000001192092896,0.30000001192092896,-0.30000001192092896,-0.29990088312523805
1.2999999523162842,0.42150497921701047,-0.30000001192092896,0.3103092908859253,0.4880341868976746,-0.30000001192092896,-0.30000001192092896,-0.30000001192092896,-0.30000001192092896,-0.30000001192092896,-0.30000001192092896,0.30000001192092896,-0.295850633920929,0.9188818659209289,-0.30000001192092896,-0.29923338752523804
1.2999999523162842,0.3033367932170105,-0.30000001192092896,0.3103092908859253,0.3256410248976746,-0.30000001192092896,-0.12258065692092895,-0.28989900192092893,-0.30000001192092896,-0.30000001192092896,-0.30000001192092896,1.0794117769209288,-0.30000001192092896,0.30000001192092896,-0.30000001192092896,-0.29983945552523805
1.2999999523162842,0.3921208342170105,-0.30000001192092896,0.3103092908859253,0.4880341868976746,-0.30000001192092896,-0.30000001192092896,-0.30000001192092896,-0.30000001192092896,-0.30000001192092896,-0.30000001192092896,0.30000001192092896,-0.30000001192092896,0.30000001192092896,-0.30000001192092896,-0.285150120525238
1.2999999523162842,0.39333255221701047,-0.30000001192092896,0.3103092908859253,0.5222222208976746,-0.30000001192092896,-0.30000001192092896,-0.30000001192092896,-0.30000001192092896,-0.30000001192092896,-0.30000001192092896,0.30000001192092896,-0.295850633920929,1.0270663139209288,-0.30000001192092896,-0.298876798525238
1.2999999523162842,0.4221108382170105,-0.30000001192092896,0.3103092908859253,0.5307692298976746,-0.30000001192092896,-0.30000001192092896,-0.30000001192092896,-0.30000001192092896,-0.30000001192092896,-0.30000001192092896,0.30000001192092896,-0.295850633920929,0.855148912920929,-0.30000001192092896,-0.29889431752523804
1.2999999523162842,0.42150497921701047,-0.30000001192092896,0.3103092908859253,0.5136752128976746,-0.30000001192092896,-0.30000001192092896,-0.30000001192092896,-0.30000001192092896,-0.30000001192092896,-0.30000001192092896,0.30000001192092896,-0.30000001192092896,0.30000001192092896,-0.30000001192092896,-0.29990088312523805
1.2999999523162842,0.4529820622170105,-0.30000001192092896,0.3103092908859253,0.5307692298976746,-0.30000001192092896,-0.30000001192092896,-0.30000001192092896,-0.30000001192092896,-0.30000001192092896,-0.30000001192092896,0.30000001192092896,-0.30000001192092896,0.30000001192092896,-0.30000001192092896,-0.299900217825238
1.2999999523162842,0.3048614362170105,-0.30000001192092896,0.3103092908859253,0.3170940158976746,-0.30000001192092896,-0.025806463920928946,0.04343433107907102,-0.30000001192092896,-0.30000001192092896,-0.30000001192092896,0.30000001192092896,-0.30000001192092896,0.30000001192092896,-0.30000001192092896,-0.29983989952523804
1.2999999523162842,0.4212020502170105,-0.30000001192092896,0.3103092908859253,0.3769230758976746,-0.30000001192092896,-0.28387097992092897,-0.28989900192092893,-0.30000001192092896,-0.30000001192092896,-0.30000001192092896,0.575401081920929,0.14813276807907105,0.7089505379209289,-0.30000001192092896,-0.27139971452523803
1.2999999523162842,0.5426767102170105,-0.30000001192092896,0.3103092908859253,0.5222222208976746,-0.30000001192092896,-0.30000001192092896,-0.30000001192092896,-0.30000001192092896,-0.30000001192092896,-0.30000001192092896,0.30000001192092896,-0.30000001192092896,0.30000001192092896,-0.30000001192092896,-0.29990088312523805
1.2999999523162842,0.4514719602170105,-0.30000001192092896,0.3103092908859253,0.3769230758976746,-0.30000001192092896,-0.30000001192092896,-0.30000001192092896,-0.30000001192092896,-0.30000001192092896,-0.30000001192092896,0.30000001192092896,-0.2875518789209289,0.860955634920929,-0.30000001192092896,-0.29948951952523806
0.2999999523162842,0.3012296162170105,-0.259455032920929,0.3000000128859253,0.3598290588976746,0.699999988079071,-0.30000001192092896,-0.30000001192092896,0.699999988079071,-0.26969698192092895,0.29751036107907103,0.30000001192092896,-0.30000001192092896,0.30000001192092896,0.09999998807907107,-0.29472191652523805
1.2999999523162842,0.4820796362170105,-0.30000001192092896,0.3824742398859253,0.5393162378976746,-0.30000001192092896,-0.30000001192092896,-0.30000001192092896,-0.30000001192092896,-0.30000001192092896,-0.30000001192092896,0.30000001192092896,-0.24605810292092894,0.913875549920929,-0.30000001192092896,-0.294855637525238
1.2999999523162842,0.3612144702170105,-0.30000001192092896,0.48556702288592535,0.5393162378976746,-0.30000001192092896,-0.30000001192092896,-0.30000001192092896,-0.30000001192092896,-0.30000001192092896,-0.30000001192092896,0.30000001192092896,-0.24605810292092894,0.9714153699209289,-0.30000001192092896,-0.25852259552523804
1.2999999523162842,0.3012211342170105,-0.30000001192092896,0.3103092908859253,0.3256410248976746,-0.30000001192092896,-0.21935485092092893,-0.19898991092092894,-0.30000001192092896,-0.30000001192092896,-0.30000001192092896,0.30000001192092896,-0.30000001192092896,0.30000001192092896,-0.30000001192092896,-0.29983701652523803
1.2999999523162842,0.42271669621701047,-0.30000001192092896,0.3103092908859253,0.5051282038976745,-0.30000001192092896,-0.30000001192092896,-0.30000001192092896,-0.30000001192092896,-0.30000001192092896,-0.30000001192092896,0.30000001192092896,-0.30000001192092896,0.30000001192092896,-0.30000001192092896,-0.29889476152523803
1.2999999523162842,0.4833025622170105,-0.30000001192092896,0.3103092908859253,0.5222222208976746,-0.30000001192092896,-0.30000001192092896,-0.30000001192092896,-0.30000001192092896,-0.30000001192092896,-0.30000001192092896,0.30000001192092896,-0.30000001192092896,0.30000001192092896,-0.30000001192092896,-0.29908747052523804
1.2999999523162842,0.3305986142170105,-0.30000001192092896,0.7742268168859253,0.5393162378976746,-0.30000001192092896,-0.30000001192092896,-0.30000001192092896,0.699999988079071,-0.30000001192092896,-0.30000001192092896,0.710427818920929,-0.24605810292092894,1.088932179920929,-0.30000001192092896,-0.27079209352523803
1.2999999523162842,0.4524037702170105,-0.30000001192092896,0.3103092908859253,0.5222222208976746,-0.30000001192092896,-0.30000001192092896,-0.30000001192092896,-0.30000001192092896,-0.30000001192092896,-0.30000001192092896,0.30000001192092896,-0.30000001192092896,0.30000001192092896,-0.30000001192092896,-0.29885927952523805
1.2999999523162842,0.4221108382170105,-0.30000001192092896,0.3103092908859253,0.46239316089767457,-0.30000001192092896,-0.28387097992092897,-0.28989900192092893,-0.30000001192092896,-0.30000001192092896,-0.30000001192092896,0.5747326319209289,-0.30000001192092896,0.30000001192092896,-0.30000001192092896,-0.299857418525238
1.2999999523162842,0.36181699621701047,-0.30000001192092896,0.5268041368859253,0.5393162378976746,-0.30000001192092896,-0.30000001192092896,-0.30000001192092896,-0.30000001192092896,-0.30000001192092896,-0.30000001192092896,0.30000001192092896,-0.24605810292092894,0.9188818659209289,-0.30000001192092896,-0.27982745452523805
1.2999999523162842,0.33123204021701047,-0.30000001192092896,0.3103092908859253,0.3940170928976746,-0.30000001192092896,-0.28387097992092897,-0.27979799192092897,-0.30000001192092896,-0.30000001192092896,-0.30000001192092896,0.30000001192092896,-0.30000001192092896,0.30000001192092896,-0.30000001192092896,-0.29895485752523804
1.2999999523162842,0.4820826652170105,-0.30000001192092896,0.48556702288592535,0.5393162378976746,-0.30000001192092896,-0.30000001192092896,-0.30000001192092896,-0.30000001192092896,-0.30000001192092896,-0.30000001192092896,0.30000001192092896,-0.24605810292092894,0.973676295920929,-0.30000001192092896,-0.295181623525238
1.2999999523162842,0.5435854982170105,-0.30000001192092896,0.3103092908859253,0.5222222208976746,-0.30000001192092896,-0.30000001192092896,-0.30000001192092896,-0.30000001192092896,-0.30000001192092896,-0.30000001192092896,0.30000001192092896,-0.29170125692092896,1.028334791920929,-0.30000001192092896,-0.29904156552523803
1.2999999523162842,0.42150497921701047,-0.30000001192092896,0.3103092908859253,0.5307692298976746,-0.30000001192092896,-0.30000001192092896,-0.30000001192092896,-0.30000001192092896,-0.30000001192092896,-0.30000001192092896,0.30000001192092896,-0.2875518789209289,0.721884852920929,-0.30000001192092896,-0.27342504152523806
1.2999999523162842,0.4527067002170105,-0.30000001192092896,0.3103092908859253,0.5307692298976746,-0.30000001192092896,-0.30000001192092896,-0.30000001192092896,-0.30000001192092896,-0.30000001192092896,-0.30000001192092896,0.30000001192092896,-0.30000001192092896,0.30000001192092896,-0.30000001192092896,-0.29948597152523804
1.2999999523162842,0.33272608721701047,-0.30000001192092896,0.5474226928859254,0.5393162378976746,-0.30000001192092896,-0.30000001192092896,-0.30000001192092896,-0.30000001192092896,-0.30000001192092896,-0.30000001192092896,0.30000001192092896,-0.24605810292092894,1.010245103920929,-0.30000001192092896,-0.26188557552523806
1.2999999523162842,0.5129717632170105,-0.30000001192092896,0.3103092908859253,0.5136752128976746,-0.30000001192092896,-0.30000001192092896,-0.30000001192092896,0.699999988079071,-0.30000001192092896,-0.30000001192092896,0.30000001192092896,-0.30000001192092896,0.30000001192092896,-0.30000001192092896,-0.299900661325238
1.2999999523162842,0.3312193172170105,-0.30000001192092896,0.3103092908859253,0.3769230758976746,-0.30000001192092896,-0.23548388292092895,-0.28989900192092893,-0.30000001192092896,-0.30000001192092896,-0.30000001192092896,0.893582899920929,-0.04273860092092896,0.9322603329209289,-0.30000001192092896,-0.24937879552523803
1.2999999523162842,0.4524037702170105,-0.30000001192092896,0.3103092908859253,0.5222222208976746,-0.30000001192092896,-0.30000001192092896,-0.30000001192092896,-0.30000001192092896,-0.30000001192092896,-0.30000001192092896,0.30000001192092896,-0.30000001192092896,0.30000001192092896,-0.30000001192092896,-0.29885927952523805
1.2999999523162842,0.4521008412170105,-0.30000001192092896,0.3103092908859253,0.5222222208976746,-0.30000001192092896,-0.30000001192092896,-0.30000001192092896,-0.30000001192092896,-0.30000001192092896,-0.30000001192092896,0.30000001192092896,-0.29170125692092896,1.018495879920929,-0.30000001192092896,-0.298475414525238
1.2999999523162842,0.45149498221701045,-0.30000001192092896,0.3103092908859253,0.5222222208976746,-0.30000001192092896,-0.30000001192092896,-0.30000001192092896,-0.30000001192092896,-0.30000001192092896,-0.30000001192092896,0.30000001192092896,-0.295850633920929,0.9188818659209289,-0.30000001192092896,-0.29922074752523803
1.2999999523162842,0.4236254842170105,-0.30000001192092896,0.3103092908859253,0.5051282038976745,-0.30000001192092896,-0.30000001192092896,-0.30000001192092896,-0.30000001192092896,-0.30000001192092896,-0.30000001192092896,0.30000001192092896,-0.30000001192092896,0.30000001192092896,-0.30000001192092896,-0.29126624152523806
1.2999999523162842,0.4527067002170105,-0.30000001192092896,0.3103092908859253,0.5136752128976746,-0.30000001192092896,-0.30000001192092896,-0.30000001192092896,-0.30000001192092896,-0.30000001192092896,-0.30000001192092896,0.30000001192092896,-0.295850633920929,0.950088698920929,-0.30000001192092896,-0.299836351525238
1.2999999523162842,0.3345388162170105,-0.30000001192092896,0.3103092908859253,0.33418803289767457,-0.30000001192092896,-0.025806463920928946,-0.28989900192092893,-0.30000001192092896,-0.30000001192092896,-0.30000001192092896,1.1409091029209288,-0.24605810292092894,0.9164036419209289,-0.30000001192092896,-0.25057762552523805
1.2999999523162842,1.0573536352170105,-0.30000001192092896,0.3103092908859253,0.3769230758976746,-0.30000001192092896,-0.30000001192092896,-0.30000001192092896,-0.30000001192092896,-0.30000001192092896,-0.30000001192092896,0.30000001192092896,-0.30000001192092896,0.30000001192092896,-0.30000001192092896,-0.29990465302523805
1.2999999523162842,0.3908791272170105,-0.30000001192092896,0.3103092908859253,0.5136752128976746,-0.30000001192092896,-0.30000001192092896,-0.30000001192092896,-0.30000001192092896,-0.30000001192092896,-0.30000001192092896,0.30000001192092896,-0.30000001192092896,0.30000001192092896,-0.30000001192092896,-0.299733676525238
1.2999999523162842,0.4239284142170105,-0.30000001192092896,0.3103092908859253,0.5393162378976746,-0.30000001192092896,-0.30000001192092896,-0.30000001192092896,0.699999988079071,-0.30000001192092896,-0.30000001192092896,0.30000001192092896,-0.30000001192092896,0.30000001192092896,-0.30000001192092896,-0.299894673525238
1.2999999523162842,0.42271669621701047,-0.30000001192092896,0.3103092908859253,0.5136752128976746,-0.30000001192092896,-0.30000001192092896,-0.30000001192092896,-0.30000001192092896,-0.30000001192092896,-0.30000001192092896,0.30000001192092896,-0.29170125692092896,0.708840948920929,-0.30000001192092896,-0.29857054952523804
1.2999999523162842,0.9967538352170104,-0.30000001192092896,0.3103092908859253,0.3769230758976746,-0.30000001192092896,-0.30000001192092896,-0.30000001192092896,-0.30000001192092896,-0.30000001192092896,-0.30000001192092896,0.30000001192092896,-0.30000001192092896,0.30000001192092896,-0.30000001192092896,-0.299823267525238
1.2999999523162842,0.4521008412170105,-0.30000001192092896,0.3103092908859253,0.5222222208976746,-0.30000001192092896,-0.30000001192092896,-0.30000001192092896,-0.30000001192092896,-0.30000001192092896,-0.30000001192092896,0.30000001192092896,-0.30000001192092896,0.30000001192092896,-0.30000001192092896,-0.29990088312523805
1.2999999523162842,0.42271669621701047,-0.30000001192092896,0.3103092908859253,0.4794871778976746,-0.30000001192092896,-0.29193549592092893,-0.28989900192092893,-0.30000001192092896,-0.30000001192092896,-0.30000001192092896,0.4610962689209289,-0.30000001192092896,0.30000001192092896,-0.30000001192092896,-0.29986384952523804
1.2999999523162842,0.3339584042170105,-0.30000001192092896,0.3103092908859253,0.3598290588976746,-0.30000001192092896,-0.21935485092092893,-0.19898991092092894,-0.30000001192092896,-0.30000001192092896,-0.30000001192092896,0.30000001192092896,-0.30000001192092896,0.30000001192092896,-0.30000001192092896,-0.29985010052523803
1.2999999523162842,0.42150497921701047,-0.30000001192092896,0.3103092908859253,0.3512820498976746,-0.30000001192092896,-0.26774194692092895,-0.259595971920929,-0.30000001192092896,-0.30000001192092896,-0.30000001192092896,0.30000001192092896,-0.30000001192092896,0.30000001192092896,-0.30000001192092896,-0.299855865525238
1.2999999523162842,0.4521008412170105,-0.30000001192092896,0.3103092908859253,0.5222222208976746,-0.30000001192092896,-0.30000001192092896,-0.30000001192092896,-0.30000001192092896,-0.30000001192092896,-0.30000001192092896,0.30000001192092896,-0.29170125692092896,0.888830948920929,-0.30000001192092896,-0.298715801525238
1.2999999523162842,0.5432716632170105,-0.30000001192092896,0.3103092908859253,0.5222222208976746,-0.30000001192092896,-0.30000001192092896,-0.30000001192092896,-0.30000001192092896,-0.30000001192092896,-0.30000001192092896,0.30000001192092896,-0.30000001192092896,0.30000001192092896,-0.30000001192092896,-0.299900217825238
1.2999999523162842,0.3908836712170105,-0.30000001192092896,0.4546391878859253,0.4111111098976746,-0.30000001192092896,-0.30000001192092896,-0.30000001192092896,-0.30000001192092896,-0.30000001192092896,-0.30000001192092896,0.30000001192092896,-0.24605810292092894,0.572031290920929,-0.30000001192092896,-0.285792557525238
1.2999999523162842,0.4215037672170105,-0.30000001192092896,0.3103092908859253,0.5136752128976746,-0.30000001192092896,-0.30000001192092896,-0.30000001192092896,-0.30000001192092896,-0.30000001192092896,-0.30000001192092896,0.30000001192092896,-0.29170125692092896,0.748362389920929,-0.30000001192092896,-0.29960306052523805
1.2999999523162842,0.3302978062170105,-0.30000001192092896,0.4546391878859253,0.41965811889767457,-0.30000001192092896,-0.28387097992092897,-0.28989900192092893,-0.30000001192092896,-0.30000001192092896,-0.30000001192092896,0.5747326319209289,0.5506223950790711,0.572031290920929,-0.30000001192092896,-0.27509954652523805
1.2999999523162842,0.3912120462170105,-0.30000001192092896,0.3103092908859253,0.3512820498976746,-0.30000001192092896,-0.25161291492092897,-0.28989900192092893,-0.30000001192092896,-0.30000001192092896,-0.30000001192092896,0.825401081920929,-0.07593362192092895,1.124763670920929,-0.30000001192092896,-0.25253243452523805
1.2999999523162842,0.3336397222170105,-0.30000001192092896,0.3103092908859253,0.33418803289767457,-0.30000001192092896,0.046774182079071025,0.13434342207907102,-0.30000001192092896,-0.30000001192092896,-0.30000001192092896,0.30000001192092896,-0.30000001192092896,0.30000001192092896,-0.30000001192092896,-0.29983768152523804
1.2999999523162842,0.3012356752170105,-0.30000001192092896,0.3103092908859253,0.3256410248976746,-0.30000001192092896,0.296774182079071,-0.28989900192092893,-0.30000001192092896,-0.30000001192092896,-0.30000001192092896,1.190374343920929,-0.27510374592092895,0.905518600920929,-0.30000001192092896,-0.29431543152523804
1.2999999523162842,0.3912120462170105,-0.30000001192092896,0.3103092908859253,0.3170940158976746,-0.30000001192092896,-0.23548388292092895,-0.21919193092092895,-0.30000001192092896,-0.30000001192092896,-0.30000001192092896,0.30000001192092896,-0.30000001192092896,0.30000001192092896,-0.30000001192092896,-0.29985453552523805
1.2999999523162842,0.3309291102170105,-0.30000001192092896,0.3103092908859253,0.3598290588976746,-0.30000001192092896,-0.17903226992092897,-0.28989900192092893,-0.30000001192092896,-0.30000001192092896,-0.30000001192092896,1.009224610920929,-0.30000001192092896,0.30000001192092896,-0.30000001192092896,-0.260793189525238
1.2999999523162842,0.4524037702170105,-0.30000001192092896,0.3103092908859253,0.4538461528976746,-0.30000001192092896,-0.30000001192092896,-0.30000001192092896,-0.30000001192092896,-0.30000001192092896,-0.30000001192092896,0.30000001192092896,-0.295850633920929,0.8920587219209289,-0.30000001192092896,-0.27845476452523804
1.2999999523162842,0.5735755012170105,-0.30000001192092896,0.3103092908859253,0.5136752128976746,-0.30000001192092896,-0.30000001192092896,-0.30000001192092896,-0.30000001192092896,-0.30000001192092896,-0.30000001192092896,0.30000001192092896,-0.30000001192092896,0.30000001192092896,-0.30000001192092896,-0.299901104925238
1.2999999523162842,0.3918179052170105,-0.30000001192092896,0.3103092908859253,0.5222222208976746,-0.30000001192092896,-0.30000001192092896,-0.30000001192092896,-0.30000001192092896,-0.30000001192092896,-0.30000001192092896,0.30000001192092896,-0.30000001192092896,0.30000001192092896,-0.30000001192092896,-0.299252680525238
1.2999999523162842,0.4817879152170105,-0.30000001192092896,0.3103092908859253,0.5393162378976746,-0.30000001192092896,-0.30000001192092896,-0.30000001192092896,-0.30000001192092896,-0.30000001192092896,-0.30000001192092896,0.30000001192092896,-0.30000001192092896,0.30000001192092896,-0.30000001192092896,-0.299252680525238
1.2999999523162842,0.4524016502170105,-0.30000001192092896,0.3103092908859253,0.5222222208976746,-0.30000001192092896,-0.30000001192092896,-0.30000001192092896,-0.30000001192092896,-0.30000001192092896,-0.30000001192092896,0.30000001192092896,-0.30000001192092896,0.30000001192092896,-0.30000001192092896,-0.298976368525238
1.2999999523162842,0.4521008412170105,-0.30000001192092896,0.3103092908859253,0.5051282038976745,-0.30000001192092896,-0.30000001192092896,-0.30000001192092896,-0.30000001192092896,-0.30000001192092896,-0.30000001192092896,0.30000001192092896,-0.30000001192092896,0.30000001192092896,-0.30000001192092896,-0.299899996525238
1.2999999523162842,0.3921002352170105,-0.30000001192092896,0.3103092908859253,0.5222222208976746,-0.30000001192092896,-0.30000001192092896,-0.30000001192092896,-0.30000001192092896,-0.30000001192092896,-0.30000001192092896,0.30000001192092896,-0.30000001192092896,0.30000001192092896,-0.30000001192092896,-0.29975097352523805
1.2999999523162842,0.5426467202170104,-0.30000001192092896,0.7639175388859254,0.5393162378976746,-0.30000001192092896,-0.30000001192092896,-0.30000001192092896,-0.30000001192092896,-0.30000001192092896,-0.30000001192092896,0.30000001192092896,-0.24605810292092894,1.1978775169209288,-0.30000001192092896,-0.29442076752523805
1.2999999523162842,0.3315349692170105,-0.30000001192092896,0.3103092908859253,0.34273504189767456,-0.30000001192092896,-0.10645162492092897,-0.05757576992092894,-0.30000001192092896,-0.30000001192092896,-0.30000001192092896,0.30000001192092896,-0.30000001192092896,0.30000001192092896,-0.30000001192092896,-0.29984366952523805
1.2999999523162842,0.3006098232170105,-0.30000001192092896,0.3103092908859253,0.3256410248976746,-0.30000001192092896,-0.26774194692092895,-0.259595971920929,-0.30000001192092896,-0.30000001192092896,-0.30000001192092896,0.7278074989209289,0.363900403079071,0.695747523920929,-0.30000001192092896,-0.24636176052523803
1.2999999523162842,0.39363548121701053,-0.30000001192092896,0.3103092908859253,0.5136752128976746,-0.30000001192092896,-0.30000001192092896,-0.30000001192092896,-0.30000001192092896,-0.30000001192092896,-0.30000001192092896,0.30000001192092896,-0.295850633920929,1.1441927509209289,-0.30000001192092896,-0.299002979525238
1.2999999523162842,0.3612035642170105,-0.30000001192092896,0.3103092908859253,0.3512820498976746,-0.30000001192092896,-0.20322581792092898,-0.17878789092092895,-0.30000001192092896,-0.30000001192092896,-0.30000001192092896,0.30000001192092896,-0.30000001192092896,0.30000001192092896,-0.30000001192092896,-0.29528851152523805
1.2999999523162842,0.3921208342170105,-0.30000001192092896,0.3103092908859253,0.5136752128976746,-0.30000001192092896,-0.30000001192092896,-0.30000001192092896,-0.30000001192092896,-0.30000001192092896,-0.30000001192092896,0.30000001192092896,-0.295850633920929,0.979165439920929,-0.30000001192092896,-0.29910033252523804
1.2999999523162842,0.3036642592170105,-0.30000001192092896,0.3824742398859253,0.46239316089767457,-0.30000001192092896,-0.13064517292092895,-0.28989900192092893,-0.30000001192092896,-0.30000001192092896,-0.30000001192092896,1.0533422579209288,-0.07178424392092894,0.9026445069209289,-0.30000001192092896,-0.24566454852523803
1.2999999523162842,0.33515194521701047,-0.30000001192092896,0.3103092908859253,0.33418803289767457,-0.30000001192092896,-0.14677420592092896,-0.28989900192092893,-0.30000001192092896,-0.30000001192092896,-0.30000001192092896,1.062032097920929,-0.30000001192092896,0.30000001192092896,-0.30000001192092896,-0.299844556525238
1.2999999523162842,0.45149498221701045,-0.30000001192092896,0.3103092908859253,0.3256410248976746,-0.30000001192092896,-0.16290323792092895,-0.12828283992092895,-0.30000001192092896,-0.30000001192092896,-0.30000001192092896,0.30000001192092896,-0.30000001192092896,0.30000001192092896,-0.30000001192092896,-0.299855200525238
1.2999999523162842,1.0270607032170105,-0.30000001192092896,0.3103092908859253,0.3769230758976746,-0.30000001192092896,-0.30000001192092896,-0.30000001192092896,-0.30000001192092896,-0.30000001192092896,-0.30000001192092896,0.30000001192092896,-0.283402501920929,1.088932179920929,-0.30000001192092896,-0.299614591525238
1.2999999523162842,0.39363548121701053,-0.30000001192092896,0.3103092908859253,0.33418803289767457,-0.30000001192092896,-0.28387097992092897,-0.27979799192092897,-0.30000001192092896,-0.30000001192092896,-0.30000001192092896,0.30000001192092896,-0.30000001192092896,0.30000001192092896,-0.30000001192092896,-0.28957687952523803
1.2999999523162842,0.5429796392170105,-0.30000001192092896,0.3103092908859253,0.5051282038976745,-0.30000001192092896,-0.30000001192092896,-0.30000001192092896,-0.30000001192092896,-0.30000001192092896,-0.30000001192092896,0.30000001192092896,-0.30000001192092896,0.30000001192092896,-0.30000001192092896,-0.29947111352523803
1.2999999523162842,0.4524037702170105,-0.30000001192092896,0.3103092908859253,0.5307692298976746,-0.30000001192092896,-0.30000001192092896,-0.30000001192092896,-0.30000001192092896,-0.30000001192092896,-0.30000001192092896,0.30000001192092896,-0.27925312392092894,1.081906451920929,-0.30000001192092896,-0.29792633852523803
1.2999999523162842,0.4517979122170105,-0.30000001192092896,0.3103092908859253,0.5307692298976746,-0.30000001192092896,-0.30000001192092896,-0.30000001192092896,-0.30000001192092896,-0.30000001192092896,-0.30000001192092896,0.30000001192092896,-0.30000001192092896,0.30000001192092896,-0.30000001192092896,-0.299514134525238
1.2999999523162842,0.3615249722170105,-0.30000001192092896,0.3103092908859253,0.34273504189767456,-0.30000001192092896,-0.30000001192092896,-0.30000001192092896,-0.30000001192092896,-0.30000001192092896,-0.30000001192092896,0.30000001192092896,-0.30000001192092896,0.30000001192092896,-0.30000001192092896,-0.29782832052523805
1.2999999523162842,0.5135954942170105,-0.30000001192092896,0.3103092908859253,0.5222222208976746,-0.30000001192092896,-0.30000001192092896,-0.30000001192092896,-0.30000001192092896,-0.30000001192092896,-0.30000001192092896,0.30000001192092896,-0.30000001192092896,0.30000001192092896,-0.30000001192092896,-0.299900661325238
1.2999999523162842,0.4211820562170105,-0.30000001192092896,0.5577319718859253,0.5393162378976746,-0.30000001192092896,-0.30000001192092896,-0.30000001192092896,-0.30000001192092896,-0.30000001192092896,-0.30000001192092896,0.30000001192092896,-0.24605810292092894,1.119382977920929,-0.30000001192092896,-0.294503927525238
1.2999999523162842,0.3921208342170105,-0.30000001192092896,0.3103092908859253,0.5136752128976746,-0.30000001192092896,-0.30000001192092896,-0.30000001192092896,-0.30000001192092896,-0.30000001192092896,-0.30000001192092896,0.30000001192092896,-0.30000001192092896,0.30000001192092896,-0.30000001192092896,-0.299901104925238
1.2999999523162842,0.5132907472170105,-0.30000001192092896,0.3103092908859253,0.5222222208976746,-0.30000001192092896,-0.30000001192092896,-0.30000001192092896,-0.30000001192092896,-0.30000001192092896,-0.30000001192092896,0.30000001192092896,-0.30000001192092896,0.30000001192092896,-0.30000001192092896,-0.29965051652523805
1.2999999523162842,0.6941413732170105,-0.30000001192092896,0.3103092908859253,0.3769230758976746,-0.30000001192092896,-0.30000001192092896,-0.30000001192092896,-0.30000001192092896,-0.30000001192092896,-0.30000001192092896,0.30000001192092896,-0.30000001192092896,0.30000001192092896,-0.30000001192092896,-0.29990487482523803
1.2999999523162842,0.42271669621701047,-0.30000001192092896,0.3103092908859253,0.5136752128976746,-0.30000001192092896,-0.30000001192092896,-0.30000001192092896,-0.30000001192092896,-0.30000001192092896,-0.30000001192092896,0.30000001192092896,-0.29170125692092896,1.018495879920929,-0.30000001192092896,-0.29829667652523806
1.2999999523162842,0.4521008412170105,-0.30000001192092896,0.3103092908859253,0.5222222208976746,-0.30000001192092896,-0.30000001192092896,-0.30000001192092896,-0.30000001192092896,-0.30000001192092896,-0.30000001192092896,0.30000001192092896,-0.30000001192092896,0.30000001192092896,-0.30000001192092896,-0.29989644752523803
1.2999999523162842,0.3306261812170105,-0.30000001192092896,0.3103092908859253,0.3598290588976746,-0.30000001192092896,-0.30000001192092896,-0.30000001192092896,-0.30000001192092896,-0.30000001192092896,-0.30000001192092896,0.30000001192092896,-0.30000001192092896,0.30000001192092896,-0.30000001192092896,-0.298737977525238
1.2999999523162842,0.4211893272170105,-0.30000001192092896,0.3103092908859253,0.3598290588976746,-0.30000001192092896,-0.28387097992092897,-0.27979799192092897,-0.30000001192092896,-0.30000001192092896,-0.30000001192092896,0.30000001192092896,-0.30000001192092896,0.30000001192092896,-0.30000001192092896,-0.29986229652523805
1.2999999523162842,0.33271790821701047,-0.30000001192092896,0.3103092908859253,0.33418803289767457,-0.30000001192092896,-0.12258065692092895,-0.28989900192092893,-0.30000001192092896,-0.30000001192092896,-0.30000001192092896,1.072727284920929,-0.30000001192092896,0.30000001192092896,-0.30000001192092896,-0.299843447525238
1.2999999523162842,0.3912120462170105,-0.30000001192092896,0.3103092908859253,0.3512820498976746,-0.30000001192092896,-0.28387097992092897,-0.28989900192092893,-0.30000001192092896,-0.30000001192092896,-0.30000001192092896,0.575401081920929,0.07759334907907106,0.828261539920929,-0.30000001192092896,-0.267962445525238
1.2999999523162842,0.4820826652170105,-0.30000001192092896,0.3103092908859253,0.33418803289767457,-0.30000001192092896,-0.21935485092092893,-0.19898991092092894,-0.30000001192092896,-0.30000001192092896,-0.30000001192092896,0.30000001192092896,-0.30000001192092896,0.30000001192092896,-0.30000001192092896,-0.29986163152523804
1.2999999523162842,0.3018406252170105,-0.30000001192092896,0.3103092908859253,0.33418803289767457,-0.30000001192092896,0.030645149079071066,0.11414140207907103,-0.30000001192092896,-0.30000001192092896,-0.30000001192092896,0.30000001192092896,-0.30000001192092896,0.30000001192092896,-0.30000001192092896,-0.29983967752523805
1.2999999523162842,0.3305986142170105,-0.30000001192092896,0.3103092908859253,0.33418803289767457,-0.30000001192092896,-0.11451614092092896,-0.06767677992092896,-0.30000001192092896,-0.30000001192092896,-0.30000001192092896,0.30000001192092896,-0.30000001192092896,0.30000001192092896,-0.30000001192092896,-0.29983901252523804
1.2999999523162842,0.3918179052170105,-0.30000001192092896,0.3103092908859253,0.4880341868976746,-0.30000001192092896,-0.30000001192092896,-0.30000001192092896,-0.30000001192092896,-0.30000001192092896,-0.30000001192092896,0.30000001192092896,-0.2875518789209289,0.8920587219209289,-0.30000001192092896,-0.29697587852523805
1.2999999523162842,0.3000203225170105,-0.30000001192092896,0.3103092908859253,0.2999999988976746,-0.30000001192092896,-0.23548388292092895,-0.21919193092092895,-0.30000001192092896,-0.30000001192092896,-0.30000001192092896,0.30000001192092896,-0.30000001192092896,0.30000001192092896,-0.30000001192092896,-0.29994922662523804
1.2999999523162842,0.3615216402170105,-0.30000001192092896,0.3103092908859253,0.34273504189767456,-0.30000001192092896,-0.25161291492092897,-0.23939395092092897,-0.30000001192092896,-0.30000001192092896,-0.30000001192092896,0.30000001192092896,-0.30000001192092896,0.30000001192092896,-0.30000001192092896,-0.29986163152523804
1.2999999523162842,0.3306261812170105,-0.30000001192092896,0.3103092908859253,0.38547008389767456,-0.30000001192092896,-0.28387097992092897,-0.28989900192092893,-0.30000001192092896,-0.30000001192092896,-0.30000001192092896,0.49786097492092896,-0.08423237692092894,0.737751744920929,-0.30000001192092896,-0.24215809152523804
1.2999999523162842,0.3054830472170105,-0.30000001192092896,0.3103092908859253,0.34273504189767456,-0.30000001192092896,-0.13064517292092895,-0.28989900192092893,-0.30000001192092896,-0.30000001192092896,-0.30000001192092896,1.072058835920929,-0.18796681692092895,1.0424097209209289,-0.30000001192092896,-0.24787415852523803
1.2999999523162842,0.36061618421701047,-0.30000001192092896,0.3103092908859253,0.3598290588976746,-0.30000001192092896,-0.19516130192092895,-0.28989900192092893,-0.30000001192092896,-0.30000001192092896,-0.30000001192092896,0.918315519920929,-0.12987553092092896,0.751065240920929,-0.30000001192092896,-0.25274310552523804
1.2999999523162842,0.3003184052170105,-0.30000001192092896,0.3103092908859253,0.3683760668976746,-0.30000001192092896,-0.22741936692092896,-0.28989900192092893,-0.30000001192092896,-0.30000001192092896,-0.30000001192092896,0.919652417920929,-0.30000001192092896,0.30000001192092896,-0.30000001192092896,-0.29984034252523806
1.2999999523162842,0.5129896362170105,-0.30000001192092896,0.3103092908859253,0.5222222208976746,-0.30000001192092896,-0.30000001192092896,-0.30000001192092896,-0.30000001192092896,-0.30000001192092896,-0.30000001192092896,0.30000001192092896,-0.30000001192092896,0.30000001192092896,-0.30000001192092896,-0.29990088312523805
1.2999999523162842,0.3327294192170105,-0.30000001192092896,0.3103092908859253,0.3170940158976746,-0.30000001192092896,-0.03387097992092897,0.033333321079071054,-0.30000001192092896,-0.30000001192092896,-0.30000001192092896,0.30000001192092896,-0.30000001192092896,0.30000001192092896,-0.30000001192092896,-0.299844112525238
1.2999999523162842,0.4211938702170105,-0.30000001192092896,0.48556702288592535,0.5393162378976746,-0.30000001192092896,-0.30000001192092896,-0.30000001192092896,-0.30000001192092896,-0.30000001192092896,-0.30000001192092896,0.30000001192092896,-0.24605810292092894,0.973676295920929,-0.30000001192092896,-0.29517341852523804
1.2999999523162842,0.3054554802170105,-0.30000001192092896,0.3103092908859253,0.3256410248976746,-0.30000001192092896,-0.001612914920928965,0.07373736207907106,-0.30000001192092896,-0.30000001192092896,-0.30000001192092896,0.32272728492092895,-0.15892117392092894,1.088932179920929,-0.30000001192092896,-0.26567632852523804
1.2999999523162842,0.42271669621701047,-0.30000001192092896,0.3103092908859253,0.5051282038976745,-0.30000001192092896,-0.30000001192092896,-0.30000001192092896,-0.30000001192092896,-0.30000001192092896,-0.30000001192092896,0.30000001192092896,-0.295850633920929,0.7782413209209289,-0.30000001192092896,-0.29889431752523804
1.2999999523162842,0.3033410342170105,-0.30000001192092896,0.3103092908859253,0.33418803289767457,-0.30000001192092896,0.15161289107907105,0.26565655407907107,-0.30000001192092896,-0.30000001192092896,-0.30000001192092896,0.30000001192092896,-0.30000001192092896,0.30000001192092896,-0.30000001192092896,-0.29983967752523805
1.2999999523162842,0.3309291102170105,-0.30000001192092896,0.3103092908859253,0.34273504189767456,-0.30000001192092896,-0.30000001192092896,-0.30000001192092896,-0.30000001192092896,-0.30000001192092896,-0.30000001192092896,0.30000001192092896,-0.30000001192092896,0.30000001192092896,-0.30000001192092896,-0.299903987725238
1.2999999523162842,0.3024537542170105,-0.30000001192092896,0.3103092908859253,0.3683760668976746,-0.30000001192092896,-0.20322581792092898,-0.28989900192092893,-0.30000001192092896,-0.30000001192092896,-0.30000001192092896,0.981149744920929,-0.16307055092092895,0.917708219920929,-0.30000001192092896,-0.25908120752523806
1.2999999523162842,0.4239284142170105,-0.30000001192092896,0.3103092908859253,0.5136752128976746,-0.30000001192092896,-0.30000001192092896,-0.30000001192092896,-0.30000001192092896,-0.30000001192092896,-0.30000001192092896,0.30000001192092896,-0.30000001192092896,0.30000001192092896,-0.30000001192092896,-0.29907039452523804
1.2999999523162842,0.4233225552170105,-0.30000001192092896,0.3103092908859253,0.5051282038976745,-0.30000001192092896,-0.30000001192092896,-0.30000001192092896,-0.30000001192092896,-0.30000001192092896,-0.30000001192092896,0.30000001192092896,-0.30000001192092896,0.30000001192092896,-0.30000001192092896,-0.29127777352523804
1.2999999523162842,0.48239377421701046,-0.30000001192092896,0.3103092908859253,0.5222222208976746,-0.30000001192092896,-0.30000001192092896,-0.30000001192092896,-0.30000001192092896,-0.30000001192092896,-0.30000001192092896,0.30000001192092896,-0.30000001192092896,0.30000001192092896,-0.30000001192092896,-0.29990132662523805
1.2999999523162842,0.4212020502170105,-0.30000001192092896,0.3103092908859253,0.3598290588976746,-0.30000001192092896,-0.25967743092092893,-0.24949496092092896,-0.30000001192092896,-0.30000001192092896,-0.30000001192092896,0.39625669592092894,0.29751036107907103,0.9164036419209289,-0.30000001192092896,-0.252859972525238
1.2999999523162842,0.3330496162170105,-0.30000001192092896,0.3103092908859253,0.33418803289767457,-0.30000001192092896,-0.27580646392092895,-0.28989900192092893,-0.30000001192092896,-0.30000001192092896,-0.30000001192092896,0.6629679259209289,0.09419085907907104,1.1393229639209288,-0.30000001192092896,-0.24786151852523802
1.2999999523162842,0.4833025622170105,-0.30000001192092896,0.3103092908859253,0.5136752128976746,-0.30000001192092896,-0.30000001192092896,-0.30000001192092896,-0.30000001192092896,-0.30000001192092896,-0.30000001192092896,0.30000001192092896,-0.30000001192092896,0.30000001192092896,-0.30000001192092896,-0.299507038525238
1.2999999523162842,0.4239284142170105,-0.30000001192092896,0.3103092908859253,0.5136752128976746,-0.30000001192092896,-0.30000001192092896,-0.30000001192092896,-0.30000001192092896,-0.30000001192092896,-0.30000001192092896,0.30000001192092896,-0.295850633920929,1.127981340920929,-0.30000001192092896,-0.29906440752523805
1.2999999523162842,0.3915149762170105,-0.30000001192092896,0.3103092908859253,0.3683760668976746,-0.30000001192092896,-0.26774194692092895,-0.28989900192092893,-0.30000001192092896,-0.30000001192092896,-0.30000001192092896,0.727139048920929,-0.30000001192092896,0.30000001192092896,-0.30000001192092896,-0.29985453552523805
1.2999999523162842,0.3045460862170105,-0.30000001192092896,0.3103092908859253,0.33418803289767457,-0.30000001192092896,0.09516127807907104,0.19494948307907106,-0.30000001192092896,-0.30000001192092896,-0.30000001192092896,0.30000001192092896,-0.30000001192092896,0.30000001192092896,-0.30000001192092896,-0.29984012152523803
1.2999999523162842,0.3354588122170105,-0.30000001192092896,0.3103092908859253,0.33418803289767457,-0.30000001192092896,-0.22741936692092896,-0.20909092092092896,-0.30000001192092896,-0.30000001192092896,-0.30000001192092896,0.30000001192092896,-0.30000001192092896,0.30000001192092896,-0.30000001192092896,-0.29984100852523804
1.2999999523162842,0.3324370922170105,-0.30000001192092896,0.3103092908859253,0.3512820498976746,-0.30000001192092896,-0.13870968892092894,-0.09797980992092895,-0.30000001192092896,-0.30000001192092896,-0.30000001192092896,0.30000001192092896,-0.30000001192092896,0.30000001192092896,-0.30000001192092896,-0.29984056452523805
1.2999999523162842,0.4829996322170105,-0.30000001192092896,0.3103092908859253,0.5136752128976746,-0.30000001192092896,-0.30000001192092896,-0.30000001192092896,-0.30000001192092896,-0.30000001192092896,-0.30000001192092896,0.30000001192092896,-0.30000001192092896,0.30000001192092896,-0.30000001192092896,-0.29936356052523805
1.2999999523162842,0.5132925652170105,-0.30000001192092896,0.3103092908859253,0.5136752128976746,-0.30000001192092896,-0.30000001192092896,-0.30000001192092896,-0.30000001192092896,-0.30000001192092896,-0.30000001192092896,0.30000001192092896,-0.30000001192092896,0.30000001192092896,-0.30000001192092896,-0.299900661325238
1.2999999523162842,0.4217867032170105,-0.30000001192092896,0.3103092908859253,0.5222222208976746,-0.30000001192092896,-0.30000001192092896,-0.30000001192092896,-0.30000001192092896,-0.30000001192092896,-0.30000001192092896,0.30000001192092896,-0.30000001192092896,0.30000001192092896,-0.30000001192092896,-0.299256450525238
1.2999999523162842,0.30213507221701047,-0.30000001192092896,0.3103092908859253,0.34273504189767456,-0.30000001192092896,0.022580633079071044,0.10404039207907106,-0.30000001192092896,-0.30000001192092896,-0.30000001192092896,0.30000001192092896,-0.30000001192092896,0.30000001192092896,-0.30000001192092896,-0.29983812552523803
1.2999999523162842,0.8455760462170105,-0.30000001192092896,0.3103092908859253,0.3769230758976746,-0.30000001192092896,-0.30000001192092896,-0.30000001192092896,-0.30000001192092896,-0.30000001192092896,-0.30000001192092896,0.30000001192092896,-0.30000001192092896,0.30000001192092896,-0.30000001192092896,-0.299797321525238
1.2999999523162842,0.3912120462170105,-0.30000001192092896,0.3103092908859253,0.3170940158976746,-0.30000001192092896,-0.041935495920928934,-0.28989900192092893,-0.30000001192092896,-0.30000001192092896,-0.30000001192092896,1.134224610920929,-0.30000001192092896,0.30000001192092896,-0.30000001192092896,-0.29985542252523806
1.2999999523162842,0.3039517392170105,-0.30000001192092896,0.3103092908859253,0.3512820498976746,-0.30000001192092896,-0.23548388292092895,-0.28989900192092893,-0.30000001192092896,-0.30000001192092896,-0.30000001192092896,0.893582899920929,-0.10912864292092894,0.766397456920929,-0.30000001192092896,-0.250784083525238
1.2999999523162842,0.3306261812170105,-0.30000001192092896,0.3103092908859253,0.3085470078976746,-0.30000001192092896,-0.11451614092092896,-0.28989900192092893,-0.30000001192092896,-0.30000001192092896,-0.30000001192092896,1.084090920920929,-0.19211619492092896,0.9188818659209289,-0.30000001192092896,-0.25827134252523803
1.2999999523162842,0.30578325021701047,-0.30000001192092896,0.3103092908859253,0.34273504189767456,-0.30000001192092896,-0.19516130192092895,-0.16868688092092896,-0.30000001192092896,-0.30000001192092896,-0.30000001192092896,0.30000001192092896,-0.30000001192092896,0.30000001192092896,-0.30000001192092896,-0.29984034252523806
1.2999999523162842,0.3915058882170105,-0.30000001192092896,0.3103092908859253,0.5222222208976746,-0.30000001192092896,-0.30000001192092896,-0.30000001192092896,-0.30000001192092896,-0.30000001192092896,-0.30000001192092896,0.30000001192092896,-0.30000001192092896,0.30000001192092896,-0.30000001192092896,-0.29947310952523803
1.2999999523162842,0.4214749892170105,-0.30000001192092896,0.4134020748859253,0.5393162378976746,-0.30000001192092896,-0.30000001192092896,-0.30000001192092896,-0.30000001192092896,-0.30000001192092896,-0.30000001192092896,0.30000001192092896,-0.24605810292092894,1.1978775169209288,-0.30000001192092896,-0.294540739525238
1.2999999523162842,0.4524037702170105,-0.30000001192092896,0.3103092908859253,0.4538461528976746,-0.30000001192092896,-0.29193549592092893,-0.28989900192092893,-0.30000001192092896,-0.30000001192092896,-0.30000001192092896,0.460427818920929,0.18962654407907104,0.985206940920929,-0.30000001192092896,-0.283828878525238
1.2999999523162842,0.3909091172170105,-0.30000001192092896,0.3103092908859253,0.3170940158976746,-0.30000001192092896,-0.19516130192092895,-0.16868688092092896,-0.30000001192092896,-0.30000001192092896,-0.30000001192092896,0.30000001192092896,-0.30000001192092896,0.30000001192092896,-0.30000001192092896,-0.299854978525238
1.2999999523162842,0.5732725722170104,-0.30000001192092896,0.3103092908859253,0.5222222208976746,-0.30000001192092896,-0.30000001192092896,-0.30000001192092896,-0.30000001192092896,-0.30000001192092896,-0.30000001192092896,0.30000001192092896,-0.30000001192092896,0.30000001192092896,-0.30000001192092896,-0.299900661325238
1.2999999523162842,0.5729457112170104,-0.30000001192092896,0.3103092908859253,0.5222222208976746,-0.30000001192092896,-0.30000001192092896,-0.30000001192092896,-0.30000001192092896,-0.30000001192092896,-0.30000001192092896,0.30000001192092896,-0.29170125692092896,0.721141444920929,-0.30000001192092896,-0.299101440525238
1.2999999523162842,0.4833025622170105,-0.30000001192092896,0.3103092908859253,0.5222222208976746,-0.30000001192092896,-0.30000001192092896,-0.30000001192092896,-0.30000001192092896,-0.30000001192092896,-0.30000001192092896,0.30000001192092896,-0.30000001192092896,0.30000001192092896,-0.30000001192092896,-0.29990088312523805
0.2999999523162842,0.3009288072170105,-0.23780930592092897,0.3000000128859253,0.3256410248976746,0.699999988079071,-0.30000001192092896,-0.30000001192092896,0.699999988079071,-0.23939395092092897,-0.07178424392092894,0.30000001192092896,-0.30000001192092896,0.30000001192092896,-0.10000001192092894,-0.29789839652523803
1.2999999523162842,0.3923934712170105,-0.30000001192092896,0.3103092908859253,0.5051282038976745,-0.30000001192092896,-0.30000001192092896,-0.30000001192092896,-0.30000001192092896,-0.30000001192092896,-0.30000001192092896,0.30000001192092896,-0.30000001192092896,0.30000001192092896,-0.30000001192092896,-0.299435632525238
1.2999999523162842,0.4521008412170105,-0.30000001192092896,0.3103092908859253,0.5222222208976746,-0.30000001192092896,-0.30000001192092896,-0.30000001192092896,-0.30000001192092896,-0.30000001192092896,-0.30000001192092896,0.30000001192092896,-0.30000001192092896,0.30000001192092896,-0.30000001192092896,-0.299897113525238
1.2999999523162842,0.4527067002170105,-0.30000001192092896,0.3103092908859253,0.5307692298976746,-0.30000001192092896,-0.30000001192092896,-0.30000001192092896,-0.30000001192092896,-0.30000001192092896,-0.30000001192092896,0.30000001192092896,-0.30000001192092896,0.30000001192092896,-0.30000001192092896,-0.299041787525238
1.2999999523162842,0.4820908442170105,-0.30000001192092896,0.3103092908859253,0.5136752128976746,-0.30000001192092896,-0.30000001192092896,-0.30000001192092896,-0.30000001192092896,-0.30000001192092896,-0.30000001192092896,0.30000001192092896,-0.30000001192092896,0.30000001192092896,-0.30000001192092896,-0.299073720525238
1.2999999523162842,0.4826967032170105,-0.30000001192092896,0.3103092908859253,0.5222222208976746,-0.30000001192092896,-0.30000001192092896,-0.30000001192092896,-0.30000001192092896,-0.30000001192092896,-0.30000001192092896,0.30000001192092896,-0.30000001192092896,0.30000001192092896,-0.30000001192092896,-0.29962301852523804
1.2999999523162842,0.5732725722170104,-0.30000001192092896,0.3103092908859253,0.5222222208976746,-0.30000001192092896,-0.30000001192092896,-0.30000001192092896,-0.30000001192092896,-0.30000001192092896,-0.30000001192092896,0.30000001192092896,-0.30000001192092896,0.30000001192092896,-0.30000001192092896,-0.299542741525238
1.2999999523162842,0.3618279022170105,-0.30000001192092896,0.3103092908859253,0.4538461528976746,-0.30000001192092896,-0.29193549592092893,-0.28989900192092893,-0.30000001192092896,-0.30000001192092896,-0.30000001192092896,0.4610962689209289,-0.30000001192092896,0.30000001192092896,-0.30000001192092896,-0.29986407152523803
1.2999999523162842,0.3024367902170105,-0.30000001192092896,0.3103092908859253,0.34273504189767456,-0.30000001192092896,-0.12258065692092895,-0.28989900192092893,-0.30000001192092896,-0.30000001192092896,-0.30000001192092896,1.0794117769209288,-0.18381743892092894,0.901223653920929,-0.30000001192092896,-0.257865301525238
1.2999999523162842,0.3621308312170105,-0.30000001192092896,0.3103092908859253,0.5222222208976746,-0.30000001192092896,-0.30000001192092896,-0.30000001192092896,-0.30000001192092896,-0.30000001192092896,-0.30000001192092896,0.30000001192092896,-0.30000001192092896,0.30000001192092896,-0.30000001192092896,-0.299870723525238
1.2999999523162842,0.6032625752170104,-0.30000001192092896,0.3103092908859253,0.5222222208976746,-0.30000001192092896,-0.30000001192092896,-0.30000001192092896,-0.30000001192092896,-0.30000001192092896,-0.30000001192092896,0.30000001192092896,-0.30000001192092896,0.30000001192092896,-0.30000001192092896,-0.29990132662523805
1.2999999523162842,0.3605868002170105,-0.30000001192092896,0.3103092908859253,0.3598290588976746,-0.30000001192092896,-0.22741936692092896,-0.20909092092092896,-0.30000001192092896,-0.30000001192092896,-0.30000001192092896,0.30000001192092896,-0.30000001192092896,0.30000001192092896,-0.30000001192092896,-0.286028065525238
1.2999999523162842,0.3612220432170105,-0.30000001192092896,0.3103092908859253,0.4025641018976746,-0.30000001192092896,-0.27580646392092895,-0.28989900192092893,-0.30000001192092896,-0.30000001192092896,-0.30000001192092896,0.658957230920929,0.07759334907907106,0.7382474989209289,-0.30000001192092896,-0.257786798525238
1.2999999523162842,0.4820908442170105,-0.30000001192092896,0.3103092908859253,0.5136752128976746,-0.30000001192092896,-0.30000001192092896,-0.30000001192092896,-0.30000001192092896,-0.30000001192092896,-0.30000001192092896,0.30000001192092896,-0.29170125692092896,1.110981954920929,-0.30000001192092896,-0.29885684052523803
1.2999999523162842,0.3327294192170105,-0.30000001192092896,0.4237113528859253,0.5393162378976746,-0.30000001192092896,-0.30000001192092896,-0.30000001192092896,-0.30000001192092896,-0.30000001192092896,-0.30000001192092896,0.30000001192092896,-0.24605810292092894,1.046923599920929,-0.30000001192092896,-0.25919452652523806
1.2999999523162842,0.3621102322170105,-0.30000001192092896,0.3103092908859253,0.3512820498976746,-0.30000001192092896,-0.25161291492092897,-0.28989900192092893,-0.30000001192092896,-0.30000001192092896,-0.30000001192092896,0.825401081920929,0.01120330807907105,1.010245103920929,-0.30000001192092896,-0.24641963952523804
1.2999999523162842,0.3321299222170105,-0.30000001192092896,0.48556702288592535,0.5393162378976746,-0.30000001192092896,-0.30000001192092896,-0.30000001192092896,0.699999988079071,-0.30000001192092896,-0.30000001192092896,0.5112299589209289,-0.24605810292092894,0.9188818659209289,-0.30000001192092896,-0.22480476152523804
1.2999999523162842,0.3030553712170105,-0.30000001192092896,0.3103092908859253,0.4111111098976746,-0.30000001192092896,-0.23548388292092895,-0.21919193092092895,-0.30000001192092896,-0.30000001192092896,-0.30000001192092896,0.30000001192092896,-0.30000001192092896,0.30000001192092896,-0.30000001192092896,-0.29984100852523804
1.2999999523162842,0.4514780182170105,-0.30000001192092896,0.3103092908859253,0.5222222208976746,-0.30000001192092896,-0.30000001192092896,-0.30000001192092896,-0.30000001192092896,-0.30000001192092896,-0.30000001192092896,0.30000001192092896,-0.30000001192092896,0.30000001192092896,-0.30000001192092896,-0.299870945525238
1.2999999523162842,0.4212020502170105,-0.30000001192092896,0.3103092908859253,0.5222222208976746,-0.30000001192092896,-0.30000001192092896,-0.30000001192092896,0.699999988079071,-0.30000001192092896,-0.30000001192092896,0.30000001192092896,-0.295850633920929,1.1082968329209288,-0.30000001192092896,-0.28260188452523805
1.2999999523162842,0.3312102292170105,-0.30000001192092896,0.3103092908859253,0.3512820498976746,-0.30000001192092896,-0.16290323792092895,-0.12828283992092895,-0.30000001192092896,-0.30000001192092896,-0.30000001192092896,0.30000001192092896,-0.30000001192092896,0.30000001192092896,-0.30000001192092896,-0.29983879052523804
1.2999999523162842,0.3618188142170105,-0.30000001192092896,0.3103092908859253,0.3598290588976746,-0.30000001192092896,-0.25967743092092893,-0.28989900192092893,-0.30000001192092896,-0.30000001192092896,-0.30000001192092896,0.7812834339209289,-0.30000001192092896,0.30000001192092896,-0.30000001192092896,-0.29984788252523803
1.2999999523162842,0.33123204021701047,-0.30000001192092896,0.3103092908859253,0.3512820498976746,-0.30000001192092896,-0.27580646392092895,-0.28989900192092893,-0.30000001192092896,-0.30000001192092896,-0.30000001192092896,0.6629679259209289,-0.30000001192092896,0.30000001192092896,-0.30000001192092896,-0.29985253952523805
1.2999999523162842,0.48328529521701047,-0.30000001192092896,0.3103092908859253,0.5222222208976746,-0.30000001192092896,-0.30000001192092896,-0.30000001192092896,-0.30000001192092896,-0.30000001192092896,-0.30000001192092896,0.30000001192092896,-0.30000001192092896,0.30000001192092896,-0.30000001192092896,-0.29899566152523804
1.2999999523162842,0.3303232522170105,-0.30000001192092896,0.3103092908859253,0.3512820498976746,-0.30000001192092896,-0.27580646392092895,-0.28989900192092893,-0.30000001192092896,-0.30000001192092896,-0.30000001192092896,0.521925145920929,-0.026141090920928978,0.856131456920929,-0.30000001192092896,-0.278794942525238
1.2999999523162842,0.30577961521701047,-0.30000001192092896,0.3103092908859253,0.3512820498976746,-0.30000001192092896,-0.23548388292092895,-0.28989900192092893,-0.30000001192092896,-0.30000001192092896,-0.30000001192092896,0.893582899920929,-0.30000001192092896,0.30000001192092896,-0.30000001192092896,-0.29983790352523804
1.2999999523162842,0.3914895292170105,-0.30000001192092896,0.3103092908859253,0.33418803289767457,-0.30000001192092896,-0.28387097992092897,-0.27979799192092897,-0.30000001192092896,-0.30000001192092896,-0.30000001192092896,0.30000001192092896,-0.30000001192092896,0.30000001192092896,-0.30000001192092896,-0.29986140952523804
1.2999999523162842,0.42329710921701047,-0.30000001192092896,0.3103092908859253,0.2999999988976746,-0.30000001192092896,0.09516127807907104,-0.28989900192092893,-0.30000001192092896,-0.30000001192092896,-0.30000001192092896,1.151604289920929,-0.23775934792092895,0.9164036419209289,-0.30000001192092896,-0.258609082525238
1.2999999523162842,0.6032625752170104,-0.30000001192092896,0.3103092908859253,0.3769230758976746,-0.30000001192092896,-0.30000001192092896,-0.30000001192092896,-0.30000001192092896,-0.30000001192092896,-0.30000001192092896,0.30000001192092896,-0.30000001192092896,0.30000001192092896,-0.30000001192092896,-0.29968999052523804
1.2999999523162842,0.6029596462170105,-0.30000001192092896,0.3103092908859253,0.4880341868976746,-0.30000001192092896,-0.30000001192092896,-0.30000001192092896,-0.30000001192092896,-0.30000001192092896,-0.30000001192092896,0.30000001192092896,-0.30000001192092896,0.30000001192092896,-0.30000001192092896,-0.29990088312523805
1.2999999523162842,0.3612220432170105,-0.30000001192092896,0.3103092908859253,0.44529914389767455,-0.30000001192092896,-0.30000001192092896,-0.30000001192092896,-0.30000001192092896,-0.30000001192092896,-0.30000001192092896,0.30000001192092896,-0.295850633920929,0.7712671929209289,-0.30000001192092896,-0.299870723525238
1.2999999523162842,0.3321408282170105,-0.30000001192092896,0.3103092908859253,0.38547008389767456,-0.30000001192092896,-0.30000001192092896,-0.30000001192092896,-0.30000001192092896,-0.30000001192092896,-0.30000001192092896,0.30000001192092896,-0.30000001192092896,0.30000001192092896,-0.30000001192092896,-0.299870280525238
1.2999999523162842,0.3618266902170105,-0.30000001192092896,0.3412371258859253,0.5051282038976745,-0.30000001192092896,-0.30000001192092896,-0.30000001192092896,-0.30000001192092896,-0.30000001192092896,-0.30000001192092896,0.30000001192092896,-0.24605810292092894,0.808402569920929,-0.30000001192092896,-0.287109585525238
1.2999999523162842,0.4239284142170105,-0.30000001192092896,0.3103092908859253,0.5222222208976746,-0.30000001192092896,-0.30000001192092896,-0.30000001192092896,-0.30000001192092896,-0.30000001192092896,-0.30000001192092896,0.30000001192092896,-0.30000001192092896,0.30000001192092896,-0.30000001192092896,-0.29910942452523803
1.2999999523162842,0.5426767102170105,-0.30000001192092896,0.3103092908859253,0.3769230758976746,-0.30000001192092896,-0.30000001192092896,-0.30000001192092896,-0.30000001192092896,-0.30000001192092896,-0.30000001192092896,0.30000001192092896,-0.29170125692092896,0.721907532920929,-0.30000001192092896,-0.29960993452523804
1.2999999523162842,0.3027403252170105,-0.30000001192092896,0.4340206318859253,0.41965811889767457,-0.30000001192092896,-0.28387097992092897,-0.28989900192092893,-0.30000001192092896,-0.30000001192092896,-0.30000001192092896,0.575401081920929,0.554771772079071,0.798222310920929,-0.30000001192092896,-0.23717937352523805
1.2999999523162842,0.3015237612170105,-0.30000001192092896,0.3103092908859253,0.3598290588976746,-0.30000001192092896,-0.21935485092092893,-0.28989900192092893,-0.30000001192092896,-0.30000001192092896,-0.30000001192092896,0.9417112419209289,-0.07178424392092894,0.726050401920929,-0.30000001192092896,-0.24954422752523803
1.2999999523162842,0.4826967032170105,-0.30000001192092896,0.3103092908859253,0.5136752128976746,-0.30000001192092896,-0.30000001192092896,-0.30000001192092896,-0.30000001192092896,-0.30000001192092896,-0.30000001192092896,0.30000001192092896,-0.295850633920929,0.9832251139209289,-0.30000001192092896,-0.29881670152523804
1.2999999523162842,0.3327173022170105,-0.30000001192092896,0.3103092908859253,0.3170940158976746,-0.30000001192092896,-0.13870968892092894,-0.09797980992092895,-0.30000001192092896,-0.30000001192092896,-0.30000001192092896,0.30000001192092896,-0.30000001192092896,0.30000001192092896,-0.30000001192092896,-0.29984366952523805
1.2999999523162842,0.3918179052170105,-0.30000001192092896,0.3103092908859253,0.3769230758976746,-0.30000001192092896,-0.29193549592092893,-0.28989900192092893,-0.30000001192092896,-0.30000001192092896,-0.30000001192092896,0.449064182920929,0.6253111910790711,0.798222310920929,-0.30000001192092896,-0.22854983252523803
1.2999999523162842,0.3921208342170105,-0.30000001192092896,0.3103092908859253,0.5051282038976745,-0.30000001192092896,-0.30000001192092896,-0.30000001192092896,-0.30000001192092896,-0.30000001192092896,-0.30000001192092896,0.30000001192092896,-0.2875518789209289,0.726050401920929,-0.30000001192092896,-0.299178391525238
1.2999999523162842,0.4239284142170105,-0.30000001192092896,0.3103092908859253,0.5393162378976746,-0.30000001192092896,-0.30000001192092896,-0.30000001192092896,-0.30000001192092896,-0.30000001192092896,-0.30000001192092896,0.30000001192092896,-0.30000001192092896,0.30000001192092896,-0.30000001192092896,-0.29989733452523804
1.2999999523162842,0.4211938702170105,-0.30000001192092896,0.49587630188592535,0.5393162378976746,-0.30000001192092896,-0.30000001192092896,-0.30000001192092896,-0.30000001192092896,-0.30000001192092896,-0.30000001192092896,0.30000001192092896,-0.24605810292092894,0.973676295920929,-0.30000001192092896,-0.29512973252523805
1.2999999523162842,0.42150497921701047,-0.30000001192092896,0.3103092908859253,0.5222222208976746,-0.30000001192092896,-0.30000001192092896,-0.30000001192092896,-0.30000001192092896,-0.30000001192092896,-0.30000001192092896,0.30000001192092896,-0.295850633920929,0.7939963459209289,-0.30000001192092896,-0.299859414525238
1.2999999523162842,0.4233195262170105,-0.30000001192092896,0.3103092908859253,0.5222222208976746,-0.30000001192092896,-0.30000001192092896,-0.30000001192092896,-0.30000001192092896,-0.30000001192092896,-0.30000001192092896,0.30000001192092896,-0.30000001192092896,0.30000001192092896,-0.30000001192092896,-0.29989533952523806
1.2999999523162842,0.5120808482170105,-0.30000001192092896,0.3103092908859253,0.5222222208976746,-0.30000001192092896,-0.30000001192092896,-0.30000001192092896,-0.30000001192092896,-0.30000001192092896,-0.30000001192092896,0.30000001192092896,-0.30000001192092896,0.30000001192092896,-0.30000001192092896,-0.29990088312523805
1.2999999523162842,0.8453031072170105,-0.30000001192092896,0.3103092908859253,0.3769230758976746,-0.30000001192092896,-0.30000001192092896,-0.30000001192092896,-0.30000001192092896,-0.30000001192092896,-0.30000001192092896,0.30000001192092896,-0.29170125692092896,0.990216424920929,-0.30000001192092896,-0.29972347552523804
1.2999999523162842,0.4239284142170105,-0.30000001192092896,0.3103092908859253,0.5222222208976746,-0.30000001192092896,-0.30000001192092896,-0.30000001192092896,-0.30000001192092896,-0.30000001192092896,-0.30000001192092896,0.30000001192092896,-0.29170125692092896,0.721907532920929,-0.30000001192092896,-0.298920707525238
1.2999999523162842,0.3033613302170105,-0.30000001192092896,0.3103092908859253,0.33418803289767457,-0.30000001192092896,-0.21129033492092897,-0.18888890092092897,-0.30000001192092896,-0.30000001192092896,-0.30000001192092896,0.30000001192092896,-0.30000001192092896,0.30000001192092896,-0.30000001192092896,-0.29983945552523805
1.2999999523162842,0.7547272382170105,-0.30000001192092896,0.3103092908859253,0.3769230758976746,-0.30000001192092896,-0.30000001192092896,-0.30000001192092896,-0.30000001192092896,-0.30000001192092896,-0.30000001192092896,0.30000001192092896,-0.29170125692092896,0.981370357920929,-0.30000001192092896,-0.299606386525238
1.2999999523162842,0.4214955882170105,-0.30000001192092896,1.2278350648859253,0.5393162378976746,-0.30000001192092896,-0.30000001192092896,-0.30000001192092896,-0.30000001192092896,-0.30000001192092896,-0.30000001192092896,0.30000001192092896,-0.24605810292092894,0.765188056920929,-0.30000001192092896,-0.29487382152523806
1.2999999523162842,0.3333277052170105,-0.30000001192092896,0.3103092908859253,0.3683760668976746,-0.30000001192092896,-0.26774194692092895,-0.259595971920929,-0.30000001192092896,-0.30000001192092896,-0.30000001192092896,0.30000001192092896,-0.30000001192092896,0.30000001192092896,-0.30000001192092896,-0.299842116525238
1.2999999523162842,0.39242376421701053,-0.30000001192092896,0.3103092908859253,0.5222222208976746,-0.30000001192092896,-0.30000001192092896,-0.30000001192092896,-0.30000001192092896,-0.30000001192092896,-0.30000001192092896,0.30000001192092896,-0.29170125692092896,0.721907532920929,-0.30000001192092896,-0.299214981525238
1.2999999523162842,0.4524037702170105,-0.30000001192092896,0.3103092908859253,0.5222222208976746,-0.30000001192092896,-0.29193549592092893,-0.28989900192092893,-0.30000001192092896,-0.30000001192092896,-0.30000001192092896,0.4610962689209289,-0.30000001192092896,0.30000001192092896,-0.30000001192092896,-0.29126646352523805
1.2999999523162842,0.4521008412170105,-0.30000001192092896,0.3103092908859253,0.5222222208976746,-0.30000001192092896,-0.30000001192092896,-0.30000001192092896,-0.30000001192092896,-0.30000001192092896,-0.30000001192092896,0.30000001192092896,-0.295850633920929,1.1082968329209288,-0.30000001192092896,-0.298715801525238
1.2999999523162842,0.3315134612170105,-0.30000001192092896,0.3103092908859253,0.3170940158976746,-0.30000001192092896,-0.09838710892092895,-0.04747475892092895,-0.30000001192092896,-0.30000001192092896,-0.30000001192092896,0.30000001192092896,-0.30000001192092896,0.30000001192092896,-0.30000001192092896,-0.29983901252523804
1.2999999523162842,0.5129896362170105,-0.30000001192092896,0.3103092908859253,0.5222222208976746,-0.30000001192092896,-0.30000001192092896,-0.30000001192092896,-0.30000001192092896,-0.30000001192092896,-0.30000001192092896,0.30000001192092896,-0.30000001192092896,0.30000001192092896,-0.30000001192092896,-0.299077047525238
1.2999999523162842,0.3915149762170105,-0.30000001192092896,0.3103092908859253,0.5222222208976746,-0.30000001192092896,-0.30000001192092896,-0.30000001192092896,-0.30000001192092896,-0.30000001192092896,-0.30000001192092896,0.30000001192092896,-0.30000001192092896,0.30000001192092896,-0.30000001192092896,-0.29965051652523805
0.2999999523162842,0.3021396162170105,-0.22477808392092896,0.3000000128859253,0.3598290588976746,0.699999988079071,-0.30000001192092896,-0.30000001192092896,0.699999988079071,-0.28989900192092893,-0.21701245992092894,0.30000001192092896,-0.30000001192092896,0.30000001192092896,0.16666665507907102,-0.29914601452523804
1.2999999523162842,0.3306083082170105,-0.30000001192092896,0.3103092908859253,0.3940170928976746,-0.30000001192092896,-0.21935485092092893,-0.19898991092092894,-0.30000001192092896,-0.30000001192092896,-0.30000001192092896,0.30000001192092896,-0.30000001192092896,0.30000001192092896,-0.30000001192092896,-0.277389210525238
1.2999999523162842,0.45207054821701054,-0.30000001192092896,0.3103092908859253,0.5051282038976745,-0.30000001192092896,-0.29193549592092893,-0.28989900192092893,-0.30000001192092896,-0.30000001192092896,-0.30000001192092896,0.4610962689209289,-0.30000001192092896,0.30000001192092896,-0.30000001192092896,-0.291272007525238
1.2999999523162842,0.3308988172170105,-0.30000001192092896,0.48556702288592535,0.3769230758976746,-0.30000001192092896,-0.25967743092092893,-0.28989900192092893,-0.30000001192092896,-0.30000001192092896,-0.30000001192092896,0.6629679259209289,0.45103733207907104,0.944194374920929,-0.30000001192092896,-0.22365893152523803
1.2999999523162842,0.4224137672170105,-0.30000001192092896,0.3103092908859253,0.5136752128976746,-0.30000001192092896,-0.30000001192092896,-0.30000001192092896,-0.30000001192092896,-0.30000001192092896,-0.30000001192092896,0.30000001192092896,-0.30000001192092896,0.30000001192092896,-0.30000001192092896,-0.28402646652523805
1.2999999523162842,0.4220990232170105,-0.30000001192092896,0.3103092908859253,0.3598290588976746,-0.30000001192092896,-0.27580646392092895,-0.26969698192092895,-0.30000001192092896,-0.30000001192092896,-0.30000001192092896,0.42098931692092895,0.45103733207907104,0.965039404920929,-0.30000001192092896,-0.24778412452523804
1.2999999523162842,0.39209599421701047,-0.30000001192092896,0.3103092908859253,0.3598290588976746,-0.30000001192092896,-0.29193549592092893,-0.28989900192092893,-0.30000001192092896,-0.30000001192092896,-0.30000001192092896,0.4610962689209289,0.699999988079071,0.713624865920929,-0.30000001192092896,-0.272634691525238
1.2999999523162842,0.5135954942170105,-0.30000001192092896,0.3103092908859253,0.5136752128976746,-0.30000001192092896,-0.30000001192092896,-0.30000001192092896,-0.30000001192092896,-0.30000001192092896,-0.30000001192092896,0.30000001192092896,-0.30000001192092896,0.30000001192092896,-0.30000001192092896,-0.29990088312523805
1.2999999523162842,0.5426767102170105,-0.30000001192092896,0.3103092908859253,0.5222222208976746,-0.30000001192092896,-0.30000001192092896,-0.30000001192092896,-0.30000001192092896,-0.30000001192092896,-0.30000001192092896,0.30000001192092896,-0.30000001192092896,0.30000001192092896,-0.30000001192092896,-0.299901104925238
1.2999999523162842,0.4826967032170105,-0.30000001192092896,0.3103092908859253,0.5222222208976746,-0.30000001192092896,-0.30000001192092896,-0.30000001192092896,-0.30000001192092896,-0.30000001192092896,-0.30000001192092896,0.30000001192092896,-0.295850633920929,0.8920587219209289,-0.30000001192092896,-0.29885927952523805
1.2999999523162842,0.3033486072170105,-0.30000001192092896,0.3103092908859253,0.33418803289767457,-0.30000001192092896,-0.24354839892092894,-0.22929294092092894,-0.30000001192092896,-0.30000001192092896,-0.30000001192092896,0.861497337920929,0.19792529907907103,0.7165446179209289,-0.30000001192092896,-0.25179996352523804
1.2999999523162842,0.4223889272170105,-0.30000001192092896,0.3103092908859253,0.5136752128976746,-0.30000001192092896,-0.30000001192092896,-0.30000001192092896,-0.30000001192092896,-0.30000001192092896,-0.30000001192092896,0.30000001192092896,-0.30000001192092896,0.30000001192092896,-0.30000001192092896,-0.299900661325238
1.2999999523162842,0.3609160842170105,-0.30000001192092896,0.4237113528859253,0.5393162378976746,-0.30000001192092896,-0.30000001192092896,-0.30000001192092896,-0.30000001192092896,-0.30000001192092896,-0.30000001192092896,0.30000001192092896,-0.24605810292092894,0.746756823920929,-0.30000001192092896,-0.26349443952523804
1.2999999523162842,0.5435854982170105,-0.30000001192092896,0.3103092908859253,0.5136752128976746,-0.30000001192092896,-0.30000001192092896,-0.30000001192092896,-0.30000001192092896,-0.30000001192092896,-0.30000001192092896,0.30000001192092896,-0.30000001192092896,0.30000001192092896,-0.30000001192092896,-0.299900661325238
1.2999999523162842,0.3003056822170105,-0.30000001192092896,0.3103092908859253,0.33418803289767457,-0.30000001192092896,-0.11451614092092896,-0.06767677992092896,-0.30000001192092896,-0.30000001192092896,-0.30000001192092896,0.30000001192092896,-0.30000001192092896,0.30000001192092896,-0.30000001192092896,-0.29984012152523803
1.2999999523162842,0.3918179052170105,-0.30000001192092896,0.3103092908859253,0.5136752128976746,-0.30000001192092896,-0.30000001192092896,-0.30000001192092896,-0.30000001192092896,-0.30000001192092896,-0.30000001192092896,0.30000001192092896,-0.295850633920929,1.1441927509209289,-0.30000001192092896,-0.29947111352523803
1.2999999523162842,0.3315116432170105,-0.30000001192092896,0.3103092908859253,0.3598290588976746,-0.30000001192092896,-0.22741936692092896,-0.28989900192092893,-0.30000001192092896,-0.30000001192092896,-0.30000001192092896,0.849465252920929,-0.05518673392092896,0.8631749139209289,-0.30000001192092896,-0.25435086052523803
1.2999999523162842,0.5726667132170105,-0.30000001192092896,0.3103092908859253,0.5222222208976746,-0.30000001192092896,-0.30000001192092896,-0.30000001192092896,-0.30000001192092896,-0.30000001192092896,-0.30000001192092896,0.30000001192092896,-0.30000001192092896,0.30000001192092896,-0.30000001192092896,-0.299900661325238
1.2999999523162842,0.3330462832170105,-0.30000001192092896,0.3103092908859253,0.3256410248976746,-0.30000001192092896,0.0064516010790710565,0.08383837207907102,-0.30000001192092896,-0.30000001192092896,-0.30000001192092896,0.30000001192092896,-0.30000001192092896,0.30000001192092896,-0.30000001192092896,-0.29984256052523806
1.2999999523162842,0.42271669621701047,-0.30000001192092896,0.3103092908859253,0.4965811958976746,-0.30000001192092896,-0.30000001192092896,-0.30000001192092896,-0.30000001192092896,-0.30000001192092896,-0.30000001192092896,0.30000001192092896,-0.29170125692092896,1.110981954920929,-0.30000001192092896,-0.298348789525238
1.2999999523162842,0.4221108382170105,-0.30000001192092896,0.3103092908859253,0.3170940158976746,-0.30000001192092896,-0.24354839892092894,-0.22929294092092894,-0.30000001192092896,-0.30000001192092896,-0.30000001192092896,0.30000001192092896,-0.30000001192092896,0.30000001192092896,-0.30000001192092896,-0.299854978525238
1.2999999523162842,0.3009103292170105,-0.30000001192092896,0.3103092908859253,0.34273504189767456,-0.30000001192092896,0.08709676207907102,0.18484847307907104,-0.30000001192092896,-0.30000001192092896,-0.30000001192092896,0.30000001192092896,-0.30000001192092896,0.30000001192092896,-0.30000001192092896,-0.29983945552523805
1.2999999523162842,0.3012338572170105,-0.30000001192092896,0.3103092908859253,0.3256410248976746,-0.30000001192092896,-0.07419355992092896,-0.01717172892092894,-0.30000001192092896,-0.30000001192092896,-0.30000001192092896,0.30000001192092896,-0.30000001192092896,0.30000001192092896,-0.30000001192092896,-0.29984056452523805
1.2999999523162842,0.4530096292170105,-0.30000001192092896,0.3103092908859253,0.5222222208976746,-0.30000001192092896,-0.30000001192092896,-0.30000001192092896,-0.30000001192092896,-0.30000001192092896,-0.30000001192092896,0.30000001192092896,-0.30000001192092896,0.30000001192092896,-0.30000001192092896,-0.299820606525238
1.2999999523162842,0.4817857942170105,-0.30000001192092896,0.3103092908859253,0.5136752128976746,-0.30000001192092896,-0.30000001192092896,-0.30000001192092896,-0.30000001192092896,-0.30000001192092896,-0.30000001192092896,0.30000001192092896,-0.295850633920929,1.077346022920929,-0.30000001192092896,-0.299358238525238
1.2999999523162842,0.4211926592170105,-0.30000001192092896,0.3103092908859253,0.5136752128976746,-0.30000001192092896,-0.30000001192092896,-0.30000001192092896,-0.30000001192092896,-0.30000001192092896,-0.30000001192092896,0.30000001192092896,-0.2875518789209289,0.737751744920929,-0.30000001192092896,-0.29903469152523804
1.2999999523162842,0.3048556802170105,-0.30000001192092896,0.3103092908859253,0.3256410248976746,-0.30000001192092896,0.030645149079071066,-0.28989900192092893,-0.30000001192092896,-0.30000001192092896,-0.30000001192092896,1.148930492920929,-0.23775934792092895,1.072055110920929,-0.30000001192092896,-0.25472718552523804
1.2999999523162842,0.3618109382170105,-0.30000001192092896,0.4030927968859253,0.5393162378976746,-0.30000001192092896,-0.30000001192092896,-0.30000001192092896,-0.30000001192092896,-0.30000001192092896,-0.30000001192092896,0.43703209792092895,-0.24605810292092894,0.920659170920929,-0.30000001192092896,-0.277817871525238
1.2999999523162842,0.3015234582170105,-0.30000001192092896,0.3103092908859253,0.3683760668976746,-0.30000001192092896,-0.25161291492092897,-0.28989900192092893,-0.30000001192092896,-0.30000001192092896,-0.30000001192092896,0.825401081920929,-0.01784233592092893,1.044382434920929,-0.30000001192092896,-0.24770029952523803
1.2999999523162842,0.4517979122170105,-0.30000001192092896,0.3103092908859253,0.5051282038976745,-0.30000001192092896,-0.30000001192092896,-0.30000001192092896,-0.30000001192092896,-0.30000001192092896,-0.30000001192092896,0.30000001192092896,-0.30000001192092896,0.30000001192092896,-0.30000001192092896,-0.299896669525238
1.2999999523162842,0.4817879152170105,-0.30000001192092896,0.3103092908859253,0.5393162378976746,-0.30000001192092896,-0.30000001192092896,-0.30000001192092896,-0.30000001192092896,-0.30000001192092896,-0.30000001192092896,0.30000001192092896,-0.295850633920929,0.8920587219209289,-0.30000001192092896,-0.299243588525238
1.2999999523162842,0.3033367932170105,-0.30000001192092896,0.3103092908859253,0.3085470078976746,-0.30000001192092896,-0.09032259292092895,-0.28989900192092893,-0.30000001192092896,-0.30000001192092896,-0.30000001192092896,1.099465252920929,-0.30000001192092896,0.30000001192092896,-0.30000001192092896,-0.29983834652523805
1.2999999523162842,0.3051586102170105,-0.30000001192092896,0.3103092908859253,0.3256410248976746,-0.30000001192092896,0.15967740707907102,0.27575756407907104,-0.30000001192092896,-0.30000001192092896,-0.30000001192092896,0.31537434392092895,-0.20456432692092896,1.044382434920929,-0.30000001192092896,-0.26767770652523803
1.2999999523162842,0.30454548121701047,-0.30000001192092896,0.3103092908859253,0.34273504189767456,-0.30000001192092896,-0.12258065692092895,-0.28989900192092893,-0.30000001192092896,-0.30000001192092896,-0.30000001192092896,1.0794117769209288,-0.30000001192092896,0.30000001192092896,-0.30000001192092896,-0.24989682452523804
1.2999999523162842,0.33123204021701047,-0.30000001192092896,0.3103092908859253,0.3598290588976746,-0.30000001192092896,-0.24354839892092894,-0.28989900192092893,-0.30000001192092896,-0.30000001192092896,-0.30000001192092896,0.861497337920929,-0.09253113192092896,0.990216424920929,-0.30000001192092896,-0.22452201852523804
1.2999999523162842,0.42180790821701053,-0.30000001192092896,0.3103092908859253,0.5222222208976746,-0.30000001192092896,-0.30000001192092896,-0.30000001192092896,0.699999988079071,-0.30000001192092896,-0.30000001192092896,0.30000001192092896,-0.30000001192092896,0.30000001192092896,-0.30000001192092896,-0.29131347652523804
1.2999999523162842,0.3930138702170105,-0.30000001192092896,0.3103092908859253,0.3769230758976746,-0.30000001192092896,-0.26774194692092895,-0.28989900192092893,-0.30000001192092896,-0.30000001192092896,-0.30000001192092896,0.727139048920929,0.04024895107907106,0.979165439920929,-0.30000001192092896,-0.250146969525238
1.2999999523162842,0.5432646952170105,-0.30000001192092896,0.3103092908859253,0.5136752128976746,-0.30000001192092896,-0.30000001192092896,-0.30000001192092896,-0.30000001192092896,-0.30000001192092896,-0.30000001192092896,0.30000001192092896,-0.30000001192092896,0.30000001192092896,-0.30000001192092896,-0.29936378252523804
1.2999999523162842,0.4521008412170105,-0.30000001192092896,0.3103092908859253,0.5222222208976746,-0.30000001192092896,-0.30000001192092896,-0.30000001192092896,-0.30000001192092896,-0.30000001192092896,-0.30000001192092896,0.30000001192092896,-0.2875518789209289,0.708840948920929,-0.30000001192092896,-0.29910720652523803
1.2999999523162842,0.4239284142170105,-0.30000001192092896,0.3103092908859253,0.5136752128976746,-0.30000001192092896,-0.30000001192092896,-0.30000001192092896,-0.30000001192092896,-0.30000001192092896,-0.30000001192092896,0.30000001192092896,-0.30000001192092896,0.30000001192092896,-0.30000001192092896,-0.299064628525238
1.2999999523162842,0.3045527512170105,-0.30000001192092896,0.3103092908859253,0.33418803289767457,-0.30000001192092896,-0.11451614092092896,-0.28989900192092893,-0.30000001192092896,-0.30000001192092896,-0.30000001192092896,1.084090920920929,-0.19626557192092897,1.044382434920929,-0.30000001192092896,-0.25775930052523804
1.2999999523162842,0.3048708272170105,-0.30000001192092896,0.3103092908859253,0.3170940158976746,-0.30000001192092896,0.2161290200790711,-0.28989900192092893,-0.30000001192092896,-0.30000001192092896,-0.30000001192092896,1.155614984920929,-0.30000001192092896,0.30000001192092896,-0.30000001192092896,-0.29983967752523805
1.2999999523162842,0.5741813592170105,-0.30000001192092896,0.3103092908859253,0.5222222208976746,-0.30000001192092896,-0.30000001192092896,-0.30000001192092896,-0.30000001192092896,-0.30000001192092896,-0.30000001192092896,0.30000001192092896,-0.30000001192092896,0.30000001192092896,-0.30000001192092896,-0.299471557525238
1.2999999523162842,0.4224137672170105,-0.30000001192092896,0.3103092908859253,0.5136752128976746,-0.30000001192092896,-0.30000001192092896,-0.30000001192092896,-0.30000001192092896,-0.30000001192092896,-0.30000001192092896,0.30000001192092896,-0.30000001192092896,0.30000001192092896,-0.30000001192092896,-0.278814901525238
1.2999999523162842,0.6332325852170104,-0.30000001192092896,0.3103092908859253,0.3769230758976746,-0.30000001192092896,-0.30000001192092896,-0.30000001192092896,-0.30000001192092896,-0.30000001192092896,-0.30000001192092896,0.30000001192092896,-0.295850633920929,1.119382977920929,-0.30000001192092896,-0.299831028525238
1.2999999523162842,0.45149498221701045,-0.30000001192092896,0.3103092908859253,0.5136752128976746,-0.30000001192092896,-0.30000001192092896,-0.30000001192092896,-0.30000001192092896,-0.30000001192092896,-0.30000001192092896,0.30000001192092896,-0.30000001192092896,0.30000001192092896,-0.30000001192092896,-0.29131325452523804
1.2999999523162842,0.4517979122170105,-0.30000001192092896,0.3103092908859253,0.5051282038976745,-0.30000001192092896,-0.30000001192092896,-0.30000001192092896,-0.30000001192092896,-0.30000001192092896,-0.30000001192092896,0.30000001192092896,-0.30000001192092896,0.30000001192092896,-0.30000001192092896,-0.299896669525238
1.2999999523162842,1.2390812412170105,-0.30000001192092896,0.3103092908859253,0.3769230758976746,-0.30000001192092896,-0.30000001192092896,-0.30000001192092896,-0.30000001192092896,-0.30000001192092896,-0.30000001192092896,0.30000001192092896,-0.30000001192092896,0.30000001192092896,-0.30000001192092896,-0.29990465302523805
1.2999999523162842,0.3618279022170105,-0.30000001192092896,0.3103092908859253,0.34273504189767456,-0.30000001192092896,-0.26774194692092895,-0.259595971920929,-0.30000001192092896,-0.30000001192092896,-0.30000001192092896,0.30000001192092896,-0.30000001192092896,0.30000001192092896,-0.30000001192092896,-0.29986185352523803
1.2999999523162842,0.4212020502170105,-0.30000001192092896,0.3103092908859253,0.5136752128976746,-0.30000001192092896,-0.30000001192092896,-0.30000001192092896,-0.30000001192092896,-0.30000001192092896,-0.30000001192092896,0.30000001192092896,-0.27925312392092894,1.1441927509209289,-0.30000001192092896,-0.299229617525238
1.2999999523162842,1.0876465682170104,-0.30000001192092896,0.3103092908859253,0.3769230758976746,-0.30000001192092896,-0.30000001192092896,-0.30000001192092896,-0.30000001192092896,-0.30000001192092896,-0.30000001192092896,0.30000001192092896,-0.295850633920929,0.990216424920929,-0.30000001192092896,-0.29978911652523804
1.2999999523162842,0.3605961912170105,-0.30000001192092896,0.44432990988592536,0.5222222208976746,-0.30000001192092896,-0.30000001192092896,-0.30000001192092896,-0.30000001192092896,-0.30000001192092896,-0.30000001192092896,0.30000001192092896,-0.24605810292092894,1.119382977920929,-0.30000001192092896,-0.29169800752523806
1.2999999523162842,0.5726667132170105,-0.30000001192092896,0.3103092908859253,0.5136752128976746,-0.30000001192092896,-0.30000001192092896,-0.30000001192092896,-0.30000001192092896,-0.30000001192092896,-0.30000001192092896,0.30000001192092896,-0.2875518789209289,0.927652313920929,-0.30000001192092896,-0.299322313525238
1.2999999523162842,0.3000163844170105,-0.30000001192092896,0.3103092908859253,0.2999999988976746,-0.30000001192092896,-0.025806463920928946,0.04343433107907102,-0.30000001192092896,-0.30000001192092896,-0.30000001192092896,0.30000001192092896,-0.30000001192092896,0.30000001192092896,-0.30000001192092896,-0.299949891925238
1.2999999523162842,0.4521008412170105,-0.30000001192092896,0.3103092908859253,0.3256410248976746,-0.30000001192092896,-0.23548388292092895,-0.21919193092092895,-0.30000001192092896,-0.30000001192092896,-0.30000001192092896,0.30000001192092896,-0.30000001192092896,0.30000001192092896,-0.30000001192092896,-0.29985675352523805
1.2999999523162842,0.3609191142170105,-0.30000001192092896,0.3103092908859253,0.3256410248976746,-0.30000001192092896,-0.23548388292092895,-0.21919193092092895,-0.30000001192092896,-0.30000001192092896,-0.30000001192092896,0.30000001192092896,-0.30000001192092896,0.30000001192092896,-0.30000001192092896,-0.29985298352523804
1.2999999523162842,1.1482324332170104,-0.30000001192092896,0.3103092908859253,0.3769230758976746,-0.30000001192092896,-0.30000001192092896,-0.30000001192092896,-0.30000001192092896,-0.30000001192092896,-0.30000001192092896,0.30000001192092896,-0.29170125692092896,0.721907532920929,-0.30000001192092896,-0.29953830652523805
1.2999999523162842,0.4233225552170105,-0.30000001192092896,0.3103092908859253,0.5222222208976746,-0.30000001192092896,-0.30000001192092896,-0.30000001192092896,-0.30000001192092896,-0.30000001192092896,-0.30000001192092896,0.30000001192092896,-0.30000001192092896,0.30000001192092896,-0.30000001192092896,-0.29896705452523803
1.2999999523162842,0.3609191142170105,-0.30000001192092896,0.3103092908859253,0.3769230758976746,-0.30000001192092896,-0.30000001192092896,-0.30000001192092896,-0.30000001192092896,-0.30000001192092896,-0.30000001192092896,0.30000001192092896,-0.30000001192092896,0.30000001192092896,-0.30000001192092896,-0.299854978525238
1.2999999523162842,0.4820708512170105,-0.30000001192092896,0.4649484668859253,0.4025641018976746,-0.30000001192092896,-0.30000001192092896,-0.30000001192092896,-0.30000001192092896,-0.30000001192092896,-0.30000001192092896,0.30000001192092896,-0.24605810292092894,1.119382977920929,-0.30000001192092896,-0.294493948525238
1.2999999523162842,0.4833025622170105,-0.30000001192092896,0.3103092908859253,0.5222222208976746,-0.30000001192092896,-0.30000001192092896,-0.30000001192092896,-0.30000001192092896,-0.30000001192092896,-0.30000001192092896,0.30000001192092896,-0.30000001192092896,0.30000001192092896,-0.30000001192092896,-0.29990088312523805
1.2999999523162842,0.3912120462170105,-0.30000001192092896,0.3103092908859253,0.34273504189767456,-0.30000001192092896,-0.27580646392092895,-0.26969698192092895,-0.30000001192092896,-0.30000001192092896,-0.30000001192092896,0.30000001192092896,-0.30000001192092896,0.30000001192092896,-0.30000001192092896,-0.29985475752523805
1.2999999523162842,0.3909091172170105,-0.30000001192092896,0.3103092908859253,0.5307692298976746,-0.30000001192092896,-0.30000001192092896,-0.30000001192092896,-0.30000001192092896,-0.30000001192092896,-0.30000001192092896,0.30000001192092896,-0.295850633920929,0.830881789920929,-0.30000001192092896,-0.29932497452523804
1.2999999523162842,0.3006210312170105,-0.30000001192092896,0.3103092908859253,0.34273504189767456,-0.30000001192092896,-0.05806452792092895,0.0030302910790710458,-0.30000001192092896,-0.30000001192092896,-0.30000001192092896,0.30000001192092896,-0.30000001192092896,0.30000001192092896,-0.30000001192092896,-0.29290304752523805
1.2999999523162842,0.5429796392170105,-0.30000001192092896,0.3103092908859253,0.5136752128976746,-0.30000001192092896,-0.30000001192092896,-0.30000001192092896,-0.30000001192092896,-0.30000001192092896,-0.30000001192092896,0.30000001192092896,-0.295850633920929,1.094716369920929,-0.30000001192092896,-0.299429644525238
1.2999999523162842,0.3009385012170105,-0.30000001192092896,0.4752577448859253,0.3940170928976746,-0.30000001192092896,-0.25161291492092897,-0.28989900192092893,-0.30000001192092896,-0.30000001192092896,-0.30000001192092896,0.727139048920929,0.363900403079071,0.927652313920929,-0.30000001192092896,-0.22299409652523805
1.2999999523162842,0.3924110412170105,-0.30000001192092896,0.3103092908859253,0.5051282038976745,-0.30000001192092896,-0.30000001192092896,-0.30000001192092896,-0.30000001192092896,-0.30000001192092896,-0.30000001192092896,0.30000001192092896,-0.295850633920929,0.897441642920929,-0.30000001192092896,-0.29941101652523805
1.2999999523162842,0.3033470922170105,-0.30000001192092896,0.3103092908859253,0.3256410248976746,-0.30000001192092896,0.014516117079071023,0.09393938207907104,-0.30000001192092896,-0.30000001192092896,-0.30000001192092896,0.32139038592092894,-0.16721992892092896,0.8920587219209289,-0.30000001192092896,-0.268853030525238
1.2999999523162842,0.4521008412170105,-0.30000001192092896,0.3103092908859253,0.5222222208976746,-0.30000001192092896,-0.30000001192092896,-0.30000001192092896,-0.30000001192092896,-0.30000001192092896,-0.30000001192092896,0.30000001192092896,-0.30000001192092896,0.30000001192092896,-0.30000001192092896,-0.29932408752523804
1.2999999523162842,0.30425345721701047,-0.30000001192092896,0.3103092908859253,0.34273504189767456,-0.30000001192092896,-0.06612904392092894,-0.007070718920928976,-0.30000001192092896,-0.30000001192092896,-0.30000001192092896,0.30000001192092896,-0.30000001192092896,0.30000001192092896,-0.30000001192092896,-0.29983967752523805
1.2999999523162842,0.4233225552170105,-0.30000001192092896,0.3103092908859253,0.5051282038976745,-0.30000001192092896,-0.30000001192092896,-0.30000001192092896,-0.30000001192092896,-0.30000001192092896,-0.30000001192092896,0.30000001192092896,-0.30000001192092896,0.30000001192092896,-0.30000001192092896,-0.291273338525238
1.2999999523162842,0.4215037672170105,-0.30000001192092896,0.8257732088859253,0.5393162378976746,-0.30000001192092896,-0.30000001192092896,-0.30000001192092896,-0.30000001192092896,-0.30000001192092896,-0.30000001192092896,0.30000001192092896,-0.24605810292092894,0.808402569920929,-0.30000001192092896,-0.295342842525238
1.2999999523162842,0.3927266932170105,-0.30000001192092896,0.3103092908859253,0.34273504189767456,-0.30000001192092896,-0.26774194692092895,-0.259595971920929,-0.30000001192092896,-0.30000001192092896,-0.30000001192092896,0.30000001192092896,-0.30000001192092896,0.30000001192092896,-0.30000001192092896,-0.28417282752523804
1.2999999523162842,0.4817879152170105,-0.30000001192092896,0.3103092908859253,0.5222222208976746,-0.30000001192092896,-0.30000001192092896,-0.30000001192092896,-0.30000001192092896,-0.30000001192092896,-0.30000001192092896,0.30000001192092896,-0.295850633920929,1.124763670920929,-0.30000001192092896,-0.299252680525238
1.2999999523162842,0.4817867032170105,-0.30000001192092896,0.4134020748859253,0.5393162378976746,-0.30000001192092896,-0.30000001192092896,-0.30000001192092896,-0.30000001192092896,-0.30000001192092896,-0.30000001192092896,0.30000001192092896,-0.24605810292092894,0.808402569920929,-0.30000001192092896,-0.29553621652523804
1.2999999523162842,0.33332649321701047,-0.30000001192092896,0.3103092908859253,0.38547008389767456,-0.30000001192092896,-0.30000001192092896,-0.30000001192092896,-0.30000001192092896,-0.30000001192092896,-0.30000001192092896,0.30000001192092896,-0.30000001192092896,0.30000001192092896,-0.30000001192092896,-0.299870723525238
1.2999999523162842,0.48239377421701046,-0.30000001192092896,0.3103092908859253,0.5136752128976746,-0.30000001192092896,-0.30000001192092896,-0.30000001192092896,-0.30000001192092896,-0.30000001192092896,-0.30000001192092896,0.30000001192092896,-0.295850633920929,1.131897453920929,-0.30000001192092896,-0.29949173752523806
1.2999999523162842,0.3336539602170105,-0.30000001192092896,0.3103092908859253,0.33418803289767457,-0.30000001192092896,-0.10645162492092897,-0.05757576992092894,-0.30000001192092896,-0.30000001192092896,-0.30000001192092896,0.30000001192092896,-0.30000001192092896,0.30000001192092896,-0.30000001192092896,-0.299836351525238
1.2999999523162842,0.5423737802170105,-0.30000001192092896,0.3103092908859253,0.5222222208976746,-0.30000001192092896,-0.30000001192092896,-0.30000001192092896,-0.30000001192092896,-0.30000001192092896,-0.30000001192092896,0.30000001192092896,-0.30000001192092896,0.30000001192092896,-0.30000001192092896,-0.29990088312523805
1.2999999523162842,0.4833025622170105,-0.30000001192092896,0.3103092908859253,0.5222222208976746,-0.30000001192092896,-0.30000001192092896,-0.30000001192092896,-0.30000001192092896,-0.30000001192092896,-0.30000001192092896,0.30000001192092896,-0.295850633920929,1.159883051920929,-0.30000001192092896,-0.29911031152523804
1.2999999523162842,0.4212020502170105,-0.30000001192092896,0.3103092908859253,0.5051282038976745,-0.30000001192092896,-0.30000001192092896,-0.30000001192092896,-0.30000001192092896,-0.30000001192092896,-0.30000001192092896,0.30000001192092896,-0.295850633920929,0.8156024129209289,-0.30000001192092896,-0.299077490525238
1.2999999523162842,0.3030526452170105,-0.30000001192092896,0.3103092908859253,0.3769230758976746,-0.30000001192092896,-0.21935485092092893,-0.28989900192092893,-0.30000001192092896,-0.30000001192092896,-0.30000001192092896,0.941042792920929,-0.30000001192092896,0.30000001192092896,-0.30000001192092896,-0.29984034252523806
1.2999999523162842,0.3606034612170105,-0.30000001192092896,0.4340206318859253,0.5393162378976746,-0.30000001192092896,-0.30000001192092896,-0.30000001192092896,0.699999988079071,-0.30000001192092896,-0.30000001192092896,0.30000001192092896,-0.24605810292092894,1.020383467920929,-0.30000001192092896,-0.27275865552523804
1.2999999523162842,0.6638484402170105,-0.30000001192092896,0.3103092908859253,0.3769230758976746,-0.30000001192092896,-0.30000001192092896,-0.30000001192092896,-0.30000001192092896,-0.30000001192092896,-0.30000001192092896,0.30000001192092896,-0.30000001192092896,0.30000001192092896,-0.30000001192092896,-0.29990487482523803
1.2999999523162842,0.3030317432170105,-0.30000001192092896,0.3103092908859253,0.3769230758976746,-0.30000001192092896,-0.24354839892092894,-0.22929294092092894,-0.30000001192092896,-0.30000001192092896,-0.30000001192092896,0.30000001192092896,-0.30000001192092896,0.30000001192092896,-0.30000001192092896,-0.29983745952523805
1.2999999523162842,0.4829996322170105,-0.30000001192092896,0.3103092908859253,0.5222222208976746,-0.30000001192092896,-0.30000001192092896,-0.30000001192092896,-0.30000001192092896,-0.30000001192092896,-0.30000001192092896,0.30000001192092896,-0.30000001192092896,0.30000001192092896,-0.30000001192092896,-0.29990088312523805
1.2999999523162842,0.5429796392170105,-0.30000001192092896,0.3103092908859253,0.5222222208976746,-0.30000001192092896,-0.30000001192092896,-0.30000001192092896,-0.30000001192092896,-0.30000001192092896,-0.30000001192092896,0.30000001192092896,-0.30000001192092896,0.30000001192092896,-0.30000001192092896,-0.299900217825238
1.2999999523162842,0.39149558821701047,-0.30000001192092896,0.3103092908859253,0.4025641018976746,-0.30000001192092896,-0.29193549592092893,-0.28989900192092893,-0.30000001192092896,-0.30000001192092896,-0.30000001192092896,0.4610962689209289,-0.30000001192092896,0.30000001192092896,-0.30000001192092896,-0.299860301525238
1.2999999523162842,0.9361819052170105,-0.30000001192092896,0.3103092908859253,0.3769230758976746,-0.30000001192092896,-0.30000001192092896,-0.30000001192092896,-0.30000001192092896,-0.30000001192092896,-0.30000001192092896,0.30000001192092896,-0.30000001192092896,0.30000001192092896,-0.30000001192092896,-0.29990487482523803
1.2999999523162842,0.5132925652170105,-0.30000001192092896,0.3103092908859253,0.5222222208976746,-0.30000001192092896,-0.30000001192092896,-0.30000001192092896,-0.30000001192092896,-0.30000001192092896,-0.30000001192092896,0.30000001192092896,-0.30000001192092896,0.30000001192092896,-0.30000001192092896,-0.299435632525238
1.2999999523162842,0.42271669621701047,-0.30000001192092896,0.3103092908859253,0.3512820498976746,-0.30000001192092896,-0.26774194692092895,-0.259595971920929,-0.30000001192092896,-0.30000001192092896,-0.30000001192092896,0.30000001192092896,-0.30000001192092896,0.30000001192092896,-0.30000001192092896,-0.29985564452523805
1.2999999523162842,0.3621308312170105,-0.30000001192092896,0.3103092908859253,0.3683760668976746,-0.30000001192092896,-0.28387097992092897,-0.28989900192092893,-0.30000001192092896,-0.30000001192092896,-0.30000001192092896,0.575401081920929,0.11078837007907105,0.917708219920929,-0.30000001192092896,-0.26030221452523805
1.2999999523162842,0.42150497921701047,-0.30000001192092896,0.3103092908859253,0.5051282038976745,-0.30000001192092896,-0.30000001192092896,-0.30000001192092896,-0.30000001192092896,-0.30000001192092896,-0.30000001192092896,0.30000001192092896,-0.30000001192092896,0.30000001192092896,-0.30000001192092896,-0.29990088312523805
1.2999999523162842,0.5432825682170105,-0.30000001192092896,0.3103092908859253,0.5051282038976745,-0.30000001192092896,-0.30000001192092896,-0.30000001192092896,-0.30000001192092896,-0.30000001192092896,-0.30000001192092896,0.30000001192092896,-0.295850633920929,1.092871814920929,-0.30000001192092896,-0.29940015052523805
1.2999999523162842,0.5435854982170105,-0.30000001192092896,0.3103092908859253,0.5222222208976746,-0.30000001192092896,-0.30000001192092896,-0.30000001192092896,-0.30000001192092896,-0.30000001192092896,-0.30000001192092896,0.30000001192092896,-0.30000001192092896,0.30000001192092896,-0.30000001192092896,-0.299507482525238
1.2999999523162842,0.5429796392170105,-0.30000001192092896,0.3103092908859253,0.5136752128976746,-0.30000001192092896,-0.30000001192092896,-0.30000001192092896,-0.30000001192092896,-0.30000001192092896,-0.30000001192092896,0.30000001192092896,-0.295850633920929,0.856131456920929,-0.30000001192092896,-0.29947089152523804
1.2999999523162842,0.3621047792170105,-0.30000001192092896,0.3103092908859253,0.5222222208976746,-0.30000001192092896,-0.30000001192092896,-0.30000001192092896,-0.30000001192092896,-0.30000001192092896,-0.30000001192092896,0.30000001192092896,-0.30000001192092896,0.30000001192092896,-0.30000001192092896,-0.29947200052523804
1.2999999523162842,0.4829996322170105,-0.30000001192092896,0.3103092908859253,0.5222222208976746,-0.30000001192092896,-0.30000001192092896,-0.30000001192092896,-0.30000001192092896,-0.30000001192092896,-0.30000001192092896,0.30000001192092896,-0.295850633920929,1.0829122709209291,-0.30000001192092896,-0.298928690525238
1.2999999523162842,0.3321111402170105,-0.30000001192092896,0.3103092908859253,0.33418803289767457,-0.30000001192092896,-0.16290323792092895,-0.12828283992092895,-0.30000001192092896,-0.30000001192092896,-0.30000001192092896,0.30000001192092896,-0.30000001192092896,0.30000001192092896,-0.30000001192092896,-0.29983989952523804
1.2999999523162842,0.4212020502170105,-0.30000001192092896,0.3103092908859253,0.5136752128976746,-0.30000001192092896,-0.30000001192092896,-0.30000001192092896,-0.30000001192092896,-0.30000001192092896,-0.30000001192092896,0.30000001192092896,-0.30000001192092896,0.30000001192092896,-0.30000001192092896,-0.299077490525238
1.2999999523162842,0.3633425482170105,-0.30000001192092896,0.3103092908859253,0.5051282038976745,-0.30000001192092896,-0.30000001192092896,-0.30000001192092896,-0.30000001192092896,-0.30000001192092896,-0.30000001192092896,0.30000001192092896,-0.30000001192092896,0.30000001192092896,-0.30000001192092896,-0.28987159752523806
1.2999999523162842,0.3909091172170105,-0.30000001192092896,0.3103092908859253,0.4965811958976746,-0.30000001192092896,-0.30000001192092896,-0.30000001192092896,-0.30000001192092896,-0.30000001192092896,-0.30000001192092896,0.30000001192092896,-0.30000001192092896,0.30000001192092896,-0.30000001192092896,-0.27956400452523805
1.2999999523162842,0.39242376421701053,-0.30000001192092896,0.3103092908859253,0.4880341868976746,-0.30000001192092896,-0.30000001192092896,-0.30000001192092896,-0.30000001192092896,-0.30000001192092896,-0.30000001192092896,0.30000001192092896,-0.30000001192092896,0.30000001192092896,-0.30000001192092896,-0.28511397352523804
1.2999999523162842,0.5129596462170105,-0.30000001192092896,0.3103092908859253,0.5222222208976746,-0.30000001192092896,-0.30000001192092896,-0.30000001192092896,-0.30000001192092896,-0.30000001192092896,-0.30000001192092896,0.30000001192092896,-0.30000001192092896,0.30000001192092896,-0.30000001192092896,-0.299292153525238
1.2999999523162842,0.3021441602170105,-0.30000001192092896,0.3103092908859253,0.33418803289767457,-0.30000001192092896,-0.09032259292092895,-0.03737374892092893,-0.30000001192092896,-0.30000001192092896,-0.30000001192092896,0.30000001192092896,-0.30000001192092896,0.30000001192092896,-0.30000001192092896,-0.29984012152523803
0.2999999523162842,0.3039484072170105,-0.25561360692092894,0.3000000128859253,0.3256410248976746,0.699999988079071,-0.30000001192092896,-0.30000001192092896,0.699999988079071,-0.27979799192092897,0.24356845307907105,0.30000001192092896,-0.30000001192092896,0.30000001192092896,-0.23333334492092894,-0.29518140152523803
1.2999999523162842,0.5120808482170105,-0.30000001192092896,0.3103092908859253,0.5136752128976746,-0.30000001192092896,-0.30000001192092896,-0.30000001192092896,-0.30000001192092896,-0.30000001192092896,-0.30000001192092896,0.30000001192092896,-0.30000001192092896,0.30000001192092896,-0.30000001192092896,-0.29933739252523806
1.2999999523162842,0.3048529542170105,-0.30000001192092896,0.3103092908859253,0.3085470078976746,-0.30000001192092896,0.07903224607907106,0.17474746307907102,-0.30000001192092896,-0.30000001192092896,-0.30000001192092896,0.30000001192092896,-0.30000001192092896,0.30000001192092896,-0.30000001192092896,-0.28373440952523804
1.2999999523162842,0.4826967032170105,-0.30000001192092896,0.3103092908859253,0.3598290588976746,-0.30000001192092896,-0.24354839892092894,-0.22929294092092894,-0.30000001192092896,-0.30000001192092896,-0.30000001192092896,0.38021391592092896,0.19792529907907103,0.891385137920929,-0.30000001192092896,-0.22001076952523801
1.2999999523162842,0.3009212342170105,-0.30000001192092896,0.3103092908859253,0.34273504189767456,-0.30000001192092896,-0.20322581792092898,-0.28989900192092893,-0.30000001192092896,-0.30000001192092896,-0.30000001192092896,0.981818193920929,-0.30000001192092896,0.30000001192092896,-0.30000001192092896,-0.29983923452523803
1.2999999523162842,0.4212020502170105,-0.30000001192092896,0.3103092908859253,0.5307692298976746,-0.30000001192092896,-0.30000001192092896,-0.30000001192092896,-0.30000001192092896,-0.30000001192092896,-0.30000001192092896,0.30000001192092896,-0.30000001192092896,0.30000001192092896,-0.30000001192092896,-0.29896683252523804
1.2999999523162842,0.3630108412170105,-0.30000001192092896,0.3103092908859253,0.3512820498976746,-0.30000001192092896,-0.28387097992092897,-0.27979799192092897,-0.30000001192092896,-0.30000001192092896,-0.30000001192092896,0.38221926292092895,-0.30000001192092896,0.30000001192092896,-0.30000001192092896,-0.299846552525238
1.2999999523162842,0.6335555082170106,-0.30000001192092896,0.3103092908859253,0.5222222208976746,-0.30000001192092896,-0.30000001192092896,-0.30000001192092896,-0.30000001192092896,-0.30000001192092896,-0.30000001192092896,0.30000001192092896,-0.295850633920929,0.891385137920929,-0.30000001192092896,-0.299554938525238
1.2999999523162842,0.5423737802170105,-0.30000001192092896,0.3103092908859253,0.5222222208976746,-0.30000001192092896,-0.30000001192092896,-0.30000001192092896,-0.30000001192092896,-0.30000001192092896,-0.30000001192092896,0.30000001192092896,-0.2875518789209289,0.9747591699209289,-0.30000001192092896,-0.29909877952523806
1.2999999523162842,0.3048762792170105,-0.30000001192092896,0.3103092908859253,0.3598290588976746,-0.30000001192092896,-0.20322581792092898,-0.17878789092092895,-0.30000001192092896,-0.30000001192092896,-0.30000001192092896,0.30000001192092896,-0.30000001192092896,0.30000001192092896,-0.30000001192092896,-0.29983989952523804
1.2999999523162842,0.33029568521701047,-0.30000001192092896,0.3103092908859253,0.34273504189767456,-0.30000001192092896,-0.17903226992092897,-0.14848485992092897,-0.30000001192092896,-0.30000001192092896,-0.30000001192092896,0.34812835392092895,-0.0012448249209289775,1.088932179920929,-0.30000001192092896,-0.258395084525238
1.2999999523162842,0.4224137672170105,-0.30000001192092896,0.3103092908859253,0.5051282038976745,-0.30000001192092896,-0.30000001192092896,-0.30000001192092896,-0.30000001192092896,-0.30000001192092896,-0.30000001192092896,0.30000001192092896,-0.30000001192092896,0.30000001192092896,-0.30000001192092896,-0.299900661325238
1.2999999523162842,0.3012120462170105,-0.30000001192092896,0.33092784788592533,0.5393162378976746,-0.30000001192092896,-0.30000001192092896,-0.30000001192092896,0.699999988079071,-0.30000001192092896,-0.30000001192092896,0.30000001192092896,-0.24605810292092894,1.1978775169209288,-0.30000001192092896,-0.24141098452523801
1.2999999523162842,0.3339347752170105,-0.30000001192092896,0.3103092908859253,0.3769230758976746,-0.30000001192092896,-0.26774194692092895,-0.259595971920929,-0.30000001192092896,-0.30000001192092896,-0.30000001192092896,0.30000001192092896,-0.30000001192092896,0.30000001192092896,-0.30000001192092896,-0.295746222525238
1.2999999523162842,0.3321338602170105,-0.30000001192092896,0.4752577448859253,0.5393162378976746,-0.30000001192092896,-0.25967743092092893,-0.28989900192092893,-0.30000001192092896,-0.30000001192092896,-0.30000001192092896,0.779946535920929,0.29751036107907103,0.9897557319209289,-0.30000001192092896,-0.254433798525238
1.2999999523162842,0.4820608542170105,-0.30000001192092896,0.3103092908859253,0.5051282038976745,-0.30000001192092896,-0.30000001192092896,-0.30000001192092896,-0.30000001192092896,-0.30000001192092896,-0.30000001192092896,0.30000001192092896,-0.295850633920929,0.990216424920929,-0.30000001192092896,-0.299507038525238
1.2999999523162842,0.4517979122170105,-0.30000001192092896,0.3103092908859253,0.5307692298976746,-0.30000001192092896,-0.30000001192092896,-0.30000001192092896,-0.30000001192092896,-0.30000001192092896,-0.30000001192092896,0.30000001192092896,-0.30000001192092896,0.30000001192092896,-0.30000001192092896,-0.29990088312523805
1.2999999523162842,0.3324264902170105,-0.30000001192092896,0.3103092908859253,0.34273504189767456,-0.30000001192092896,-0.13870968892092894,-0.28989900192092893,-0.30000001192092896,-0.30000001192092896,-0.30000001192092896,1.062032097920929,-0.30000001192092896,0.30000001192092896,-0.30000001192092896,-0.299841229525238
1.2999999523162842,0.5426767102170105,-0.30000001192092896,0.3103092908859253,0.5136752128976746,-0.30000001192092896,-0.30000001192092896,-0.30000001192092896,-0.30000001192092896,-0.30000001192092896,-0.30000001192092896,0.30000001192092896,-0.295850633920929,1.028334791920929,-0.30000001192092896,-0.299166194525238
1.2999999523162842,0.3309291102170105,-0.30000001192092896,0.3103092908859253,0.38547008389767456,-0.30000001192092896,-0.30000001192092896,-0.30000001192092896,-0.30000001192092896,-0.30000001192092896,-0.30000001192092896,0.30000001192092896,-0.29170125692092896,0.7584912959209289,-0.30000001192092896,-0.29909789252523805
1.2999999523162842,0.3908951822170105,-0.30000001192092896,0.48556702288592535,0.5393162378976746,-0.30000001192092896,-0.30000001192092896,-0.30000001192092896,-0.30000001192092896,-0.30000001192092896,-0.30000001192092896,0.30000001192092896,-0.24605810292092894,1.300000011920929,-0.30000001192092896,-0.29365370252523804
1.2999999523162842,0.3009297162170105,-0.30000001192092896,0.5577319718859253,0.5307692298976746,-0.30000001192092896,-0.30000001192092896,-0.30000001192092896,0.699999988079071,-0.30000001192092896,-0.30000001192092896,0.39625669592092894,-0.24605810292092894,0.765188056920929,-0.30000001192092896,-0.254317152525238
1.2999999523162842,0.3309291102170105,-0.30000001192092896,0.3103092908859253,0.33418803289767457,-0.30000001192092896,-0.18709678592092896,-0.28989900192092893,-0.30000001192092896,-0.30000001192092896,-0.30000001192092896,1.011229958920929,-0.16307055092092895,0.888830948920929,-0.30000001192092896,-0.24753819352523804
1.2999999523162842,0.5726667132170105,-0.30000001192092896,0.3103092908859253,0.3769230758976746,-0.30000001192092896,-0.30000001192092896,-0.30000001192092896,-0.30000001192092896,-0.30000001192092896,-0.30000001192092896,0.30000001192092896,-0.29170125692092896,0.7782413209209289,-0.30000001192092896,-0.29975141752523804
1.2999999523162842,0.4211759982170105,-0.30000001192092896,0.3103092908859253,0.33418803289767457,-0.30000001192092896,-0.30000001192092896,-0.30000001192092896,-0.30000001192092896,-0.30000001192092896,-0.30000001192092896,0.30000001192092896,-0.30000001192092896,0.30000001192092896,-0.30000001192092896,-0.298437937525238
1.2999999523162842,0.4524037702170105,-0.30000001192092896,0.3103092908859253,0.5222222208976746,-0.30000001192092896,-0.30000001192092896,-0.30000001192092896,-0.30000001192092896,-0.30000001192092896,-0.30000001192092896,0.30000001192092896,-0.30000001192092896,0.30000001192092896,-0.30000001192092896,-0.29990088312523805
1.2999999523162842,0.3036436602170105,-0.30000001192092896,0.3103092908859253,0.3598290588976746,-0.30000001192092896,-0.25161291492092897,-0.23939395092092897,-0.30000001192092896,-0.30000001192092896,-0.30000001192092896,0.30000001192092896,-0.30000001192092896,0.30000001192092896,-0.30000001192092896,-0.29984056452523805
1.2999999523162842,0.42180790821701053,-0.30000001192092896,0.3103092908859253,0.5222222208976746,-0.30000001192092896,-0.30000001192092896,-0.30000001192092896,-0.30000001192092896,-0.30000001192092896,-0.30000001192092896,0.30000001192092896,-0.30000001192092896,0.30000001192092896,-0.30000001192092896,-0.299900217825238
1.2999999523162842,0.4517979122170105,-0.30000001192092896,0.3103092908859253,0.5051282038976745,-0.30000001192092896,-0.30000001192092896,-0.30000001192092896,-0.30000001192092896,-0.30000001192092896,-0.30000001192092896,0.30000001192092896,-0.30000001192092896,0.30000001192092896,-0.30000001192092896,-0.29989644752523803
1.2999999523162842,0.3336554742170105,-0.30000001192092896,0.3103092908859253,0.3598290588976746,-0.30000001192092896,-0.17903226992092897,-0.14848485992092897,-0.30000001192092896,-0.30000001192092896,-0.30000001192092896,0.30000001192092896,-0.30000001192092896,0.30000001192092896,-0.30000001192092896,-0.29984965652523804
1.2999999523162842,0.5429796392170105,-0.30000001192092896,0.3103092908859253,0.5136752128976746,-0.30000001192092896,-0.30000001192092896,-0.30000001192092896,-0.30000001192092896,-0.30000001192092896,-0.30000001192092896,0.30000001192092896,-0.30000001192092896,0.30000001192092896,-0.30000001192092896,-0.299471335525238
1.2999999523162842,0.4211984142170105,-0.30000001192092896,0.4134020748859253,0.5393162378976746,-0.30000001192092896,-0.30000001192092896,-0.30000001192092896,-0.30000001192092896,-0.30000001192092896,-0.30000001192092896,0.30000001192092896,-0.24605810292092894,0.7381502899209289,-0.30000001192092896,-0.29510201252523804
1.2999999523162842,0.4239284142170105,-0.30000001192092896,0.3103092908859253,0.5307692298976746,-0.30000001192092896,-0.30000001192092896,-0.30000001192092896,-0.30000001192092896,-0.30000001192092896,-0.30000001192092896,0.30000001192092896,-0.29170125692092896,0.726050401920929,-0.30000001192092896,-0.298966389525238
1.2999999523162842,0.4217791302170105,-0.30000001192092896,0.3103092908859253,0.5222222208976746,-0.30000001192092896,-0.30000001192092896,-0.30000001192092896,0.699999988079071,-0.30000001192092896,-0.30000001192092896,0.30000001192092896,-0.30000001192092896,0.30000001192092896,-0.30000001192092896,-0.278997852525238
1.2999999523162842,0.5132925652170105,-0.30000001192092896,0.3103092908859253,0.5222222208976746,-0.30000001192092896,-0.30000001192092896,-0.30000001192092896,-0.30000001192092896,-0.30000001192092896,-0.30000001192092896,0.30000001192092896,-0.30000001192092896,0.30000001192092896,-0.30000001192092896,-0.299579553525238
1.2999999523162842,0.3912120462170105,-0.30000001192092896,0.3103092908859253,0.5136752128976746,-0.30000001192092896,-0.30000001192092896,-0.30000001192092896,-0.30000001192092896,-0.30000001192092896,-0.30000001192092896,0.30000001192092896,-0.295850633920929,0.831649561920929,-0.30000001192092896,-0.29948796752523804
1.2999999523162842,0.4221108382170105,-0.30000001192092896,0.3103092908859253,0.5222222208976746,-0.30000001192092896,-0.30000001192092896,-0.30000001192092896,-0.30000001192092896,-0.30000001192092896,-0.30000001192092896,0.30000001192092896,-0.295850633920929,1.088932179920929,-0.30000001192092896,-0.295204686525238
1.2999999523162842,0.3042519422170105,-0.30000001192092896,0.3103092908859253,0.34273504189767456,-0.30000001192092896,-0.27580646392092895,-0.26969698192092895,-0.30000001192092896,-0.30000001192092896,-0.30000001192092896,0.30000001192092896,-0.30000001192092896,0.30000001192092896,-0.30000001192092896,-0.29983834652523805
1.2999999523162842,0.4524037702170105,-0.30000001192092896,0.3103092908859253,0.5051282038976745,-0.30000001192092896,-0.30000001192092896,-0.30000001192092896,-0.30000001192092896,-0.30000001192092896,-0.30000001192092896,0.30000001192092896,-0.30000001192092896,0.30000001192092896,-0.30000001192092896,-0.29990088312523805
1.2999999523162842,0.5126867062170105,-0.30000001192092896,0.3103092908859253,0.5136752128976746,-0.30000001192092896,-0.30000001192092896,-0.30000001192092896,-0.30000001192092896,-0.30000001192092896,-0.30000001192092896,0.30000001192092896,-0.30000001192092896,0.30000001192092896,-0.30000001192092896,-0.299900661325238
1.2999999523162842,0.3927266932170105,-0.30000001192092896,0.3103092908859253,0.5136752128976746,-0.30000001192092896,-0.30000001192092896,-0.30000001192092896,-0.30000001192092896,-0.30000001192092896,-0.30000001192092896,0.30000001192092896,-0.30000001192092896,0.30000001192092896,-0.30000001192092896,-0.29954939452523804
1.2999999523162842,0.3302944732170105,-0.30000001192092896,0.3103092908859253,0.3085470078976746,-0.30000001192092896,0.296774182079071,-0.28989900192092893,-0.30000001192092896,-0.30000001192092896,-0.30000001192092896,1.190374343920929,-0.30000001192092896,0.30000001192092896,-0.30000001192092896,-0.29983856852523805
1.2999999523162842,0.30485386321701047,-0.30000001192092896,0.3103092908859253,0.3256410248976746,-0.30000001192092896,-0.025806463920928946,0.04343433107907102,-0.30000001192092896,-0.30000001192092896,-0.30000001192092896,0.30000001192092896,-0.30000001192092896,0.30000001192092896,-0.30000001192092896,-0.29983790352523804
1.2999999523162842,0.3027369922170105,-0.30000001192092896,0.3103092908859253,0.33418803289767457,-0.30000001192092896,-0.22741936692092896,-0.28989900192092893,-0.30000001192092896,-0.30000001192092896,-0.30000001192092896,0.919652417920929,-0.30000001192092896,0.30000001192092896,-0.30000001192092896,-0.29983812552523803
1.2999999523162842,0.6335555082170106,-0.30000001192092896,0.3103092908859253,0.5136752128976746,-0.30000001192092896,-0.30000001192092896,-0.30000001192092896,-0.30000001192092896,-0.30000001192092896,-0.30000001192092896,0.30000001192092896,-0.27925312392092894,0.9164036419209289,-0.30000001192092896,-0.299144462525238
1.2999999523162842,0.8755960392170105,-0.30000001192092896,0.3103092908859253,0.3769230758976746,-0.30000001192092896,-0.30000001192092896,-0.30000001192092896,-0.30000001192092896,-0.30000001192092896,-0.30000001192092896,0.30000001192092896,-0.295850633920929,0.765188056920929,-0.30000001192092896,-0.29972369752523803
1.2999999523162842,0.6332525782170104,-0.30000001192092896,0.3103092908859253,0.3769230758976746,-0.30000001192092896,-0.30000001192092896,-0.30000001192092896,-0.30000001192092896,-0.30000001192092896,-0.30000001192092896,0.30000001192092896,-0.30000001192092896,0.30000001192092896,-0.30000001192092896,-0.29990465302523805
1.2999999523162842,0.4224137672170105,-0.30000001192092896,0.3103092908859253,0.5136752128976746,-0.30000001192092896,-0.30000001192092896,-0.30000001192092896,-0.30000001192092896,-0.30000001192092896,-0.30000001192092896,0.30000001192092896,-0.30000001192092896,0.30000001192092896,-0.30000001192092896,-0.299895560525238
1.2999999523162842,0.5435854982170105,-0.30000001192092896,0.3103092908859253,0.5222222208976746,-0.30000001192092896,-0.30000001192092896,-0.30000001192092896,-0.30000001192092896,-0.30000001192092896,-0.30000001192092896,0.30000001192092896,-0.295850633920929,0.7165446179209289,-0.30000001192092896,-0.299507482525238
1.2999999523162842,0.5132925652170105,-0.30000001192092896,0.3103092908859253,0.5307692298976746,-0.30000001192092896,-0.30000001192092896,-0.30000001192092896,-0.30000001192092896,-0.30000001192092896,-0.30000001192092896,0.30000001192092896,-0.30000001192092896,0.30000001192092896,-0.30000001192092896,-0.29990043962523805
1.2999999523162842,0.4220887242170105,-0.30000001192092896,0.3103092908859253,0.5222222208976746,-0.30000001192092896,-0.30000001192092896,-0.30000001192092896,-0.30000001192092896,-0.30000001192092896,-0.30000001192092896,0.30000001192092896,-0.30000001192092896,0.30000001192092896,-0.30000001192092896,-0.299216977525238
1.2999999523162842,0.3309042702170105,-0.30000001192092896,0.5474226928859254,0.4282051268976746,-0.30000001192092896,-0.29193549592092893,-0.28989900192092893,-0.30000001192092896,-0.30000001192092896,-0.30000001192092896,0.4610962689209289,0.699999988079071,0.713624865920929,-0.30000001192092896,-0.24768987652523802
1.2999999523162842,0.3609179022170105,-0.30000001192092896,0.49587630188592535,0.5393162378976746,-0.30000001192092896,-0.30000001192092896,-0.30000001192092896,-0.30000001192092896,-0.30000001192092896,-0.30000001192092896,0.30000001192092896,-0.24605810292092894,0.808402569920929,-0.30000001192092896,-0.295492086525238
1.2999999523162842,0.3027291162170105,-0.30000001192092896,0.3103092908859253,0.34273504189767456,-0.30000001192092896,-0.25161291492092897,-0.28989900192092893,-0.30000001192092896,-0.30000001192092896,-0.30000001192092896,0.825401081920929,-0.30000001192092896,0.30000001192092896,-0.30000001192092896,-0.29983989952523804
1.2999999523162842,0.5123837772170106,-0.30000001192092896,0.3103092908859253,0.5222222208976746,-0.30000001192092896,-0.30000001192092896,-0.30000001192092896,-0.30000001192092896,-0.30000001192092896,-0.30000001192092896,0.30000001192092896,-0.30000001192092896,0.30000001192092896,-0.30000001192092896,-0.29990043962523805
1.2999999523162842,0.4829996322170105,-0.30000001192092896,0.3103092908859253,0.5051282038976745,-0.30000001192092896,-0.30000001192092896,-0.30000001192092896,-0.30000001192092896,-0.30000001192092896,-0.30000001192092896,0.30000001192092896,-0.30000001192092896,0.30000001192092896,-0.30000001192092896,-0.29990043962523805
1.2999999523162842,0.4221108382170105,-0.30000001192092896,0.3103092908859253,0.5222222208976746,-0.30000001192092896,-0.30000001192092896,-0.30000001192092896,-0.30000001192092896,-0.30000001192092896,-0.30000001192092896,0.30000001192092896,-0.30000001192092896,0.30000001192092896,-0.30000001192092896,-0.299216977525238
1.2999999523162842,0.4517979122170105,-0.30000001192092896,0.3103092908859253,0.5307692298976746,-0.30000001192092896,-0.30000001192092896,-0.30000001192092896,-0.30000001192092896,-0.30000001192092896,-0.30000001192092896,0.30000001192092896,-0.30000001192092896,0.30000001192092896,-0.30000001192092896,-0.299897113525238
1.2999999523162842,0.48239377421701046,-0.30000001192092896,0.3103092908859253,0.5222222208976746,-0.30000001192092896,-0.30000001192092896,-0.30000001192092896,-0.30000001192092896,-0.30000001192092896,-0.30000001192092896,0.30000001192092896,-0.30000001192092896,0.30000001192092896,-0.30000001192092896,-0.29968466752523804
1.2999999523162842,0.3018300222170105,-0.30000001192092896,0.3103092908859253,0.3256410248976746,-0.30000001192092896,0.07096773007907103,-0.28989900192092893,-0.30000001192092896,-0.30000001192092896,-0.30000001192092896,1.160962578920929,-0.30000001192092896,0.30000001192092896,-0.30000001192092896,-0.29983901252523804
1.2999999523162842,0.4530075082170105,-0.30000001192092896,0.3103092908859253,0.5051282038976745,-0.30000001192092896,-0.30000001192092896,-0.30000001192092896,-0.30000001192092896,-0.30000001192092896,-0.30000001192092896,0.30000001192092896,-0.30000001192092896,0.30000001192092896,-0.30000001192092896,-0.29918482252523804
1.2999999523162842,0.3921208342170105,-0.30000001192092896,0.3103092908859253,0.5051282038976745,-0.30000001192092896,-0.30000001192092896,-0.30000001192092896,-0.30000001192092896,-0.30000001192092896,-0.30000001192092896,0.30000001192092896,-0.295850633920929,1.088932179920929,-0.30000001192092896,-0.29943762752523806
1.2999999523162842,0.3315349692170105,-0.30000001192092896,0.3103092908859253,0.34273504189767456,-0.30000001192092896,-0.17096775392092894,-0.28989900192092893,-0.30000001192092896,-0.30000001192092896,-0.30000001192092896,1.0272727389209289,-0.15062241892092895,0.6844697329209289,-0.30000001192092896,-0.24871706552523803
1.2999999523162842,0.5426555042170105,-0.30000001192092896,0.3103092908859253,0.5307692298976746,-0.30000001192092896,-0.30000001192092896,-0.30000001192092896,-0.30000001192092896,-0.30000001192092896,-0.30000001192092896,0.30000001192092896,-0.30000001192092896,0.30000001192092896,-0.30000001192092896,-0.299507260525238
1.2999999523162842,0.4212020502170105,-0.30000001192092896,0.3103092908859253,0.5136752128976746,-0.30000001192092896,-0.30000001192092896,-0.30000001192092896,-0.30000001192092896,-0.30000001192092896,-0.30000001192092896,0.30000001192092896,-0.29170125692092896,1.0270663139209288,-0.30000001192092896,-0.29907172552523803
1.2999999523162842,0.3054691122170105,-0.30000001192092896,0.3103092908859253,0.33418803289767457,-0.30000001192092896,-0.22741936692092896,-0.28989900192092893,-0.30000001192092896,-0.30000001192092896,-0.30000001192092896,0.919652417920929,-0.09668050992092894,0.7165446179209289,-0.30000001192092896,-0.25281362452523803
1.2999999523162842,0.42150497921701047,-0.30000001192092896,0.3103092908859253,0.5051282038976745,-0.30000001192092896,-0.30000001192092896,-0.30000001192092896,-0.30000001192092896,-0.30000001192092896,-0.30000001192092896,0.30000001192092896,-0.30000001192092896,0.30000001192092896,-0.30000001192092896,-0.299900661325238
1.2999999523162842,0.3611932652170105,-0.30000001192092896,0.5268041368859253,0.5393162378976746,-0.30000001192092896,-0.30000001192092896,-0.30000001192092896,0.699999988079071,-0.30000001192092896,-0.30000001192092896,0.30000001192092896,-0.24605810292092894,0.9682757449209289,-0.30000001192092896,-0.29277664452523805
1.2999999523162842,0.30151921721701047,-0.30000001192092896,0.3103092908859253,0.3170940158976746,-0.30000001192092896,-0.10645162492092897,-0.28989900192092893,-0.30000001192092896,-0.30000001192092896,-0.30000001192092896,1.086096268920929,-0.20871370492092894,0.9253503849209289,-0.30000001192092896,-0.25046541552523804
1.2999999523162842,0.3618069992170105,-0.30000001192092896,0.44432990988592536,0.5307692298976746,-0.30000001192092896,-0.30000001192092896,-0.30000001192092896,-0.30000001192092896,-0.30000001192092896,-0.30000001192092896,0.30000001192092896,-0.24605810292092894,1.173585533920929,-0.30000001192092896,-0.28500752952523806
1.2999999523162842,0.3627351752170105,-0.30000001192092896,0.3103092908859253,0.3085470078976746,-0.30000001192092896,-0.21129033492092897,-0.28989900192092893,-0.30000001192092896,-0.30000001192092896,-0.30000001192092896,0.961764717920929,-0.30000001192092896,0.30000001192092896,-0.30000001192092896,-0.29984766052523804
1.2999999523162842,0.5129808512170105,-0.30000001192092896,0.3103092908859253,0.5222222208976746,-0.30000001192092896,-0.30000001192092896,-0.30000001192092896,-0.30000001192092896,-0.30000001192092896,-0.30000001192092896,0.30000001192092896,-0.30000001192092896,0.30000001192092896,-0.30000001192092896,-0.299542963525238
1.2999999523162842,0.3054530572170105,-0.30000001192092896,0.3103092908859253,0.3598290588976746,-0.30000001192092896,-0.16290323792092895,-0.28989900192092893,-0.30000001192092896,-0.30000001192092896,-0.30000001192092896,1.037299476920929,-0.16721992892092896,0.990216424920929,-0.30000001192092896,-0.24807573752523804
1.2999999523162842,0.4833025622170105,-0.30000001192092896,0.3103092908859253,0.5051282038976745,-0.30000001192092896,-0.30000001192092896,-0.30000001192092896,-0.30000001192092896,-0.30000001192092896,-0.30000001192092896,0.30000001192092896,-0.30000001192092896,0.30000001192092896,-0.30000001192092896,-0.299901104925238
1.2999999523162842,0.4536154882170105,-0.30000001192092896,0.3103092908859253,0.5393162378976746,-0.30000001192092896,-0.30000001192092896,-0.30000001192092896,-0.30000001192092896,-0.30000001192092896,-0.30000001192092896,0.30000001192092896,-0.295850633920929,0.7509791739209289,-0.30000001192092896,-0.299243145525238
1.2999999523162842,0.3309209312170105,-0.30000001192092896,0.3103092908859253,0.3256410248976746,-0.30000001192092896,-0.09032259292092895,-0.03737374892092893,-0.30000001192092896,-0.30000001192092896,-0.30000001192092896,0.30000001192092896,-0.30000001192092896,0.30000001192092896,-0.30000001192092896,-0.293421963525238
1.2999999523162842,0.48269609721701046,-0.30000001192092896,0.3103092908859253,0.5136752128976746,-0.30000001192092896,-0.30000001192092896,-0.30000001192092896,-0.30000001192092896,-0.30000001192092896,-0.30000001192092896,0.30000001192092896,-0.30000001192092896,0.30000001192092896,-0.30000001192092896,-0.29990088312523805
1.2999999523162842,0.4517691332170105,-0.30000001192092896,0.3103092908859253,0.5051282038976745,-0.30000001192092896,-0.30000001192092896,-0.30000001192092896,-0.30000001192092896,-0.30000001192092896,-0.30000001192092896,0.30000001192092896,-0.30000001192092896,0.30000001192092896,-0.30000001192092896,-0.29753781652523803
1.2999999523162842,0.3306122462170105,-0.30000001192092896,0.3103092908859253,0.3598290588976746,-0.30000001192092896,-0.29193549592092893,-0.28989900192092893,-0.30000001192092896,-0.30000001192092896,-0.30000001192092896,0.4610962689209289,0.19792529907907103,1.003730975920929,-0.30000001192092896,-0.27424133752523805
1.2999999523162842,0.3915149762170105,-0.30000001192092896,0.3103092908859253,0.5051282038976745,-0.30000001192092896,-0.30000001192092896,-0.30000001192092896,-0.30000001192092896,-0.30000001192092896,-0.30000001192092896,0.30000001192092896,-0.295850633920929,0.7782413209209289,-0.30000001192092896,-0.29867943252523804
1.2999999523162842,0.4833025622170105,-0.30000001192092896,0.3103092908859253,0.5222222208976746,-0.30000001192092896,-0.30000001192092896,-0.30000001192092896,-0.30000001192092896,-0.30000001192092896,-0.30000001192092896,0.30000001192092896,-0.30000001192092896,0.30000001192092896,-0.30000001192092896,-0.29990088312523805
1.2999999523162842,0.42271669621701047,-0.30000001192092896,0.3103092908859253,0.5136752128976746,-0.30000001192092896,-0.30000001192092896,-0.30000001192092896,-0.30000001192092896,-0.30000001192092896,-0.30000001192092896,0.30000001192092896,-0.30000001192092896,0.30000001192092896,-0.30000001192092896,-0.29990043962523805
1.2999999523162842,0.3054554802170105,-0.30000001192092896,0.3103092908859253,0.34273504189767456,-0.30000001192092896,-0.17096775392092894,-0.13838384992092895,-0.30000001192092896,-0.30000001192092896,-0.30000001192092896,0.30000001192092896,-0.30000001192092896,0.30000001192092896,-0.30000001192092896,-0.29984034252523806
1.2999999523162842,0.3618279022170105,-0.30000001192092896,0.3103092908859253,0.4794871778976746,-0.30000001192092896,-0.30000001192092896,-0.30000001192092896,0.699999988079071,-0.30000001192092896,-0.30000001192092896,0.30000001192092896,-0.295850633920929,0.7584912959209289,-0.30000001192092896,-0.29391293852523803
1.2999999523162842,0.3054815322170105,-0.30000001192092896,0.3103092908859253,0.3256410248976746,-0.30000001192092896,0.030645149079071066,0.11414140207907103,-0.30000001192092896,-0.30000001192092896,-0.30000001192092896,0.30000001192092896,-0.30000001192092896,0.30000001192092896,-0.30000001192092896,-0.29983945552523805
1.2999999523162842,0.3633383072170105,-0.30000001192092896,0.3103092908859253,0.34273504189767456,-0.30000001192092896,-0.20322581792092898,-0.28989900192092893,-0.30000001192092896,-0.30000001192092896,-0.30000001192092896,0.981818193920929,-0.10912864292092894,0.846887934920929,-0.30000001192092896,-0.25042838152523805
1.2999999523162842,0.3321308312170105,-0.30000001192092896,0.3103092908859253,0.3512820498976746,-0.30000001192092896,-0.28387097992092897,-0.28989900192092893,-0.30000001192092896,-0.30000001192092896,-0.30000001192092896,0.575401081920929,0.09419085907907104,1.092871814920929,-0.30000001192092896,-0.24608943952523804
1.2999999523162842,0.3621123522170105,-0.30000001192092896,0.3103092908859253,0.3598290588976746,-0.30000001192092896,-0.18709678592092896,-0.15858587092092896,-0.30000001192092896,-0.30000001192092896,-0.30000001192092896,0.30000001192092896,-0.30000001192092896,0.30000001192092896,-0.30000001192092896,-0.262538656525238
1.2999999523162842,0.3615249722170105,-0.30000001192092896,0.3103092908859253,0.3598290588976746,-0.30000001192092896,-0.25161291492092897,-0.23939395092092897,-0.30000001192092896,-0.30000001192092896,-0.30000001192092896,0.30000001192092896,-0.30000001192092896,0.30000001192092896,-0.30000001192092896,-0.29985187452523804
1.2999999523162842,0.3609085112170105,-0.30000001192092896,0.49587630188592535,0.5393162378976746,-0.30000001192092896,-0.30000001192092896,-0.30000001192092896,-0.30000001192092896,-0.30000001192092896,-0.30000001192092896,0.30000001192092896,-0.24605810292092894,1.014219106920929,-0.30000001192092896,-0.26960213352523804
1.2999999523162842,0.48239377421701046,-0.30000001192092896,0.3103092908859253,0.5136752128976746,-0.30000001192092896,-0.30000001192092896,-0.30000001192092896,-0.30000001192092896,-0.30000001192092896,-0.30000001192092896,0.30000001192092896,-0.30000001192092896,0.30000001192092896,-0.30000001192092896,-0.299364003525238
1.2999999523162842,0.45149498221701045,-0.30000001192092896,0.3103092908859253,0.5136752128976746,-0.30000001192092896,-0.30000001192092896,-0.30000001192092896,-0.30000001192092896,-0.30000001192092896,-0.30000001192092896,0.30000001192092896,-0.30000001192092896,0.30000001192092896,-0.30000001192092896,-0.29989644752523803
1.2999999523162842,0.42180790821701053,-0.30000001192092896,0.3103092908859253,0.5222222208976746,-0.30000001192092896,-0.30000001192092896,-0.30000001192092896,-0.30000001192092896,-0.30000001192092896,-0.30000001192092896,0.30000001192092896,-0.30000001192092896,0.30000001192092896,-0.30000001192092896,-0.299901104925238
1.2999999523162842,0.3921208342170105,-0.30000001192092896,0.3103092908859253,0.5222222208976746,-0.30000001192092896,-0.30000001192092896,-0.30000001192092896,-0.30000001192092896,-0.30000001192092896,-0.30000001192092896,0.30000001192092896,-0.2875518789209289,1.028334791920929,-0.30000001192092896,-0.27871666152523805
1.2999999523162842,0.3303084082170105,-0.30000001192092896,0.3103092908859253,0.33418803289767457,-0.30000001192092896,-0.24354839892092894,-0.28989900192092893,-0.30000001192092896,-0.30000001192092896,-0.30000001192092896,0.861497337920929,-0.30000001192092896,0.30000001192092896,-0.30000001192092896,-0.29984034252523806
1.2999999523162842,0.3012171962170105,-0.30000001192092896,0.3103092908859253,0.3512820498976746,-0.30000001192092896,-0.15483872192092896,-0.11818182992092896,-0.30000001192092896,-0.30000001192092896,-0.30000001192092896,0.30000001192092896,-0.30000001192092896,0.30000001192092896,-0.30000001192092896,-0.29984034252523806
1.2999999523162842,0.45147135421701046,-0.30000001192092896,0.3103092908859253,0.5136752128976746,-0.30000001192092896,-0.30000001192092896,-0.30000001192092896,0.699999988079071,-0.30000001192092896,-0.30000001192092896,0.30000001192092896,-0.30000001192092896,0.30000001192092896,-0.30000001192092896,-0.299896226525238
1.2999999523162842,0.5435854982170105,-0.30000001192092896,0.3103092908859253,0.5222222208976746,-0.30000001192092896,-0.30000001192092896,-0.30000001192092896,-0.30000001192092896,-0.30000001192092896,-0.30000001192092896,0.30000001192092896,-0.30000001192092896,0.30000001192092896,-0.30000001192092896,-0.299900661325238
1.2999999523162842,0.3357456872170105,-0.30000001192092896,0.3103092908859253,0.3512820498976746,-0.30000001192092896,-0.25967743092092893,-0.24949496092092896,-0.30000001192092896,-0.30000001192092896,-0.30000001192092896,0.30000001192092896,-0.30000001192092896,0.30000001192092896,-0.30000001192092896,-0.29984078652523805
1.2999999523162842,0.4521008412170105,-0.30000001192092896,0.3103092908859253,0.5222222208976746,-0.30000001192092896,-0.30000001192092896,-0.30000001192092896,-0.30000001192092896,-0.30000001192092896,-0.30000001192092896,0.30000001192092896,-0.2875518789209289,0.9188818659209289,-0.30000001192092896,-0.29866967552523804
1.2999999523162842,0.4232965032170105,-0.30000001192092896,0.3103092908859253,0.5307692298976746,-0.30000001192092896,-0.30000001192092896,-0.30000001192092896,-0.30000001192092896,-0.30000001192092896,-0.30000001192092896,0.30000001192092896,-0.30000001192092896,0.30000001192092896,-0.30000001192092896,-0.297283236525238
1.2999999523162842,0.4536154882170105,-0.30000001192092896,0.3103092908859253,0.5307692298976746,-0.30000001192092896,-0.30000001192092896,-0.30000001192092896,-0.30000001192092896,-0.30000001192092896,-0.30000001192092896,0.30000001192092896,-0.295850633920929,1.077346022920929,-0.30000001192092896,-0.299243145525238
1.2999999523162842,0.3048593152170105,-0.30000001192092896,0.3103092908859253,0.3512820498976746,-0.30000001192092896,-0.22741936692092896,-0.20909092092092896,-0.30000001192092896,-0.30000001192092896,-0.30000001192092896,0.30000001192092896,-0.30000001192092896,0.30000001192092896,-0.30000001192092896,-0.29983945552523805
1.2999999523162842,0.3015234582170105,-0.30000001192092896,0.3103092908859253,0.3683760668976746,-0.30000001192092896,-0.25161291492092897,-0.28989900192092893,-0.30000001192092896,-0.30000001192092896,-0.30000001192092896,0.825401081920929,-0.01784233592092893,1.044382434920929,-0.30000001192092896,-0.24770029952523803
1.2999999523162842,0.3309042702170105,-0.30000001192092896,0.3103092908859253,0.3085470078976746,-0.30000001192092896,-0.001612914920928965,0.07373736207907106,-0.30000001192092896,-0.30000001192092896,-0.30000001192092896,0.30000001192092896,-0.30000001192092896,0.30000001192092896,-0.30000001192092896,-0.29983923452523803
1.2999999523162842,0.5429796392170105,-0.30000001192092896,0.3103092908859253,0.5222222208976746,-0.30000001192092896,-0.30000001192092896,-0.30000001192092896,-0.30000001192092896,-0.30000001192092896,-0.30000001192092896,0.30000001192092896,-0.30000001192092896,0.30000001192092896,-0.30000001192092896,-0.29939970752523803
1.2999999523162842,0.6044742922170105,-0.30000001192092896,0.3103092908859253,0.5222222208976746,-0.30000001192092896,-0.30000001192092896,-0.30000001192092896,-0.30000001192092896,-0.30000001192092896,-0.30000001192092896,0.30000001192092896,-0.29170125692092896,0.927516626920929,-0.30000001192092896,-0.29932253452523805
1.2999999523162842,0.33242951921701047,-0.30000001192092896,0.3103092908859253,0.3085470078976746,-0.30000001192092896,-0.05806452792092895,0.0030302910790710458,-0.30000001192092896,-0.30000001192092896,-0.30000001192092896,0.30000001192092896,-0.30000001192092896,0.30000001192092896,-0.30000001192092896,-0.29983967752523805
1.2999999523162842,0.45149498221701045,-0.30000001192092896,0.3103092908859253,0.5307692298976746,-0.30000001192092896,-0.30000001192092896,-0.30000001192092896,-0.30000001192092896,-0.30000001192092896,-0.30000001192092896,0.30000001192092896,-0.30000001192092896,0.30000001192092896,-0.30000001192092896,-0.299897113525238
1.2999999523162842,1.1179395012170104,-0.30000001192092896,0.3103092908859253,0.3769230758976746,-0.30000001192092896,-0.30000001192092896,-0.30000001192092896,-0.30000001192092896,-0.30000001192092896,-0.30000001192092896,0.30000001192092896,-0.30000001192092896,0.30000001192092896,-0.30000001192092896,-0.29990487482523803
1.2999999523162842,0.4230196262170105,-0.30000001192092896,0.3103092908859253,0.5222222208976746,-0.30000001192092896,-0.30000001192092896,-0.30000001192092896,-0.30000001192092896,-0.30000001192092896,-0.30000001192092896,0.30000001192092896,-0.30000001192092896,0.30000001192092896,-0.30000001192092896,-0.299896891525238
1.2999999523162842,0.4224137672170105,-0.30000001192092896,0.3103092908859253,0.5222222208976746,-0.30000001192092896,-0.30000001192092896,-0.30000001192092896,-0.30000001192092896,-0.30000001192092896,-0.30000001192092896,0.30000001192092896,-0.30000001192092896,0.30000001192092896,-0.30000001192092896,-0.29196633552523804
1.2999999523162842,0.4527067002170105,-0.30000001192092896,0.3103092908859253,0.5136752128976746,-0.30000001192092896,-0.30000001192092896,-0.30000001192092896,-0.30000001192092896,-0.30000001192092896,-0.30000001192092896,0.30000001192092896,-0.2875518789209289,1.105094860920929,-0.30000001192092896,-0.299308342525238
1.2999999523162842,0.4517979122170105,-0.30000001192092896,0.3103092908859253,0.5393162378976746,-0.30000001192092896,-0.30000001192092896,-0.30000001192092896,-0.30000001192092896,-0.30000001192092896,-0.30000001192092896,0.30000001192092896,-0.30000001192092896,0.30000001192092896,-0.30000001192092896,-0.29907394252523806
1.2999999523162842,0.48175913721701047,-0.30000001192092896,0.3103092908859253,0.5136752128976746,-0.30000001192092896,-0.30000001192092896,-0.30000001192092896,-0.30000001192092896,-0.30000001192092896,-0.30000001192092896,0.30000001192092896,-0.30000001192092896,0.30000001192092896,-0.30000001192092896,-0.29939992852523806
1.2999999523162842,0.4521008412170105,-0.30000001192092896,0.3103092908859253,0.5222222208976746,-0.30000001192092896,-0.30000001192092896,-0.30000001192092896,-0.30000001192092896,-0.30000001192092896,-0.30000001192092896,0.30000001192092896,-0.29170125692092896,1.054287704920929,-0.30000001192092896,-0.29850823452523806
1.2999999523162842,0.4233189202170105,-0.30000001192092896,0.3103092908859253,0.5307692298976746,-0.30000001192092896,-0.30000001192092896,-0.30000001192092896,-0.30000001192092896,-0.30000001192092896,-0.30000001192092896,0.30000001192092896,-0.2875518789209289,1.1335675959209288,-0.30000001192092896,-0.29637003152523805
1.2999999523162842,0.39120447321701046,-0.30000001192092896,0.3103092908859253,0.33418803289767457,-0.30000001192092896,-0.25967743092092893,-0.28989900192092893,-0.30000001192092896,-0.30000001192092896,-0.30000001192092896,0.7812834339209289,-0.30000001192092896,0.30000001192092896,-0.30000001192092896,-0.29986185352523803
1.2999999523162842,0.5726667132170105,-0.30000001192092896,0.3103092908859253,0.5136752128976746,-0.30000001192092896,-0.30000001192092896,-0.30000001192092896,-0.30000001192092896,-0.30000001192092896,-0.30000001192092896,0.30000001192092896,-0.27510374592092895,0.950088698920929,-0.30000001192092896,-0.299108537525238
1.2999999523162842,0.42331498221701047,-0.30000001192092896,0.3103092908859253,0.3940170928976746,-0.30000001192092896,-0.28387097992092897,-0.28989900192092893,-0.30000001192092896,-0.30000001192092896,-0.30000001192092896,0.575401081920929,-0.30000001192092896,0.30000001192092896,-0.30000001192092896,-0.29985564452523805
1.2999999523162842,0.4524037702170105,-0.30000001192092896,0.3103092908859253,0.5222222208976746,-0.30000001192092896,-0.30000001192092896,-0.30000001192092896,-0.30000001192092896,-0.30000001192092896,-0.30000001192092896,0.30000001192092896,-0.30000001192092896,0.30000001192092896,-0.30000001192092896,-0.291272229525238
1.2999999523162842,0.3911920532170105,-0.30000001192092896,0.3618556828859253,0.5393162378976746,-0.30000001192092896,-0.30000001192092896,-0.30000001192092896,-0.30000001192092896,-0.30000001192092896,-0.30000001192092896,0.30000001192092896,-0.24605810292092894,1.119382977920929,-0.30000001192092896,-0.29406683952523804
1.2999999523162842,0.4517979122170105,-0.30000001192092896,0.3103092908859253,0.5222222208976746,-0.30000001192092896,-0.30000001192092896,-0.30000001192092896,-0.30000001192092896,-0.30000001192092896,-0.30000001192092896,0.30000001192092896,-0.30000001192092896,0.30000001192092896,-0.30000001192092896,-0.29989733452523804
1.2999999523162842,0.45178094821701054,-0.30000001192092896,0.3103092908859253,0.5136752128976746,-0.30000001192092896,-0.30000001192092896,-0.30000001192092896,-0.30000001192092896,-0.30000001192092896,-0.30000001192092896,0.30000001192092896,-0.2875518789209289,0.920659170920929,-0.30000001192092896,-0.28851021752523803
1.2999999523162842,0.39363548121701053,-0.30000001192092896,0.3103092908859253,0.44529914389767455,-0.30000001192092896,-0.29193549592092893,-0.28989900192092893,-0.30000001192092896,-0.30000001192092896,-0.30000001192092896,0.460427818920929,-0.30000001192092896,0.30000001192092896,-0.30000001192092896,-0.27594067952523804
1.2999999523162842,0.42271669621701047,-0.30000001192092896,0.3103092908859253,0.34273504189767456,-0.30000001192092896,-0.25161291492092897,-0.23939395092092897,-0.30000001192092896,-0.30000001192092896,-0.30000001192092896,0.30000001192092896,-0.30000001192092896,0.30000001192092896,-0.30000001192092896,-0.299854978525238
1.2999999523162842,0.3921208342170105,-0.30000001192092896,0.3103092908859253,0.3683760668976746,-0.30000001192092896,-0.29193549592092893,-0.28989900192092893,-0.30000001192092896,-0.30000001192092896,-0.30000001192092896,0.4610962689209289,0.2269709420790711,1.003730975920929,-0.30000001192092896,-0.25533258852523805
1.2999999523162842,0.4527067002170105,-0.30000001192092896,0.3103092908859253,0.5136752128976746,-0.30000001192092896,-0.30000001192092896,-0.30000001192092896,-0.30000001192092896,-0.30000001192092896,-0.30000001192092896,0.30000001192092896,-0.295850633920929,1.124763670920929,-0.30000001192092896,-0.29923826652523805
1.2999999523162842,0.3306261812170105,-0.30000001192092896,0.3103092908859253,0.2999999988976746,-0.30000001192092896,-0.30000001192092896,-0.30000001192092896,-0.30000001192092896,-0.30000001192092896,-0.30000001192092896,0.30000001192092896,-0.29170125692092896,0.721907532920929,-0.30000001192092896,-0.29648579052523805
1.2999999523162842,0.4826967032170105,-0.30000001192092896,0.3103092908859253,0.5222222208976746,-0.30000001192092896,-0.30000001192092896,-0.30000001192092896,-0.30000001192092896,-0.30000001192092896,-0.30000001192092896,0.30000001192092896,-0.2875518789209289,0.985206940920929,-0.30000001192092896,-0.29885950152523805
1.2999999523162842,0.3024316402170105,-0.30000001192092896,0.4340206318859253,0.5393162378976746,-0.30000001192092896,-0.30000001192092896,-0.30000001192092896,0.699999988079071,-0.30000001192092896,-0.30000001192092896,0.6709893169209289,-0.24605810292092894,0.806812255920929,-0.30000001192092896,-0.23975909952523802
1.2999999523162842,0.42180790821701053,-0.30000001192092896,0.3103092908859253,0.4282051268976746,-0.30000001192092896,-0.29193549592092893,-0.28989900192092893,-0.30000001192092896,-0.30000001192092896,-0.30000001192092896,0.460427818920929,-0.30000001192092896,0.30000001192092896,-0.30000001192092896,-0.25471831552523805
1.2999999523162842,0.42180790821701053,-0.30000001192092896,0.3103092908859253,0.5222222208976746,-0.30000001192092896,-0.30000001192092896,-0.30000001192092896,0.699999988079071,-0.30000001192092896,-0.30000001192092896,0.575401081920929,-0.30000001192092896,0.30000001192092896,-0.30000001192092896,-0.27583600852523804
1.2999999523162842,0.4520996292170105,-0.30000001192092896,0.3103092908859253,0.5222222208976746,-0.30000001192092896,-0.30000001192092896,-0.30000001192092896,-0.30000001192092896,-0.30000001192092896,-0.30000001192092896,0.30000001192092896,-0.30000001192092896,0.30000001192092896,-0.30000001192092896,-0.29961281752523805
1.2999999523162842,0.3021335572170105,-0.30000001192092896,0.3103092908859253,0.33418803289767457,-0.30000001192092896,-0.05806452792092895,0.0030302910790710458,-0.30000001192092896,-0.30000001192092896,-0.30000001192092896,0.30000001192092896,-0.30000001192092896,0.30000001192092896,-0.30000001192092896,-0.26714925352523805
1.2999999523162842,0.3015280022170105,-0.30000001192092896,0.5268041368859253,0.4111111098976746,-0.30000001192092896,-0.03387097992092897,-0.28989900192092893,-0.30000001192092896,-0.30000001192092896,-0.30000001192092896,0.7278074989209289,0.363900403079071,0.920659170920929,-0.30000001192092896,-0.25082910052523805
1.2999999523162842,0.3924207342170105,-0.30000001192092896,0.3103092908859253,0.3085470078976746,-0.30000001192092896,-0.19516130192092895,-0.28989900192092893,-0.30000001192092896,-0.30000001192092896,-0.30000001192092896,0.9951871779209289,-0.14647304092092894,0.746756823920929,-0.30000001192092896,-0.265786099525238
1.2999999523162842,0.4539184172170105,-0.30000001192092896,0.3103092908859253,0.5307692298976746,-0.30000001192092896,-0.30000001192092896,-0.30000001192092896,-0.30000001192092896,-0.30000001192092896,-0.30000001192092896,0.30000001192092896,-0.29170125692092896,0.860955634920929,-0.30000001192092896,-0.298966167525238
1.2999999523162842,0.4224077082170105,-0.30000001192092896,0.3103092908859253,0.5222222208976746,-0.30000001192092896,-0.30000001192092896,-0.30000001192092896,-0.30000001192092896,-0.30000001192092896,-0.30000001192092896,0.30000001192092896,-0.30000001192092896,0.30000001192092896,-0.30000001192092896,-0.29939948552523804
1.2999999523162842,0.3921208342170105,-0.30000001192092896,0.3103092908859253,0.34273504189767456,-0.30000001192092896,-0.26774194692092895,-0.28989900192092893,-0.30000001192092896,-0.30000001192092896,-0.30000001192092896,0.7278074989209289,0.05684646107907104,1.112000005920929,-0.30000001192092896,-0.25666868852523805
1.2999999523162842,0.4820908442170105,-0.30000001192092896,0.3103092908859253,0.5307692298976746,-0.30000001192092896,-0.30000001192092896,-0.30000001192092896,-0.30000001192092896,-0.30000001192092896,-0.30000001192092896,0.30000001192092896,-0.30000001192092896,0.30000001192092896,-0.30000001192092896,-0.299256672525238
1.2999999523162842,0.4212020502170105,-0.30000001192092896,0.3103092908859253,0.3598290588976746,-0.30000001192092896,-0.25967743092092893,-0.24949496092092896,-0.30000001192092896,-0.30000001192092896,-0.30000001192092896,0.30000001192092896,-0.30000001192092896,0.30000001192092896,-0.30000001192092896,-0.29985564452523805
1.2999999523162842,0.4224137672170105,-0.30000001192092896,0.3103092908859253,0.5222222208976746,-0.30000001192092896,-0.30000001192092896,-0.30000001192092896,-0.30000001192092896,-0.30000001192092896,-0.30000001192092896,0.30000001192092896,-0.2875518789209289,1.077346022920929,-0.30000001192092896,-0.298573875525238
1.2999999523162842,0.8755960392170105,-0.30000001192092896,0.3103092908859253,0.3769230758976746,-0.30000001192092896,-0.30000001192092896,-0.30000001192092896,-0.30000001192092896,-0.30000001192092896,-0.30000001192092896,0.30000001192092896,-0.295850633920929,0.8365443559209289,-0.30000001192092896,-0.29947310952523803
1.2999999523162842,0.39242376421701053,-0.30000001192092896,0.3103092908859253,0.5222222208976746,-0.30000001192092896,-0.30000001192092896,-0.30000001192092896,-0.30000001192092896,-0.30000001192092896,-0.30000001192092896,0.30000001192092896,-0.30000001192092896,0.30000001192092896,-0.30000001192092896,-0.291272894525238
1.2999999523162842,0.3321235612170105,-0.30000001192092896,0.3103092908859253,0.3256410248976746,-0.30000001192092896,0.03870966507907103,0.12424241207907105,-0.30000001192092896,-0.30000001192092896,-0.30000001192092896,0.30000001192092896,-0.30000001192092896,0.30000001192092896,-0.30000001192092896,-0.29080919552523804
1.2999999523162842,0.45178397721701047,-0.30000001192092896,0.48556702288592535,0.38547008389767456,-0.30000001192092896,-0.30000001192092896,-0.30000001192092896,-0.30000001192092896,-0.30000001192092896,-0.30000001192092896,0.30000001192092896,-0.24605810292092894,1.300000011920929,-0.30000001192092896,-0.293536835525238
1.2999999523162842,0.5432825682170105,-0.30000001192092896,0.3103092908859253,0.5136752128976746,-0.30000001192092896,-0.30000001192092896,-0.30000001192092896,-0.30000001192092896,-0.30000001192092896,-0.30000001192092896,0.30000001192092896,-0.30000001192092896,0.30000001192092896,-0.30000001192092896,-0.29959308152523806
1.2999999523162842,0.6332525782170104,-0.30000001192092896,0.3103092908859253,0.5136752128976746,-0.30000001192092896,-0.30000001192092896,-0.30000001192092896,-0.30000001192092896,-0.30000001192092896,-0.30000001192092896,0.30000001192092896,-0.295850633920929,0.973676295920929,-0.30000001192092896,-0.299471335525238
1.2999999523162842,0.5426767102170105,-0.30000001192092896,0.3103092908859253,0.3769230758976746,-0.30000001192092896,-0.30000001192092896,-0.30000001192092896,-0.30000001192092896,-0.30000001192092896,-0.30000001192092896,0.30000001192092896,-0.295850633920929,0.8365443559209289,-0.30000001192092896,-0.299854978525238
1.2999999523162842,0.5120593402170105,-0.30000001192092896,0.3103092908859253,0.5222222208976746,-0.30000001192092896,-0.30000001192092896,-0.30000001192092896,-0.30000001192092896,-0.30000001192092896,-0.30000001192092896,0.30000001192092896,-0.295850633920929,1.044382434920929,-0.30000001192092896,-0.299632332525238
1.2999999523162842,0.4517979122170105,-0.30000001192092896,0.3103092908859253,0.5222222208976746,-0.30000001192092896,-0.30000001192092896,-0.30000001192092896,-0.30000001192092896,-0.30000001192092896,-0.30000001192092896,0.30000001192092896,-0.29170125692092896,0.8573142639209289,-0.30000001192092896,-0.296486233525238
1.2999999523162842,0.5426767102170105,-0.30000001192092896,0.3103092908859253,0.5222222208976746,-0.30000001192092896,-0.30000001192092896,-0.30000001192092896,-0.30000001192092896,-0.30000001192092896,-0.30000001192092896,0.30000001192092896,-0.30000001192092896,0.30000001192092896,-0.30000001192092896,-0.29940835552523803
1.2999999523162842,0.3921208342170105,-0.30000001192092896,0.3103092908859253,0.5222222208976746,-0.30000001192092896,-0.30000001192092896,-0.30000001192092896,-0.30000001192092896,-0.30000001192092896,-0.30000001192092896,0.30000001192092896,-0.29170125692092896,0.9792399689209289,-0.30000001192092896,-0.299100553525238
1.2999999523162842,0.3915149762170105,-0.30000001192092896,0.3103092908859253,0.33418803289767457,-0.30000001192092896,-0.21935485092092893,-0.19898991092092894,-0.30000001192092896,-0.30000001192092896,-0.30000001192092896,0.30000001192092896,-0.30000001192092896,0.30000001192092896,-0.30000001192092896,-0.299855200525238
1.2999999523162842,0.3027515332170105,-0.30000001192092896,0.3103092908859253,0.34273504189767456,-0.30000001192092896,-0.22741936692092896,-0.28989900192092893,-0.30000001192092896,-0.30000001192092896,-0.30000001192092896,0.919652417920929,-0.30000001192092896,0.30000001192092896,-0.30000001192092896,-0.29983989952523804
1.2999999523162842,0.5429796392170105,-0.30000001192092896,0.3103092908859253,0.5222222208976746,-0.30000001192092896,-0.30000001192092896,-0.30000001192092896,-0.30000001192092896,-0.30000001192092896,-0.30000001192092896,0.30000001192092896,-0.295850633920929,0.9188818659209289,-0.30000001192092896,-0.299328300525238
1.2999999523162842,0.3606055822170105,-0.30000001192092896,0.3103092908859253,0.3598290588976746,-0.30000001192092896,-0.25967743092092893,-0.24949496092092896,-0.30000001192092896,-0.30000001192092896,-0.30000001192092896,0.30000001192092896,-0.30000001192092896,0.30000001192092896,-0.30000001192092896,-0.29985209652523803
1.2999999523162842,0.48239377421701046,-0.30000001192092896,0.3103092908859253,0.5051282038976745,-0.30000001192092896,-0.30000001192092896,-0.30000001192092896,-0.30000001192092896,-0.30000001192092896,-0.30000001192092896,0.30000001192092896,-0.30000001192092896,0.30000001192092896,-0.30000001192092896,-0.29990088312523805
1.2999999523162842,0.5429744892170105,-0.30000001192092896,0.3103092908859253,0.5222222208976746,-0.30000001192092896,-0.30000001192092896,-0.30000001192092896,-0.30000001192092896,-0.30000001192092896,-0.30000001192092896,0.30000001192092896,-0.30000001192092896,0.30000001192092896,-0.30000001192092896,-0.299901104925238
1.2999999523162842,0.3309015442170105,-0.30000001192092896,0.3618556828859253,0.5307692298976746,-0.30000001192092896,-0.30000001192092896,-0.30000001192092896,0.699999988079071,-0.30000001192092896,-0.30000001192092896,0.30000001192092896,-0.24605810292092894,1.088932179920929,-0.30000001192092896,-0.28752848852523805
1.2999999523162842,0.3621168962170105,-0.30000001192092896,0.5371134148859253,0.5393162378976746,-0.30000001192092896,-0.30000001192092896,-0.30000001192092896,-0.30000001192092896,-0.30000001192092896,-0.30000001192092896,0.30000001192092896,-0.24605810292092894,1.300000011920929,-0.30000001192092896,-0.285616480525238
1.2999999523162842,0.4514868032170105,-0.30000001192092896,0.4752577448859253,0.5393162378976746,-0.30000001192092896,-0.30000001192092896,-0.30000001192092896,-0.30000001192092896,-0.30000001192092896,-0.30000001192092896,0.30000001192092896,-0.24605810292092894,0.973676295920929,-0.30000001192092896,-0.295147251525238
1.2999999523162842,1.1788282952170106,-0.30000001192092896,0.3103092908859253,0.3769230758976746,-0.30000001192092896,-0.30000001192092896,-0.30000001192092896,-0.30000001192092896,-0.30000001192092896,-0.30000001192092896,0.30000001192092896,-0.30000001192092896,0.30000001192092896,-0.30000001192092896,-0.29968488952523803
1.2999999523162842,0.3309072992170105,-0.30000001192092896,0.4340206318859253,0.41965811889767457,-0.30000001192092896,-0.27580646392092895,-0.28989900192092893,-0.30000001192092896,-0.30000001192092896,-0.30000001192092896,0.6629679259209289,0.45103733207907104,0.927516626920929,-0.30000001192092896,-0.25453048552523805
1.2999999523162842,0.4218066972170105,-0.30000001192092896,0.3103092908859253,0.3598290588976746,-0.30000001192092896,-0.29193549592092893,-0.28989900192092893,-0.30000001192092896,-0.30000001192092896,-0.30000001192092896,0.457085572920929,0.6751037220790711,0.9026445069209289,-0.30000001192092896,-0.24790431752523803
1.2999999523162842,0.4233225552170105,-0.30000001192092896,0.3103092908859253,0.5136752128976746,-0.30000001192092896,-0.30000001192092896,-0.30000001192092896,-0.30000001192092896,-0.30000001192092896,-0.30000001192092896,0.30000001192092896,-0.30000001192092896,0.30000001192092896,-0.30000001192092896,-0.299896226525238
1.2999999523162842,0.4233225552170105,-0.30000001192092896,0.3103092908859253,0.3683760668976746,-0.30000001192092896,-0.19516130192092895,-0.16868688092092896,-0.30000001192092896,-0.30000001192092896,-0.30000001192092896,0.30000001192092896,-0.30000001192092896,0.30000001192092896,-0.30000001192092896,-0.299856087525238
1.2999999523162842,0.5120650952170105,-0.30000001192092896,0.3103092908859253,0.5222222208976746,-0.30000001192092896,-0.30000001192092896,-0.30000001192092896,-0.30000001192092896,-0.30000001192092896,-0.30000001192092896,0.30000001192092896,-0.30000001192092896,0.30000001192092896,-0.30000001192092896,-0.299471557525238
1.2999999523162842,0.45178973221701046,-0.30000001192092896,0.3824742398859253,0.5393162378976746,-0.30000001192092896,-0.30000001192092896,-0.30000001192092896,-0.30000001192092896,-0.30000001192092896,-0.30000001192092896,0.30000001192092896,-0.24605810292092894,0.973676295920929,-0.30000001192092896,-0.29512396652523804
1.2999999523162842,0.30212083421701047,-0.30000001192092896,0.3103092908859253,0.3512820498976746,-0.30000001192092896,-0.07419355992092896,-0.01717172892092894,-0.30000001192092896,-0.30000001192092896,-0.30000001192092896,0.30000001192092896,-0.30000001192092896,0.30000001192092896,-0.30000001192092896,-0.29983923452523803
1.2999999523162842,0.3918179052170105,-0.30000001192092896,0.3103092908859253,0.3769230758976746,-0.30000001192092896,-0.28387097992092897,-0.27979799192092897,-0.30000001192092896,-0.30000001192092896,-0.30000001192092896,0.30000001192092896,-0.30000001192092896,0.30000001192092896,-0.30000001192092896,-0.29986229652523805
1.2999999523162842,0.3609154782170105,-0.30000001192092896,0.4134020748859253,0.5393162378976746,-0.30000001192092896,-0.30000001192092896,-0.30000001192092896,-0.30000001192092896,-0.30000001192092896,-0.30000001192092896,0.30000001192092896,-0.24605810292092894,0.7381502899209289,-0.30000001192092896,-0.29516432652523805
1.2999999523162842,0.3306155782170105,-0.30000001192092896,0.3103092908859253,0.3598290588976746,-0.30000001192092896,-0.24354839892092894,-0.22929294092092894,-0.30000001192092896,-0.30000001192092896,-0.30000001192092896,0.30000001192092896,-0.30000001192092896,0.30000001192092896,-0.30000001192092896,-0.29984078652523805
1.2999999523162842,0.4236103382170105,-0.30000001192092896,0.3103092908859253,0.5307692298976746,-0.30000001192092896,-0.30000001192092896,-0.30000001192092896,-0.30000001192092896,-0.30000001192092896,-0.30000001192092896,0.30000001192092896,-0.30000001192092896,0.30000001192092896,-0.30000001192092896,-0.29964785552523804
1.2999999523162842,0.3612220432170105,-0.30000001192092896,0.3103092908859253,0.4025641018976746,-0.30000001192092896,-0.28387097992092897,-0.28989900192092893,-0.30000001192092896,-0.30000001192092896,-0.30000001192092896,0.575401081920929,-0.30000001192092896,0.30000001192092896,-0.30000001192092896,-0.27079298052523804
1.2999999523162842,0.3633425482170105,-0.30000001192092896,0.3103092908859253,0.3598290588976746,-0.30000001192092896,-0.23548388292092895,-0.28989900192092893,-0.30000001192092896,-0.30000001192092896,-0.30000001192092896,0.893582899920929,-0.30000001192092896,0.30000001192092896,-0.30000001192092896,-0.299855865525238
1.2999999523162842,0.4826800422170105,-0.30000001192092896,0.3103092908859253,0.5136752128976746,-0.30000001192092896,-0.30000001192092896,-0.30000001192092896,-0.30000001192092896,-0.30000001192092896,-0.30000001192092896,0.30000001192092896,-0.30000001192092896,0.30000001192092896,-0.30000001192092896,-0.299203228525238
1.2999999523162842,0.3012132582170105,-0.30000001192092896,0.3103092908859253,0.3170940158976746,-0.30000001192092896,-0.21935485092092893,-0.28989900192092893,-0.30000001192092896,-0.30000001192092896,-0.30000001192092896,0.919652417920929,-0.30000001192092896,0.30000001192092896,-0.30000001192092896,-0.29883067252523804
1.2999999523162842,0.3609191142170105,-0.30000001192092896,0.3103092908859253,0.41965811889767457,-0.30000001192092896,-0.30000001192092896,-0.30000001192092896,-0.30000001192092896,-0.30000001192092896,-0.30000001192092896,0.30000001192092896,-0.30000001192092896,0.30000001192092896,-0.30000001192092896,-0.299870058525238
1.2999999523162842,0.3306189112170105,-0.30000001192092896,0.3103092908859253,0.3256410248976746,-0.30000001192092896,-0.19516130192092895,-0.16868688092092896,-0.30000001192092896,-0.30000001192092896,-0.30000001192092896,0.30000001192092896,-0.30000001192092896,0.30000001192092896,-0.30000001192092896,-0.29983879052523804
1.2999999523162842,0.3930296222170105,-0.30000001192092896,0.3103092908859253,0.5136752128976746,-0.30000001192092896,-0.30000001192092896,-0.30000001192092896,-0.30000001192092896,-0.30000001192092896,-0.30000001192092896,0.30000001192092896,-0.2875518789209289,0.7584912959209289,-0.30000001192092896,-0.29860004352523806
1.2999999523162842,0.5132925652170105,-0.30000001192092896,0.3103092908859253,0.5136752128976746,-0.30000001192092896,-0.30000001192092896,-0.30000001192092896,-0.30000001192092896,-0.30000001192092896,-0.30000001192092896,0.30000001192092896,-0.30000001192092896,0.30000001192092896,-0.30000001192092896,-0.299900661325238
1.2999999523162842,0.3000266840170105,-0.30000001192092896,0.7742268168859253,0.2999999988976746,-0.30000001192092896,0.482258053079071,-0.28989900192092893,-0.30000001192092896,-0.30000001192092896,-0.30000001192092896,1.207754022920929,-0.24190872592092896,0.7381502899209289,-0.30000001192092896,-0.24984071952523804
1.2999999523162842,0.3042701182170105,-0.30000001192092896,0.3103092908859253,0.3598290588976746,-0.30000001192092896,-0.25967743092092893,-0.24949496092092896,-0.30000001192092896,-0.30000001192092896,-0.30000001192092896,0.39625669592092894,0.29751036107907103,0.9026445069209289,-0.30000001192092896,-0.24727385652523803
0.2999999523162842,0.3009206282170105,-0.13788062492092895,0.3000000128859253,0.3170940158976746,0.699999988079071,-0.30000001192092896,-0.30000001192092896,0.699999988079071,-0.15858587092092896,-0.12572615292092895,0.30000001192092896,-0.30000001192092896,0.30000001192092896,-0.23333334492092894,-0.29833659352523806
1.2999999523162842,0.3321153812170105,-0.30000001192092896,0.3103092908859253,0.3512820498976746,-0.30000001192092896,0.0064516010790710565,-0.28989900192092893,-0.30000001192092896,-0.30000001192092896,-0.30000001192092896,1.122192524920929,-0.22946059292092896,0.9164036419209289,-0.30000001192092896,-0.263284654525238
1.2999999523162842,0.4224137672170105,-0.30000001192092896,0.3103092908859253,0.5136752128976746,-0.30000001192092896,-0.30000001192092896,-0.30000001192092896,-0.30000001192092896,-0.30000001192092896,-0.30000001192092896,0.30000001192092896,-0.30000001192092896,0.30000001192092896,-0.30000001192092896,-0.299895560525238
1.2999999523162842,0.3633425482170105,-0.30000001192092896,0.3103092908859253,0.3170940158976746,-0.30000001192092896,-0.16290323792092895,-0.12828283992092895,-0.30000001192092896,-0.30000001192092896,-0.30000001192092896,0.30000001192092896,-0.30000001192092896,0.30000001192092896,-0.30000001192092896,-0.299854978525238
1.2999999523162842,0.3303232522170105,-0.30000001192092896,0.3103092908859253,0.3769230758976746,-0.30000001192092896,-0.27580646392092895,-0.28989900192092893,-0.30000001192092896,-0.30000001192092896,-0.30000001192092896,0.5974599049209289,-0.0012448249209289775,0.901223653920929,-0.30000001192092896,-0.26729960652523804
1.2999999523162842,0.3039623422170105,-0.30000001192092896,0.3103092908859253,0.3512820498976746,-0.30000001192092896,-0.28387097992092897,-0.27979799192092897,-0.30000001192092896,-0.30000001192092896,-0.30000001192092896,0.30000001192092896,-0.30000001192092896,0.30000001192092896,-0.30000001192092896,-0.29984034252523806
1.2999999523162842,0.5423737802170105,-0.30000001192092896,0.3103092908859253,0.5136752128976746,-0.30000001192092896,-0.30000001192092896,-0.30000001192092896,-0.30000001192092896,-0.30000001192092896,-0.30000001192092896,0.30000001192092896,-0.295850633920929,1.173585533920929,-0.30000001192092896,-0.29965029552523803
1.2999999523162842,0.4233225552170105,-0.30000001192092896,0.3103092908859253,0.5222222208976746,-0.30000001192092896,-0.29193549592092893,-0.28989900192092893,-0.30000001192092896,-0.30000001192092896,-0.30000001192092896,0.4610962689209289,-0.30000001192092896,0.30000001192092896,-0.30000001192092896,-0.299882698525238
1.2999999523162842,0.3018436542170105,-0.30000001192092896,0.3103092908859253,0.3512820498976746,-0.30000001192092896,-0.009677430920928931,-0.28989900192092893,-0.30000001192092896,-0.30000001192092896,-0.30000001192092896,1.142246000920929,-0.22116183792092897,0.861063292920929,-0.30000001192092896,-0.252207334525238
1.2999999523162842,0.3015413302170105,-0.30000001192092896,0.7020618688859253,0.2999999988976746,-0.30000001192092896,-0.23548388292092895,-0.28989900192092893,-0.30000001192092896,-0.30000001192092896,-0.30000001192092896,0.7812834339209289,0.29751036107907103,0.7381502899209289,-0.30000001192092896,-0.24275639752523803
1.2999999523162842,0.4820908442170105,-0.30000001192092896,0.3103092908859253,0.5136752128976746,-0.30000001192092896,-0.30000001192092896,-0.30000001192092896,-0.30000001192092896,-0.30000001192092896,-0.30000001192092896,0.30000001192092896,-0.30000001192092896,0.30000001192092896,-0.30000001192092896,-0.299899774525238
1.2999999523162842,0.45149498221701045,-0.30000001192092896,0.3103092908859253,0.5222222208976746,-0.30000001192092896,-0.30000001192092896,-0.30000001192092896,-0.30000001192092896,-0.30000001192092896,-0.30000001192092896,0.30000001192092896,-0.30000001192092896,0.30000001192092896,-0.30000001192092896,-0.299870945525238
1.2999999523162842,0.3009375922170105,-0.30000001192092896,0.4546391878859253,0.4025641018976746,-0.30000001192092896,-0.27580646392092895,-0.28989900192092893,-0.30000001192092896,-0.30000001192092896,-0.30000001192092896,0.6629679259209289,0.45103733207907104,0.7939963459209289,-0.30000001192092896,-0.23431224752523805
1.2999999523162842,0.3012220432170105,-0.30000001192092896,0.49587630188592535,0.38547008389767456,-0.30000001192092896,-0.29193549592092893,-0.28989900192092893,-0.30000001192092896,-0.30000001192092896,-0.30000001192092896,0.4610962689209289,0.699999988079071,1.119382977920929,-0.30000001192092896,-0.23926790252523802
1.2999999523162842,0.4227039732170105,-0.30000001192092896,0.3103092908859253,0.5222222208976746,-0.30000001192092896,-0.30000001192092896,-0.30000001192092896,-0.30000001192092896,-0.30000001192092896,-0.30000001192092896,0.30000001192092896,-0.30000001192092896,0.30000001192092896,-0.30000001192092896,-0.29918504452523803
1.2999999523162842,0.6044742922170105,-0.30000001192092896,0.3103092908859253,0.5222222208976746,-0.30000001192092896,-0.30000001192092896,-0.30000001192092896,-0.30000001192092896,-0.30000001192092896,-0.30000001192092896,0.30000001192092896,-0.30000001192092896,0.30000001192092896,-0.30000001192092896,-0.29936422552523806
1.2999999523162842,0.4212020502170105,-0.30000001192092896,0.3103092908859253,0.41965811889767457,-0.30000001192092896,-0.25967743092092893,-0.28989900192092893,-0.30000001192092896,-0.30000001192092896,-0.30000001192092896,0.7812834339209289,0.027800818079071032,0.9188818659209289,-0.30000001192092896,-0.260445914525238
1.2999999523162842,0.6335355142170105,-0.30000001192092896,0.3103092908859253,0.3769230758976746,-0.30000001192092896,-0.30000001192092896,-0.30000001192092896,-0.30000001192092896,-0.30000001192092896,-0.30000001192092896,0.30000001192092896,-0.29170125692092896,1.119382977920929,-0.30000001192092896,-0.299443393525238
1.2999999523162842,0.3612211342170105,-0.30000001192092896,0.3103092908859253,0.3512820498976746,-0.30000001192092896,-0.25967743092092893,-0.28989900192092893,-0.30000001192092896,-0.30000001192092896,-0.30000001192092896,0.7812834339209289,-0.009543579920928968,0.676590412920929,-0.30000001192092896,-0.25771029152523806
1.2999999523162842,0.4230196262170105,-0.30000001192092896,0.3103092908859253,0.3598290588976746,-0.30000001192092896,-0.27580646392092895,-0.26969698192092895,-0.30000001192092896,-0.30000001192092896,-0.30000001192092896,0.30000001192092896,-0.30000001192092896,0.30000001192092896,-0.30000001192092896,-0.29985542252523806
1.2999999523162842,0.9967677702170105,-0.30000001192092896,0.3103092908859253,0.3769230758976746,-0.30000001192092896,-0.30000001192092896,-0.30000001192092896,-0.30000001192092896,-0.30000001192092896,-0.30000001192092896,0.30000001192092896,-0.30000001192092896,0.30000001192092896,-0.30000001192092896,-0.29979310852523805
1.2999999523162842,0.4524037702170105,-0.30000001192092896,0.3103092908859253,0.5222222208976746,-0.30000001192092896,-0.30000001192092896,-0.30000001192092896,-0.30000001192092896,-0.30000001192092896,-0.30000001192092896,0.30000001192092896,-0.30000001192092896,0.30000001192092896,-0.30000001192092896,-0.29896993752523804
1.2999999523162842,0.6044742922170105,-0.30000001192092896,0.3103092908859253,0.5307692298976746,-0.30000001192092896,-0.30000001192092896,-0.30000001192092896,-0.30000001192092896,-0.30000001192092896,-0.30000001192092896,0.30000001192092896,-0.2875518789209289,0.7712671929209289,-0.30000001192092896,-0.29894532252523803
1.2999999523162842,0.4817879152170105,-0.30000001192092896,0.3103092908859253,0.5307692298976746,-0.30000001192092896,-0.30000001192092896,-0.30000001192092896,-0.30000001192092896,-0.30000001192092896,-0.30000001192092896,0.30000001192092896,-0.30000001192092896,0.30000001192092896,-0.30000001192092896,-0.299252902525238
1.2999999523162842,0.8755924042170105,-0.30000001192092896,0.3103092908859253,0.3769230758976746,-0.30000001192092896,-0.30000001192092896,-0.30000001192092896,-0.30000001192092896,-0.30000001192092896,-0.30000001192092896,0.30000001192092896,-0.30000001192092896,0.30000001192092896,-0.30000001192092896,-0.29990465302523805
1.2999999523162842,0.3054778972170105,-0.30000001192092896,0.3103092908859253,0.33418803289767457,-0.30000001192092896,-0.09032259292092895,-0.28989900192092893,-0.30000001192092896,-0.30000001192092896,-0.30000001192092896,1.099465252920929,-0.20041494992092895,0.708840948920929,-0.30000001192092896,-0.25027736352523805
1.2999999523162842,0.42150497921701047,-0.30000001192092896,0.3103092908859253,0.5136752128976746,-0.30000001192092896,-0.30000001192092896,-0.30000001192092896,-0.30000001192092896,-0.30000001192092896,-0.30000001192092896,0.30000001192092896,-0.30000001192092896,0.30000001192092896,-0.30000001192092896,-0.29950681652523803
1.2999999523162842,1.1482324332170104,-0.30000001192092896,0.3103092908859253,0.3769230758976746,-0.30000001192092896,-0.30000001192092896,-0.30000001192092896,-0.30000001192092896,-0.30000001192092896,-0.30000001192092896,0.30000001192092896,-0.30000001192092896,0.30000001192092896,-0.30000001192092896,-0.299819053525238
1.2999999523162842,0.4517979122170105,-0.30000001192092896,0.3103092908859253,0.5136752128976746,-0.30000001192092896,-0.30000001192092896,-0.30000001192092896,-0.30000001192092896,-0.30000001192092896,-0.30000001192092896,0.30000001192092896,-0.30000001192092896,0.30000001192092896,-0.30000001192092896,-0.29753715052523805
1.2999999523162842,0.4829996322170105,-0.30000001192092896,0.3103092908859253,0.5136752128976746,-0.30000001192092896,-0.30000001192092896,-0.30000001192092896,-0.30000001192092896,-0.30000001192092896,-0.30000001192092896,0.30000001192092896,-0.30000001192092896,0.30000001192092896,-0.30000001192092896,-0.29939615852523804
1.2999999523162842,0.3015425422170105,-0.30000001192092896,0.3103092908859253,0.3256410248976746,-0.30000001192092896,-0.21935485092092893,-0.28989900192092893,-0.30000001192092896,-0.30000001192092896,-0.30000001192092896,0.9417112419209289,-0.11327801992092895,0.908976793920929,-0.30000001192092896,-0.25103688952523806
1.2999999523162842,0.3918179052170105,-0.30000001192092896,0.3103092908859253,0.3940170928976746,-0.30000001192092896,-0.29193549592092893,-0.28989900192092893,-0.30000001192092896,-0.30000001192092896,-0.30000001192092896,0.45307487792092893,0.650207457079071,1.054287704920929,-0.30000001192092896,-0.23885742552523803
1.2999999523162842,0.4530096292170105,-0.30000001192092896,0.3103092908859253,0.5136752128976746,-0.30000001192092896,-0.30000001192092896,-0.30000001192092896,-0.30000001192092896,-0.30000001192092896,-0.30000001192092896,0.30000001192092896,-0.30000001192092896,0.30000001192092896,-0.30000001192092896,-0.299899996525238
1.2999999523162842,0.5123625722170105,-0.30000001192092896,0.3103092908859253,0.5136752128976746,-0.30000001192092896,-0.30000001192092896,-0.30000001192092896,-0.30000001192092896,-0.30000001192092896,-0.30000001192092896,0.30000001192092896,-0.30000001192092896,0.30000001192092896,-0.30000001192092896,-0.29964985152523804
1.2999999523162842,0.42148498621701047,-0.30000001192092896,0.3103092908859253,0.3769230758976746,-0.30000001192092896,-0.30000001192092896,-0.30000001192092896,-0.30000001192092896,-0.30000001192092896,-0.30000001192092896,0.30000001192092896,-0.30000001192092896,0.30000001192092896,-0.30000001192092896,-0.29968999052523804
1.2999999523162842,1.0879494972170105,-0.30000001192092896,0.3103092908859253,0.3769230758976746,-0.30000001192092896,-0.30000001192092896,-0.30000001192092896,-0.30000001192092896,-0.30000001192092896,-0.30000001192092896,0.30000001192092896,-0.30000001192092896,0.30000001192092896,-0.30000001192092896,-0.299797321525238
1.2999999523162842,0.4224043762170105,-0.30000001192092896,0.3103092908859253,0.5222222208976746,-0.30000001192092896,-0.30000001192092896,-0.30000001192092896,-0.30000001192092896,-0.30000001192092896,-0.30000001192092896,0.30000001192092896,-0.30000001192092896,0.30000001192092896,-0.30000001192092896,-0.29939970752523803
1.2999999523162842,0.4817679222170105,-0.30000001192092896,0.5061855798859253,0.5393162378976746,-0.30000001192092896,-0.30000001192092896,-0.30000001192092896,-0.30000001192092896,-0.30000001192092896,-0.30000001192092896,0.30000001192092896,-0.24605810292092894,1.119382977920929,-0.30000001192092896,-0.29453142552523803
1.2999999523162842,0.3003214342170105,-0.30000001192092896,0.3103092908859253,0.3256410248976746,-0.30000001192092896,-0.06612904392092894,-0.007070718920928976,-0.30000001192092896,-0.30000001192092896,-0.30000001192092896,0.30000001192092896,-0.30000001192092896,0.30000001192092896,-0.30000001192092896,-0.299841229525238
1.2999999523162842,0.4829996322170105,-0.30000001192092896,0.3103092908859253,0.5222222208976746,-0.30000001192092896,-0.30000001192092896,-0.30000001192092896,-0.30000001192092896,-0.30000001192092896,-0.30000001192092896,0.30000001192092896,-0.30000001192092896,0.30000001192092896,-0.30000001192092896,-0.298970381525238
1.2999999523162842,0.4820908442170105,-0.30000001192092896,0.3103092908859253,0.5136752128976746,-0.30000001192092896,-0.30000001192092896,-0.30000001192092896,-0.30000001192092896,-0.30000001192092896,-0.30000001192092896,0.30000001192092896,-0.295850633920929,0.897441642920929,-0.30000001192092896,-0.299250684525238
1.2999999523162842,0.42150497921701047,-0.30000001192092896,0.3103092908859253,0.5136752128976746,-0.30000001192092896,-0.30000001192092896,-0.30000001192092896,0.699999988079071,-0.30000001192092896,-0.30000001192092896,0.30000001192092896,-0.30000001192092896,0.30000001192092896,-0.30000001192092896,-0.27408943252523804
1.2999999523162842,0.4529863032170105,-0.30000001192092896,0.3103092908859253,0.5222222208976746,-0.30000001192092896,-0.30000001192092896,-0.30000001192092896,-0.30000001192092896,-0.30000001192092896,-0.30000001192092896,0.30000001192092896,-0.30000001192092896,0.30000001192092896,-0.30000001192092896,-0.29990088312523805
1.2999999523162842,0.4517979122170105,-0.30000001192092896,0.3103092908859253,0.5307692298976746,-0.30000001192092896,-0.30000001192092896,-0.30000001192092896,-0.30000001192092896,-0.30000001192092896,-0.30000001192092896,0.30000001192092896,-0.2875518789209289,0.6983733689209289,-0.30000001192092896,-0.29907394252523806
1.2999999523162842,0.3303068932170105,-0.30000001192092896,0.3103092908859253,0.3598290588976746,-0.30000001192092896,-0.15483872192092896,-0.11818182992092896,-0.30000001192092896,-0.30000001192092896,-0.30000001192092896,0.30000001192092896,-0.30000001192092896,0.30000001192092896,-0.30000001192092896,-0.29984078652523805
1.2999999523162842,0.6029596462170105,-0.30000001192092896,0.3103092908859253,0.4794871778976746,-0.30000001192092896,-0.30000001192092896,-0.30000001192092896,-0.30000001192092896,-0.30000001192092896,-0.30000001192092896,0.30000001192092896,-0.30000001192092896,0.30000001192092896,-0.30000001192092896,-0.299900661325238
1.2999999523162842,0.3612005352170105,-0.30000001192092896,0.3103092908859253,0.3769230758976746,-0.30000001192092896,-0.27580646392092895,-0.28989900192092893,-0.30000001192092896,-0.30000001192092896,-0.30000001192092896,0.6629679259209289,-0.30000001192092896,0.30000001192092896,-0.30000001192092896,-0.25730580252523805
1.2999999523162842,0.3612220432170105,-0.30000001192092896,0.3103092908859253,0.3170940158976746,-0.30000001192092896,-0.25161291492092897,-0.23939395092092897,-0.30000001192092896,-0.30000001192092896,-0.30000001192092896,0.37219252492092897,-0.30000001192092896,0.30000001192092896,-0.30000001192092896,-0.29985453552523805
1.2999999523162842,0.5129769122170105,-0.30000001192092896,0.3103092908859253,0.5222222208976746,-0.30000001192092896,-0.30000001192092896,-0.30000001192092896,-0.30000001192092896,-0.30000001192092896,-0.30000001192092896,0.30000001192092896,-0.295850633920929,0.897441642920929,-0.30000001192092896,-0.299292375525238
1.2999999523162842,0.3324419392170105,-0.30000001192092896,0.3103092908859253,0.3170940158976746,-0.30000001192092896,-0.21935485092092893,-0.19898991092092894,-0.30000001192092896,-0.30000001192092896,-0.30000001192092896,0.9417112419209289,0.09834023707907102,0.7584912959209289,-0.30000001192092896,-0.24865031552523803
1.2999999523162842,0.5120808482170105,-0.30000001192092896,0.3103092908859253,0.5136752128976746,-0.30000001192092896,-0.30000001192092896,-0.30000001192092896,-0.30000001192092896,-0.30000001192092896,-0.30000001192092896,0.30000001192092896,-0.295850633920929,0.798222310920929,-0.30000001192092896,-0.29982304552523803
1.2999999523162842,0.3036594122170105,-0.30000001192092896,0.3103092908859253,0.3683760668976746,-0.30000001192092896,-0.15483872192092896,-0.11818182992092896,-0.30000001192092896,-0.30000001192092896,-0.30000001192092896,1.043983968920929,-0.04273860092092896,1.094716369920929,-0.30000001192092896,-0.24320834352523804
1.2999999523162842,0.4526976122170105,-0.30000001192092896,0.3103092908859253,0.5136752128976746,-0.30000001192092896,-0.30000001192092896,-0.30000001192092896,-0.30000001192092896,-0.30000001192092896,-0.30000001192092896,0.30000001192092896,-0.30000001192092896,0.30000001192092896,-0.30000001192092896,-0.29922119052523805
1.2999999523162842,0.4221108382170105,-0.30000001192092896,0.3103092908859253,0.5222222208976746,-0.30000001192092896,-0.30000001192092896,-0.30000001192092896,-0.30000001192092896,-0.30000001192092896,-0.30000001192092896,0.30000001192092896,-0.30000001192092896,0.30000001192092896,-0.30000001192092896,-0.299900661325238
0.2999999523162842,0.5426767102170105,-0.30000001192092896,0.3000000128859253,0.2999999988976746,-0.30000001192092896,-0.30000001192092896,-0.30000001192092896,-0.30000001192092896,-0.30000001192092896,-0.24605810292092894,0.48248664292092897,-0.24605810292092894,1.018495879920929,-0.30000001192092896,-0.285737782525238
1.2999999523162842,0.4829996322170105,-0.30000001192092896,0.3103092908859253,0.5222222208976746,-0.30000001192092896,-0.30000001192092896,-0.30000001192092896,-0.30000001192092896,-0.30000001192092896,-0.30000001192092896,0.30000001192092896,-0.30000001192092896,0.30000001192092896,-0.30000001192092896,-0.298970381525238
1.2999999523162842,0.3926988232170105,-0.30000001192092896,0.3103092908859253,0.3769230758976746,-0.30000001192092896,-0.26774194692092895,-0.28989900192092893,-0.30000001192092896,-0.30000001192092896,-0.30000001192092896,0.727139048920929,-0.0012448249209289775,0.856131456920929,-0.30000001192092896,-0.255868802525238
1.2999999523162842,0.5429796392170105,-0.30000001192092896,0.3103092908859253,0.5222222208976746,-0.30000001192092896,-0.30000001192092896,-0.30000001192092896,-0.30000001192092896,-0.30000001192092896,-0.30000001192092896,0.30000001192092896,-0.30000001192092896,0.30000001192092896,-0.30000001192092896,-0.29939970752523803
1.2999999523162842,0.3605913442170105,-0.30000001192092896,0.44432990988592536,0.5393162378976746,-0.30000001192092896,-0.30000001192092896,-0.30000001192092896,0.699999988079071,-0.30000001192092896,-0.30000001192092896,0.39625669592092894,-0.24605810292092894,0.713624865920929,-0.30000001192092896,-0.283239442525238
1.2999999523162842,0.4221020532170105,-0.30000001192092896,0.3103092908859253,0.5051282038976745,-0.30000001192092896,-0.30000001192092896,-0.30000001192092896,-0.30000001192092896,-0.30000001192092896,-0.30000001192092896,0.30000001192092896,-0.30000001192092896,0.30000001192092896,-0.30000001192092896,-0.288408208525238
1.2999999523162842,0.39088064221701047,-0.30000001192092896,0.3103092908859253,0.3769230758976746,-0.30000001192092896,-0.30000001192092896,-0.30000001192092896,-0.30000001192092896,-0.30000001192092896,-0.30000001192092896,0.30000001192092896,-0.30000001192092896,0.30000001192092896,-0.30000001192092896,-0.299870058525238
1.2999999523162842,0.4820908442170105,-0.30000001192092896,0.3103092908859253,0.5222222208976746,-0.30000001192092896,-0.30000001192092896,-0.30000001192092896,-0.30000001192092896,-0.30000001192092896,-0.30000001192092896,0.30000001192092896,-0.30000001192092896,0.30000001192092896,-0.30000001192092896,-0.29914889752523804
1.2999999523162842,0.48239377421701046,-0.30000001192092896,0.3103092908859253,0.5136752128976746,-0.30000001192092896,-0.30000001192092896,-0.30000001192092896,-0.30000001192092896,-0.30000001192092896,-0.30000001192092896,0.30000001192092896,-0.30000001192092896,0.30000001192092896,-0.30000001192092896,-0.29950681652523803
1.2999999523162842,0.3927203312170105,-0.30000001192092896,0.3103092908859253,0.5222222208976746,-0.30000001192092896,-0.30000001192092896,-0.30000001192092896,-0.30000001192092896,-0.30000001192092896,-0.30000001192092896,0.30000001192092896,-0.26680499092092896,0.8365443559209289,-0.30000001192092896,-0.29744112952523805
1.2999999523162842,0.4239284142170105,-0.30000001192092896,0.3103092908859253,0.5222222208976746,-0.30000001192092896,-0.30000001192092896,-0.30000001192092896,-0.30000001192092896,-0.30000001192092896,-0.30000001192092896,0.30000001192092896,-0.30000001192092896,0.30000001192092896,-0.30000001192092896,-0.299419443525238
1.2999999523162842,0.4524037702170105,-0.30000001192092896,0.3103092908859253,0.5222222208976746,-0.30000001192092896,-0.30000001192092896,-0.30000001192092896,-0.30000001192092896,-0.30000001192092896,-0.30000001192092896,0.30000001192092896,-0.30000001192092896,0.30000001192092896,-0.30000001192092896,-0.29990088312523805
1.2999999523162842,0.3608936682170105,-0.30000001192092896,0.3618556828859253,0.5051282038976745,-0.30000001192092896,-0.30000001192092896,-0.30000001192092896,-0.30000001192092896,-0.30000001192092896,-0.30000001192092896,0.30000001192092896,-0.24605810292092894,0.9164036419209289,-0.30000001192092896,-0.29204705652523805
1.2999999523162842,0.45299478521701053,-0.30000001192092896,0.3103092908859253,0.5136752128976746,-0.30000001192092896,-0.30000001192092896,-0.30000001192092896,-0.30000001192092896,-0.30000001192092896,-0.30000001192092896,0.30000001192092896,-0.30000001192092896,0.30000001192092896,-0.30000001192092896,-0.299899774525238
1.2999999523162842,0.5123837772170106,-0.30000001192092896,0.3103092908859253,0.5136752128976746,-0.30000001192092896,-0.30000001192092896,-0.30000001192092896,-0.30000001192092896,-0.30000001192092896,-0.30000001192092896,0.30000001192092896,-0.30000001192092896,0.30000001192092896,-0.30000001192092896,-0.29981550552523806
1.2999999523162842,0.4517979122170105,-0.30000001192092896,0.3103092908859253,0.5307692298976746,-0.30000001192092896,-0.30000001192092896,-0.30000001192092896,-0.30000001192092896,-0.30000001192092896,-0.30000001192092896,0.30000001192092896,-0.30000001192092896,0.30000001192092896,-0.30000001192092896,-0.29902293852523804
1.2999999523162842,0.39333255221701047,-0.30000001192092896,0.3103092908859253,0.4965811958976746,-0.30000001192092896,-0.30000001192092896,-0.30000001192092896,-0.30000001192092896,-0.30000001192092896,-0.30000001192092896,0.30000001192092896,-0.30000001192092896,0.30000001192092896,-0.30000001192092896,-0.29893112952523804
1.2999999523162842,0.5429796392170105,-0.30000001192092896,0.3103092908859253,0.5136752128976746,-0.30000001192092896,-0.30000001192092896,-0.30000001192092896,-0.30000001192092896,-0.30000001192092896,-0.30000001192092896,0.30000001192092896,-0.30000001192092896,0.30000001192092896,-0.30000001192092896,-0.299901104925238
1.2999999523162842,0.4829996322170105,-0.30000001192092896,0.3103092908859253,0.5136752128976746,-0.30000001192092896,-0.30000001192092896,-0.30000001192092896,-0.30000001192092896,-0.30000001192092896,-0.30000001192092896,0.30000001192092896,-0.30000001192092896,0.30000001192092896,-0.30000001192092896,-0.299395937525238
1.2999999523162842,0.45149498221701045,-0.30000001192092896,0.3103092908859253,0.5222222208976746,-0.30000001192092896,-0.30000001192092896,-0.30000001192092896,-0.30000001192092896,-0.30000001192092896,-0.30000001192092896,0.30000001192092896,-0.30000001192092896,0.30000001192092896,-0.30000001192092896,-0.29990088312523805
1.2999999523162842,0.5729696422170105,-0.30000001192092896,0.3103092908859253,0.5136752128976746,-0.30000001192092896,-0.30000001192092896,-0.30000001192092896,-0.30000001192092896,-0.30000001192092896,-0.30000001192092896,0.30000001192092896,-0.30000001192092896,0.30000001192092896,-0.30000001192092896,-0.299901104925238
1.2999999523162842,0.4220981152170105,-0.30000001192092896,0.3103092908859253,0.5222222208976746,-0.30000001192092896,-0.30000001192092896,-0.30000001192092896,-0.30000001192092896,-0.30000001192092896,-0.30000001192092896,0.30000001192092896,-0.295850633920929,0.897441642920929,-0.30000001192092896,-0.29948818952523804
1.2999999523162842,0.33334436621701047,-0.30000001192092896,0.3103092908859253,0.3683760668976746,-0.30000001192092896,-0.19516130192092895,-0.16868688092092896,-0.30000001192092896,-0.30000001192092896,-0.30000001192092896,0.30000001192092896,-0.30000001192092896,0.30000001192092896,-0.30000001192092896,-0.29327959452523805
1.2999999523162842,0.39118448021701047,-0.30000001192092896,0.44432990988592536,0.5393162378976746,-0.30000001192092896,-0.30000001192092896,-0.30000001192092896,-0.30000001192092896,-0.30000001192092896,-0.30000001192092896,0.30000001192092896,-0.24605810292092894,1.088932179920929,-0.30000001192092896,-0.29520002952523805
1.2999999523162842,0.3624337602170105,-0.30000001192092896,0.3103092908859253,0.5051282038976745,-0.30000001192092896,-0.30000001192092896,-0.30000001192092896,0.699999988079071,-0.30000001192092896,-0.30000001192092896,0.30000001192092896,-0.30000001192092896,0.30000001192092896,-0.30000001192092896,-0.26642277052523805
1.2999999523162842,0.4212020502170105,-0.30000001192092896,0.3103092908859253,0.3940170928976746,-0.30000001192092896,-0.29193549592092893,-0.28989900192092893,-0.30000001192092896,-0.30000001192092896,-0.30000001192092896,0.45909092092092896,0.687551855079071,0.6740299839209289,-0.30000001192092896,-0.25504829352523806
1.2999999523162842,0.5741813592170105,-0.30000001192092896,0.3103092908859253,0.5136752128976746,-0.30000001192092896,-0.30000001192092896,-0.30000001192092896,-0.30000001192092896,-0.30000001192092896,-0.30000001192092896,0.30000001192092896,-0.295850633920929,0.7712671929209289,-0.30000001192092896,-0.29946179952523805
1.2999999523162842,0.39150164721701053,-0.30000001192092896,0.3103092908859253,0.3683760668976746,-0.30000001192092896,-0.24354839892092894,-0.28989900192092893,-0.30000001192092896,-0.30000001192092896,-0.30000001192092896,0.861497337920929,-0.30000001192092896,0.30000001192092896,-0.30000001192092896,-0.29985653152523806
1.2999999523162842,0.4214795332170105,-0.30000001192092896,0.3412371258859253,0.5051282038976745,-0.30000001192092896,-0.30000001192092896,-0.30000001192092896,-0.30000001192092896,-0.30000001192092896,-0.30000001192092896,0.30000001192092896,-0.24605810292092894,0.572031290920929,-0.30000001192092896,-0.29518672452523803
1.2999999523162842,1.0876165782170104,-0.30000001192092896,0.3103092908859253,0.3769230758976746,-0.30000001192092896,-0.30000001192092896,-0.30000001192092896,-0.30000001192092896,-0.30000001192092896,-0.30000001192092896,0.30000001192092896,-0.30000001192092896,0.30000001192092896,-0.30000001192092896,-0.29972569352523803
1.2999999523162842,0.4230196262170105,-0.30000001192092896,0.3103092908859253,0.5051282038976745,-0.30000001192092896,-0.30000001192092896,-0.30000001192092896,0.699999988079071,-0.30000001192092896,-0.30000001192092896,0.30000001192092896,-0.30000001192092896,0.30000001192092896,-0.30000001192092896,-0.299893786525238
1.2999999523162842,0.3018279022170105,-0.30000001192092896,0.3721649608859253,0.4709401698976746,-0.30000001192092896,-0.24354839892092894,-0.28989900192092893,-0.30000001192092896,-0.30000001192092896,-0.30000001192092896,0.861497337920929,0.19792529907907103,1.119382977920929,-0.30000001192092896,-0.23820434452523803
1.2999999523162842,0.5426767102170105,-0.30000001192092896,0.3103092908859253,0.5307692298976746,-0.30000001192092896,-0.30000001192092896,-0.30000001192092896,-0.30000001192092896,-0.30000001192092896,-0.30000001192092896,0.30000001192092896,-0.30000001192092896,0.30000001192092896,-0.30000001192092896,-0.299901104925238
1.2999999523162842,0.4536154882170105,-0.30000001192092896,0.3103092908859253,0.5307692298976746,-0.30000001192092896,-0.30000001192092896,-0.30000001192092896,-0.30000001192092896,-0.30000001192092896,-0.30000001192092896,0.30000001192092896,-0.295850633920929,0.861431282920929,-0.30000001192092896,-0.29910986752523805
1.2999999523162842,0.3912120462170105,-0.30000001192092896,0.3103092908859253,0.5222222208976746,-0.30000001192092896,-0.30000001192092896,-0.30000001192092896,-0.30000001192092896,-0.30000001192092896,-0.30000001192092896,0.30000001192092896,-0.30000001192092896,0.30000001192092896,-0.30000001192092896,-0.29990132662523805
1.2999999523162842,0.4817879152170105,-0.30000001192092896,0.3103092908859253,0.5222222208976746,-0.30000001192092896,-0.30000001192092896,-0.30000001192092896,-0.30000001192092896,-0.30000001192092896,-0.30000001192092896,0.30000001192092896,-0.30000001192092896,0.30000001192092896,-0.30000001192092896,-0.29914889752523804
1.2999999523162842,0.5423737802170105,-0.30000001192092896,0.3103092908859253,0.3769230758976746,-0.30000001192092896,-0.30000001192092896,-0.30000001192092896,-0.30000001192092896,-0.30000001192092896,-0.30000001192092896,0.30000001192092896,-0.30000001192092896,0.30000001192092896,-0.30000001192092896,-0.29976139652523803
1.2999999523162842,0.3039429542170105,-0.30000001192092896,0.3721649608859253,0.4709401698976746,-0.30000001192092896,-0.30000001192092896,-0.30000001192092896,0.699999988079071,-0.30000001192092896,-0.30000001192092896,0.30000001192092896,-0.24605810292092894,0.9164036419209289,-0.30000001192092896,-0.27583866952523806
1.2999999523162842,0.3921208342170105,-0.30000001192092896,0.3103092908859253,0.5136752128976746,-0.30000001192092896,-0.30000001192092896,-0.30000001192092896,-0.30000001192092896,-0.30000001192092896,-0.30000001192092896,0.30000001192092896,-0.30000001192092896,0.30000001192092896,-0.30000001192092896,-0.29947111352523803
1.2999999523162842,1.1785253662170105,-0.30000001192092896,0.3103092908859253,0.3769230758976746,-0.30000001192092896,-0.30000001192092896,-0.30000001192092896,-0.30000001192092896,-0.30000001192092896,-0.30000001192092896,0.30000001192092896,-0.30000001192092896,0.30000001192092896,-0.30000001192092896,-0.29990465302523805
1.2999999523162842,0.5135954942170105,-0.30000001192092896,0.3103092908859253,0.5222222208976746,-0.30000001192092896,-0.30000001192092896,-0.30000001192092896,-0.30000001192092896,-0.30000001192092896,-0.30000001192092896,0.30000001192092896,-0.30000001192092896,0.30000001192092896,-0.30000001192092896,-0.29725108152523805
1.2999999523162842,0.30455487121701047,-0.30000001192092896,0.3103092908859253,0.3256410248976746,-0.30000001192092896,0.19999998807907104,-0.28989900192092893,-0.30000001192092896,-0.30000001192092896,-0.30000001192092896,1.170320867920929,-0.25435685792092894,0.917708219920929,-0.30000001192092896,-0.25134846152523804
1.2999999523162842,0.45149498221701045,-0.30000001192092896,0.3103092908859253,0.5222222208976746,-0.30000001192092896,-0.30000001192092896,-0.30000001192092896,-0.30000001192092896,-0.30000001192092896,-0.30000001192092896,0.30000001192092896,-0.30000001192092896,0.30000001192092896,-0.30000001192092896,-0.291267128525238
1.2999999523162842,0.42180790821701053,-0.30000001192092896,0.3103092908859253,0.5222222208976746,-0.30000001192092896,-0.30000001192092896,-0.30000001192092896,0.699999988079071,-0.30000001192092896,-0.30000001192092896,0.30000001192092896,-0.30000001192092896,0.30000001192092896,-0.30000001192092896,-0.27566436752523804
1.2999999523162842,0.4221096262170105,-0.30000001192092896,0.3103092908859253,0.4025641018976746,-0.30000001192092896,-0.27580646392092895,-0.28989900192092893,-0.30000001192092896,-0.30000001192092896,-0.30000001192092896,0.6402406539209289,-0.30000001192092896,0.30000001192092896,-0.30000001192092896,-0.29986251852523804
1.2999999523162842,0.4230196262170105,-0.30000001192092896,0.3103092908859253,0.5051282038976745,-0.30000001192092896,-0.29193549592092893,-0.28989900192092893,-0.30000001192092896,-0.30000001192092896,-0.30000001192092896,0.4610962689209289,-0.30000001192092896,0.30000001192092896,-0.30000001192092896,-0.299882033525238
1.2999999523162842,0.3012338572170105,-0.30000001192092896,0.4134020748859253,0.4538461528976746,-0.30000001192092896,-0.28387097992092897,-0.28989900192092893,-0.30000001192092896,-0.30000001192092896,-0.30000001192092896,0.575401081920929,0.554771772079071,0.973676295920929,-0.30000001192092896,-0.21591598452523802
1.2999999523162842,0.3000185049170105,-0.30000001192092896,0.3103092908859253,0.2999999988976746,-0.30000001192092896,-0.025806463920928946,-0.28989900192092893,-0.30000001192092896,-0.30000001192092896,-0.30000001192092896,1.136898407920929,-0.22946059292092896,0.965039404920929,-0.30000001192092896,-0.24856139052523804
1.2999999523162842,0.3018418362170105,-0.30000001192092896,0.3103092908859253,0.3256410248976746,-0.30000001192092896,-0.18709678592092896,-0.15858587092092896,-0.30000001192092896,-0.30000001192092896,-0.30000001192092896,0.30000001192092896,-0.30000001192092896,0.30000001192092896,-0.30000001192092896,-0.29983989952523804
1.2999999523162842,0.3615249722170105,-0.30000001192092896,0.3103092908859253,0.3512820498976746,-0.30000001192092896,-0.30000001192092896,-0.30000001192092896,-0.30000001192092896,-0.30000001192092896,-0.30000001192092896,0.30000001192092896,-0.30000001192092896,0.30000001192092896,-0.30000001192092896,-0.29986961552523805
1.2999999523162842,0.3618266902170105,-0.30000001192092896,0.44432990988592536,0.5393162378976746,-0.30000001192092896,-0.30000001192092896,-0.30000001192092896,-0.30000001192092896,-0.30000001192092896,-0.30000001192092896,0.30000001192092896,-0.24605810292092894,0.808402569920929,-0.30000001192092896,-0.252547513525238
1.2999999523162842,0.42180790821701053,-0.30000001192092896,0.3103092908859253,0.5136752128976746,-0.30000001192092896,-0.30000001192092896,-0.30000001192092896,-0.30000001192092896,-0.30000001192092896,-0.30000001192092896,0.30000001192092896,-0.30000001192092896,0.30000001192092896,-0.30000001192092896,-0.29925534152523803
1.2999999523162842,1.2391112312170105,-0.30000001192092896,0.3103092908859253,0.3769230758976746,-0.30000001192092896,-0.30000001192092896,-0.30000001192092896,-0.30000001192092896,-0.30000001192092896,-0.30000001192092896,0.30000001192092896,-0.30000001192092896,0.30000001192092896,-0.30000001192092896,-0.29990465302523805
1.2999999523162842,0.48239377421701046,-0.30000001192092896,0.3103092908859253,0.5136752128976746,-0.30000001192092896,-0.30000001192092896,-0.30000001192092896,-0.30000001192092896,-0.30000001192092896,-0.30000001192092896,0.30000001192092896,-0.295850633920929,0.973676295920929,-0.30000001192092896,-0.299465569525238
1.2999999523162842,0.3048638592170105,-0.30000001192092896,0.3103092908859253,0.33418803289767457,-0.30000001192092896,-0.025806463920928946,-0.28989900192092893,-0.30000001192092896,-0.30000001192092896,-0.30000001192092896,1.1409091029209288,-0.30000001192092896,0.30000001192092896,-0.30000001192092896,-0.29983945552523805
1.2999999523162842,0.4542213462170105,-0.30000001192092896,0.3103092908859253,0.5136752128976746,-0.30000001192092896,-0.30000001192092896,-0.30000001192092896,-0.30000001192092896,-0.30000001192092896,-0.30000001192092896,0.30000001192092896,-0.30000001192092896,0.30000001192092896,-0.30000001192092896,-0.299579775525238
1.2999999523162842,0.3921208342170105,-0.30000001192092896,0.3103092908859253,0.5307692298976746,-0.30000001192092896,-0.30000001192092896,-0.30000001192092896,-0.30000001192092896,-0.30000001192092896,-0.30000001192092896,0.30000001192092896,-0.2875518789209289,1.0424097209209289,-0.30000001192092896,-0.27249010452523803
1.2999999523162842,0.4833025622170105,-0.30000001192092896,0.3103092908859253,0.5222222208976746,-0.30000001192092896,-0.30000001192092896,-0.30000001192092896,-0.30000001192092896,-0.30000001192092896,-0.30000001192092896,0.30000001192092896,-0.30000001192092896,0.30000001192092896,-0.30000001192092896,-0.299900661325238
1.2999999523162842,0.42271669621701047,-0.30000001192092896,0.3103092908859253,0.5222222208976746,-0.30000001192092896,-0.30000001192092896,-0.30000001192092896,-0.30000001192092896,-0.30000001192092896,-0.30000001192092896,0.30000001192092896,-0.295850633920929,0.985206940920929,-0.30000001192092896,-0.29928638852523803
1.2999999523162842,0.4823925622170105,-0.30000001192092896,0.3103092908859253,0.5393162378976746,-0.30000001192092896,-0.30000001192092896,-0.30000001192092896,-0.30000001192092896,-0.30000001192092896,-0.30000001192092896,0.30000001192092896,-0.30000001192092896,0.30000001192092896,-0.30000001192092896,-0.299073720525238
1.2999999523162842,0.3336336632170105,-0.30000001192092896,0.3103092908859253,0.3598290588976746,-0.30000001192092896,-0.09838710892092895,-0.28989900192092893,-0.30000001192092896,-0.30000001192092896,-0.30000001192092896,1.1021390489209288,-0.30000001192092896,0.30000001192092896,-0.30000001192092896,-0.299846108525238
1.2999999523162842,0.5123837772170106,-0.30000001192092896,0.3103092908859253,0.5136752128976746,-0.30000001192092896,-0.30000001192092896,-0.30000001192092896,-0.30000001192092896,-0.30000001192092896,-0.30000001192092896,0.30000001192092896,-0.30000001192092896,0.30000001192092896,-0.30000001192092896,-0.299328078525238
1.2999999523162842,0.4233225552170105,-0.30000001192092896,0.3103092908859253,0.5222222208976746,-0.30000001192092896,-0.27580646392092895,-0.28989900192092893,-0.30000001192092896,-0.30000001192092896,-0.30000001192092896,0.6629679259209289,-0.30000001192092896,0.30000001192092896,-0.30000001192092896,-0.299882698525238
1.2999999523162842,0.3611917502170105,-0.30000001192092896,0.3103092908859253,0.33418803289767457,-0.30000001192092896,-0.001612914920928965,-0.28989900192092893,-0.30000001192092896,-0.30000001192092896,-0.30000001192092896,1.1409091029209288,-0.30000001192092896,0.30000001192092896,-0.30000001192092896,-0.24908296852523804
1.2999999523162842,0.3306261812170105,-0.30000001192092896,0.3103092908859253,0.3512820498976746,-0.30000001192092896,-0.27580646392092895,-0.28989900192092893,-0.30000001192092896,-0.30000001192092896,-0.30000001192092896,0.660962578920929,0.03609957307907102,0.976949329920929,-0.30000001192092896,-0.24596104152523804
1.2999999523162842,0.3012356752170105,-0.30000001192092896,0.3103092908859253,0.3512820498976746,-0.30000001192092896,-0.050000011920928955,-0.28989900192092893,-0.30000001192092896,-0.30000001192092896,-0.30000001192092896,1.1288770169209288,-0.22116183792092897,0.8365443559209289,-0.30000001192092896,-0.25943624452523806
1.2999999523162842,0.39363548121701053,-0.30000001192092896,0.3103092908859253,0.44529914389767455,-0.30000001192092896,-0.30000001192092896,-0.30000001192092896,-0.30000001192092896,-0.30000001192092896,-0.30000001192092896,0.30000001192092896,-0.30000001192092896,0.30000001192092896,-0.30000001192092896,-0.299870945525238
1.2999999523162842,0.5732725722170104,-0.30000001192092896,0.3103092908859253,0.5222222208976746,-0.30000001192092896,-0.30000001192092896,-0.30000001192092896,-0.30000001192092896,-0.30000001192092896,-0.30000001192092896,0.30000001192092896,-0.30000001192092896,0.30000001192092896,-0.30000001192092896,-0.29990088312523805
1.2999999523162842,0.5132628782170106,-0.30000001192092896,0.3103092908859253,0.5136752128976746,-0.30000001192092896,-0.30000001192092896,-0.30000001192092896,-0.30000001192092896,-0.30000001192092896,-0.30000001192092896,0.30000001192092896,-0.2875518789209289,0.831649561920929,-0.30000001192092896,-0.29909212652523803
1.2999999523162842,0.3918179052170105,-0.30000001192092896,0.3103092908859253,0.3512820498976746,-0.30000001192092896,-0.25967743092092893,-0.24949496092092896,-0.30000001192092896,-0.30000001192092896,-0.30000001192092896,0.30000001192092896,-0.30000001192092896,0.30000001192092896,-0.30000001192092896,-0.299861188525238
1.2999999523162842,0.5135954942170105,-0.30000001192092896,0.3103092908859253,0.5051282038976745,-0.30000001192092896,-0.30000001192092896,-0.30000001192092896,-0.30000001192092896,-0.30000001192092896,-0.30000001192092896,0.30000001192092896,-0.30000001192092896,0.30000001192092896,-0.30000001192092896,-0.29990088312523805
1.2999999523162842,0.3018397162170105,-0.30000001192092896,0.3103092908859253,0.3256410248976746,-0.30000001192092896,-0.20322581792092898,-0.28989900192092893,-0.30000001192092896,-0.30000001192092896,-0.30000001192092896,0.981818193920929,-0.30000001192092896,0.30000001192092896,-0.30000001192092896,-0.251880461525238
1.2999999523162842,0.4826967032170105,-0.30000001192092896,0.3103092908859253,0.5136752128976746,-0.30000001192092896,-0.30000001192092896,-0.30000001192092896,-0.30000001192092896,-0.30000001192092896,-0.30000001192092896,0.30000001192092896,-0.30000001192092896,0.30000001192092896,-0.30000001192092896,-0.29885905752523806
1.2999999523162842,0.3330196262170105,-0.30000001192092896,0.3103092908859253,0.3598290588976746,-0.30000001192092896,-0.17903226992092897,-0.28989900192092893,-0.30000001192092896,-0.30000001192092896,-0.30000001192092896,1.021925145920929,-0.30000001192092896,0.30000001192092896,-0.30000001192092896,-0.29984278252523805
1.2999999523162842,0.3312165902170105,-0.30000001192092896,0.3103092908859253,0.3598290588976746,-0.30000001192092896,-0.13870968892092894,-0.28989900192092893,-0.30000001192092896,-0.30000001192092896,-0.30000001192092896,1.062032097920929,-0.30000001192092896,0.30000001192092896,-0.30000001192092896,-0.29984078652523805
1.2999999523162842,0.4211984142170105,-0.30000001192092896,0.4752577448859253,0.5393162378976746,-0.30000001192092896,-0.30000001192092896,-0.30000001192092896,-0.30000001192092896,-0.30000001192092896,-0.30000001192092896,0.30000001192092896,-0.24605810292092894,0.7381502899209289,-0.30000001192092896,-0.29515257352523805
1.2999999523162842,0.5429796392170105,-0.30000001192092896,0.3103092908859253,0.5136752128976746,-0.30000001192092896,-0.30000001192092896,-0.30000001192092896,-0.30000001192092896,-0.30000001192092896,-0.30000001192092896,0.30000001192092896,-0.30000001192092896,0.30000001192092896,-0.30000001192092896,-0.299901104925238
1.2999999523162842,0.39363548121701053,-0.30000001192092896,0.3103092908859253,0.5222222208976746,-0.30000001192092896,-0.30000001192092896,-0.30000001192092896,-0.30000001192092896,-0.30000001192092896,-0.30000001192092896,0.30000001192092896,-0.27925312392092894,1.104964719920929,-0.30000001192092896,-0.29805274152523803
1.2999999523162842,0.3039541622170105,-0.30000001192092896,0.3103092908859253,0.3512820498976746,-0.30000001192092896,-0.27580646392092895,-0.28989900192092893,-0.30000001192092896,-0.30000001192092896,-0.30000001192092896,0.6629679259209289,0.09419085907907104,1.159883051920929,-0.30000001192092896,-0.24509861952523804
1.2999999523162842,0.42148347121701046,-0.30000001192092896,0.3103092908859253,0.38547008389767456,-0.30000001192092896,-0.26774194692092895,-0.28989900192092893,-0.30000001192092896,-0.30000001192092896,-0.30000001192092896,0.712433166920929,-0.30000001192092896,0.30000001192092896,-0.30000001192092896,-0.262871739525238
1.2999999523162842,0.5135954942170105,-0.30000001192092896,0.3103092908859253,0.5136752128976746,-0.30000001192092896,-0.30000001192092896,-0.30000001192092896,-0.30000001192092896,-0.30000001192092896,-0.30000001192092896,0.30000001192092896,-0.30000001192092896,0.30000001192092896,-0.30000001192092896,-0.29990088312523805
1.2999999523162842,0.3003232522170105,-0.30000001192092896,0.3103092908859253,0.3512820498976746,-0.30000001192092896,-0.27580646392092895,-0.28989900192092893,-0.30000001192092896,-0.30000001192092896,-0.30000001192092896,0.6629679259209289,-0.30000001192092896,0.30000001192092896,-0.30000001192092896,-0.29983923452523803
1.2999999523162842,0.4826712572170105,-0.30000001192092896,0.3103092908859253,0.3598290588976746,-0.30000001192092896,-0.26774194692092895,-0.259595971920929,-0.30000001192092896,-0.30000001192092896,-0.30000001192092896,0.30000001192092896,-0.30000001192092896,0.30000001192092896,-0.30000001192092896,-0.28224618252523803
1.2999999523162842,0.3033604212170105,-0.30000001192092896,0.3103092908859253,0.33418803289767457,-0.30000001192092896,0.08709676207907102,-0.28989900192092893,-0.30000001192092896,-0.30000001192092896,-0.30000001192092896,1.166310171920929,-0.23775934792092895,1.077346022920929,-0.30000001192092896,-0.25144403952523803
1.2999999523162842,0.3933083172170105,-0.30000001192092896,0.3103092908859253,0.3256410248976746,-0.30000001192092896,-0.13064517292092895,-0.28989900192092893,-0.30000001192092896,-0.30000001192092896,-0.30000001192092896,1.072058835920929,-0.30000001192092896,0.30000001192092896,-0.30000001192092896,-0.299855200525238
1.2999999523162842,0.3609191142170105,-0.30000001192092896,0.3103092908859253,0.3683760668976746,-0.30000001192092896,-0.26774194692092895,-0.259595971920929,-0.30000001192092896,-0.30000001192092896,-0.30000001192092896,0.30000001192092896,-0.30000001192092896,0.30000001192092896,-0.30000001192092896,-0.299854091525238
1.2999999523162842,0.3624261872170105,-0.30000001192092896,0.3103092908859253,0.33418803289767457,-0.30000001192092896,-0.09032259292092895,-0.03737374892092893,-0.30000001192092896,-0.30000001192092896,-0.30000001192092896,0.30000001192092896,-0.30000001192092896,0.30000001192092896,-0.30000001192092896,-0.299845221525238
1.2999999523162842,0.3303150722170105,-0.30000001192092896,0.4752577448859253,0.5393162378976746,-0.30000001192092896,-0.30000001192092896,-0.30000001192092896,0.699999988079071,-0.30000001192092896,-0.30000001192092896,0.573395733920929,-0.24605810292092894,0.973676295920929,-0.30000001192092896,-0.25444289052523805
1.2999999523162842,0.3608991202170105,-0.30000001192092896,0.7123711468859253,0.5393162378976746,-0.30000001192092896,-0.30000001192092896,-0.30000001192092896,-0.30000001192092896,-0.30000001192092896,-0.30000001192092896,0.30000001192092896,-0.24605810292092894,1.119382977920929,-0.30000001192092896,-0.29447265952523805
1.2999999523162842,0.4517739802170105,-0.30000001192092896,0.3103092908859253,0.5051282038976745,-0.30000001192092896,-0.30000001192092896,-0.30000001192092896,-0.30000001192092896,-0.30000001192092896,-0.30000001192092896,0.30000001192092896,-0.2875518789209289,0.721141444920929,-0.30000001192092896,-0.29871336252523806
1.2999999523162842,0.3327227552170105,-0.30000001192092896,0.3103092908859253,0.3598290588976746,-0.30000001192092896,-0.27580646392092895,-0.28989900192092893,-0.30000001192092896,-0.30000001192092896,-0.30000001192092896,0.6629679259209289,-0.30000001192092896,0.30000001192092896,-0.30000001192092896,-0.29984256052523806
1.2999999523162842,0.3605998262170105,-0.30000001192092896,0.4134020748859253,0.5393162378976746,-0.30000001192092896,-0.30000001192092896,-0.30000001192092896,-0.30000001192092896,-0.30000001192092896,-0.30000001192092896,0.30000001192092896,-0.24605810292092894,0.798222310920929,-0.30000001192092896,-0.276435645525238
1.2999999523162842,0.5741813592170105,-0.30000001192092896,0.3103092908859253,0.5222222208976746,-0.30000001192092896,-0.30000001192092896,-0.30000001192092896,-0.30000001192092896,-0.30000001192092896,-0.30000001192092896,0.30000001192092896,-0.29170125692092896,0.920659170920929,-0.30000001192092896,-0.299150449525238
1.2999999523162842,0.3024355782170105,-0.30000001192092896,0.3721649608859253,0.4709401698976746,-0.30000001192092896,-0.28387097992092897,-0.28989900192092893,-0.30000001192092896,-0.30000001192092896,-0.30000001192092896,0.575401081920929,0.554771772079071,0.692159436920929,-0.30000001192092896,-0.23963668752523803
1.2999999523162842,0.5738784302170106,-0.30000001192092896,0.3103092908859253,0.5136752128976746,-0.30000001192092896,-0.30000001192092896,-0.30000001192092896,-0.30000001192092896,-0.30000001192092896,-0.30000001192092896,0.30000001192092896,-0.30000001192092896,0.30000001192092896,-0.30000001192092896,-0.29990088312523805
1.2999999523162842,0.3339371982170105,-0.30000001192092896,0.3103092908859253,0.3598290588976746,-0.30000001192092896,-0.15483872192092896,-0.11818182992092896,-0.30000001192092896,-0.30000001192092896,-0.30000001192092896,0.30000001192092896,-0.30000001192092896,0.30000001192092896,-0.30000001192092896,-0.29984167352523805
1.2999999523162842,0.42150497921701047,-0.30000001192092896,0.3103092908859253,0.5051282038976745,-0.30000001192092896,-0.30000001192092896,-0.30000001192092896,-0.30000001192092896,-0.30000001192092896,-0.30000001192092896,0.30000001192092896,-0.30000001192092896,0.30000001192092896,-0.30000001192092896,-0.29889476152523803
1.2999999523162842,0.33123204021701047,-0.30000001192092896,0.3103092908859253,0.3512820498976746,-0.30000001192092896,-0.29193549592092893,-0.28989900192092893,-0.30000001192092896,-0.30000001192092896,-0.30000001192092896,0.4610962689209289,0.16887965607907107,0.9682757449209289,-0.30000001192092896,-0.26451098352523805
1.2999999523162842,0.4221108382170105,-0.30000001192092896,0.3103092908859253,0.5222222208976746,-0.30000001192092896,-0.30000001192092896,-0.30000001192092896,-0.30000001192092896,-0.30000001192092896,-0.30000001192092896,0.30000001192092896,-0.283402501920929,1.081906451920929,-0.30000001192092896,-0.297422501525238
1.2999999523162842,0.42150497921701047,-0.30000001192092896,0.3103092908859253,0.4880341868976746,-0.30000001192092896,-0.29193549592092893,-0.28989900192092893,-0.30000001192092896,-0.30000001192092896,-0.30000001192092896,0.4610962689209289,0.16058090107907103,0.973676295920929,-0.30000001192092896,-0.24247232352523804
1.2999999523162842,0.33271881721701047,-0.30000001192092896,0.3103092908859253,0.3598290588976746,-0.30000001192092896,-0.29193549592092893,-0.28989900192092893,-0.30000001192092896,-0.30000001192092896,-0.30000001192092896,0.39759359492092894,-0.30000001192092896,0.30000001192092896,-0.30000001192092896,-0.25340616552523804
1.2999999523162842,0.33059588821701047,-0.30000001192092896,0.49587630188592535,0.4282051268976746,-0.30000001192092896,-0.30000001192092896,-0.30000001192092896,0.699999988079071,-0.30000001192092896,-0.30000001192092896,0.816042792920929,-0.24605810292092894,0.944194374920929,-0.30000001192092896,-0.24653561952523803
1.2999999523162842,0.5432825682170105,-0.30000001192092896,0.3103092908859253,0.5222222208976746,-0.30000001192092896,-0.30000001192092896,-0.30000001192092896,-0.30000001192092896,-0.30000001192092896,-0.30000001192092896,0.30000001192092896,-0.30000001192092896,0.30000001192092896,-0.30000001192092896,-0.29922052552523803
1.2999999523162842,0.3051504302170105,-0.30000001192092896,0.3103092908859253,0.2999999988976746,-0.30000001192092896,-0.30000001192092896,-0.30000001192092896,-0.30000001192092896,-0.30000001192092896,-0.30000001192092896,0.30000001192092896,-0.29170125692092896,0.831649561920929,-0.30000001192092896,-0.29503637152523804
1.2999999523162842,0.4211938702170105,-0.30000001192092896,0.3103092908859253,0.3598290588976746,-0.30000001192092896,-0.30000001192092896,-0.30000001192092896,-0.30000001192092896,-0.30000001192092896,-0.30000001192092896,0.30000001192092896,-0.30000001192092896,0.30000001192092896,-0.30000001192092896,-0.29990465302523805
1.2999999523162842,0.3330259872170105,-0.30000001192092896,0.3103092908859253,0.3598290588976746,-0.30000001192092896,-0.25967743092092893,-0.28989900192092893,-0.30000001192092896,-0.30000001192092896,-0.30000001192092896,0.7812834339209289,-0.30000001192092896,0.30000001192092896,-0.30000001192092896,-0.299843003525238
1.2999999523162842,0.3324134642170105,-0.30000001192092896,0.3103092908859253,0.3769230758976746,-0.30000001192092896,-0.26774194692092895,-0.28989900192092893,-0.30000001192092896,-0.30000001192092896,-0.30000001192092896,0.6315508139209289,-0.26680499092092896,1.1441927509209289,-0.30000001192092896,-0.296038945525238
1.2999999523162842,0.4536154882170105,-0.30000001192092896,0.3103092908859253,0.5307692298976746,-0.30000001192092896,-0.30000001192092896,-0.30000001192092896,-0.30000001192092896,-0.30000001192092896,-0.30000001192092896,0.30000001192092896,-0.295850633920929,0.7089505379209289,-0.30000001192092896,-0.299064628525238
1.2999999523162842,0.3324240662170105,-0.30000001192092896,0.3103092908859253,0.34273504189767456,-0.30000001192092896,-0.19516130192092895,-0.16868688092092896,-0.30000001192092896,-0.30000001192092896,-0.30000001192092896,0.35347594792092896,0.03195019507907104,0.7089505379209289,-0.30000001192092896,-0.26195698152523805
1.2999999523162842,0.3306210312170105,-0.30000001192092896,0.4546391878859253,0.5393162378976746,-0.30000001192092896,-0.30000001192092896,-0.30000001192092896,0.699999988079071,-0.30000001192092896,-0.30000001192092896,0.30000001192092896,-0.24605810292092894,0.708840948920929,-0.30000001192092896,-0.24828862652523803
1.2999999523162842,0.36212083421701047,-0.30000001192092896,0.3103092908859253,0.5222222208976746,-0.30000001192092896,-0.30000001192092896,-0.30000001192092896,-0.30000001192092896,-0.30000001192092896,-0.30000001192092896,0.30000001192092896,-0.2875518789209289,1.092871814920929,-0.30000001192092896,-0.29881581452523803
1.2999999523162842,0.5738784302170106,-0.30000001192092896,0.3103092908859253,0.5222222208976746,-0.30000001192092896,-0.30000001192092896,-0.30000001192092896,-0.30000001192092896,-0.30000001192092896,-0.30000001192092896,0.30000001192092896,-0.30000001192092896,0.30000001192092896,-0.30000001192092896,-0.29965029552523803
1.2999999523162842,0.4214795332170105,-0.30000001192092896,0.6092783638859254,0.5393162378976746,-0.30000001192092896,-0.30000001192092896,-0.30000001192092896,-0.30000001192092896,-0.30000001192092896,-0.30000001192092896,0.30000001192092896,-0.24605810292092894,0.572031290920929,-0.30000001192092896,-0.29512152652523804
1.2999999523162842,0.4224137672170105,-0.30000001192092896,0.3103092908859253,0.5136752128976746,-0.30000001192092896,-0.27580646392092895,-0.28989900192092893,-0.30000001192092896,-0.30000001192092896,-0.30000001192092896,0.6402406539209289,-0.30000001192092896,0.30000001192092896,-0.30000001192092896,-0.299858305525238
1.2999999523162842,0.5120808482170105,-0.30000001192092896,0.3103092908859253,0.5222222208976746,-0.30000001192092896,-0.30000001192092896,-0.30000001192092896,-0.30000001192092896,-0.30000001192092896,-0.30000001192092896,0.30000001192092896,-0.30000001192092896,0.30000001192092896,-0.30000001192092896,-0.29990088312523805
1.2999999523162842,0.3930296222170105,-0.30000001192092896,0.3103092908859253,0.5136752128976746,-0.30000001192092896,-0.30000001192092896,-0.30000001192092896,-0.30000001192092896,-0.30000001192092896,-0.30000001192092896,0.30000001192092896,-0.295850633920929,0.9994728719209289,-0.30000001192092896,-0.298742634525238
1.2999999523162842,0.33244375721701047,-0.30000001192092896,0.3103092908859253,0.3170940158976746,-0.30000001192092896,-0.07419355992092896,-0.01717172892092894,-0.30000001192092896,-0.30000001192092896,-0.30000001192092896,0.30000001192092896,-0.30000001192092896,0.30000001192092896,-0.30000001192092896,-0.29984566552523806
1.2999999523162842,0.3042425512170105,-0.30000001192092896,0.3103092908859253,0.3598290588976746,-0.30000001192092896,-0.21935485092092893,-0.28989900192092893,-0.30000001192092896,-0.30000001192092896,-0.30000001192092896,0.9417112419209289,-0.08423237692092894,0.981370357920929,-0.30000001192092896,-0.24678465552523804
1.2999999523162842,0.3611981112170105,-0.30000001192092896,0.3103092908859253,0.38547008389767456,-0.30000001192092896,-0.28387097992092897,-0.28989900192092893,-0.30000001192092896,-0.30000001192092896,-0.30000001192092896,0.574064182920929,0.20622405407907107,0.721141444920929,-0.30000001192092896,-0.26295844652523803
1.2999999523162842,0.3318297192170105,-0.30000001192092896,0.4134020748859253,0.5393162378976746,-0.30000001192092896,-0.30000001192092896,-0.30000001192092896,0.699999988079071,-0.30000001192092896,-0.30000001192092896,0.30000001192092896,-0.24605810292092894,0.973676295920929,-0.30000001192092896,-0.27832813952523805
1.2999999523162842,1.0576565652170105,-0.30000001192092896,0.3103092908859253,0.3769230758976746,-0.30000001192092896,-0.30000001192092896,-0.30000001192092896,-0.30000001192092896,-0.30000001192092896,-0.30000001192092896,0.30000001192092896,-0.283402501920929,0.990216424920929,-0.30000001192092896,-0.29946490452523805
1.2999999523162842,0.4236254842170105,-0.30000001192092896,0.3103092908859253,0.5222222208976746,-0.30000001192092896,-0.30000001192092896,-0.30000001192092896,-0.30000001192092896,-0.30000001192092896,-0.30000001192092896,0.30000001192092896,-0.295850633920929,0.7782413209209289,-0.30000001192092896,-0.29884974452523805
1.2999999523162842,0.3909091172170105,-0.30000001192092896,0.3103092908859253,0.5136752128976746,-0.30000001192092896,-0.30000001192092896,-0.30000001192092896,-0.30000001192092896,-0.30000001192092896,-0.30000001192092896,0.30000001192092896,-0.30000001192092896,0.30000001192092896,-0.30000001192092896,-0.299901104925238
1.2999999523162842,0.4829996322170105,-0.30000001192092896,0.3103092908859253,0.4880341868976746,-0.30000001192092896,-0.30000001192092896,-0.30000001192092896,-0.30000001192092896,-0.30000001192092896,-0.30000001192092896,0.30000001192092896,-0.30000001192092896,0.30000001192092896,-0.30000001192092896,-0.29990088312523805
1.2999999523162842,0.45149498221701045,-0.30000001192092896,0.3103092908859253,0.3256410248976746,-0.30000001192092896,-0.30000001192092896,-0.30000001192092896,-0.30000001192092896,-0.30000001192092896,-0.30000001192092896,0.30000001192092896,-0.30000001192092896,0.30000001192092896,-0.30000001192092896,-0.279892873525238
1.2999999523162842,0.4529856972170105,-0.30000001192092896,0.3103092908859253,0.5222222208976746,-0.30000001192092896,-0.30000001192092896,-0.30000001192092896,-0.30000001192092896,-0.30000001192092896,-0.30000001192092896,0.30000001192092896,-0.29170125692092896,0.721141444920929,-0.30000001192092896,-0.29920877252523803
1.2999999523162842,0.5732725722170104,-0.30000001192092896,0.3103092908859253,0.5051282038976745,-0.30000001192092896,-0.30000001192092896,-0.30000001192092896,-0.30000001192092896,-0.30000001192092896,-0.30000001192092896,0.30000001192092896,-0.295850633920929,0.737751744920929,-0.30000001192092896,-0.299435632525238
1.2999999523162842,0.3000009350050105,-0.30000001192092896,0.3103092908859253,0.2999999988976746,-0.30000001192092896,-0.21935485092092893,-0.28989900192092893,-0.30000001192092896,-0.30000001192092896,-0.30000001192092896,0.9417112419209289,-0.07593362192092895,0.721907532920929,-0.30000001192092896,-0.254156820525238
1.2999999523162842,0.48177398021701046,-0.30000001192092896,0.5577319718859253,0.3940170928976746,-0.30000001192092896,-0.30000001192092896,-0.30000001192092896,-0.30000001192092896,-0.30000001192092896,-0.30000001192092896,0.30000001192092896,-0.24605810292092894,1.300000011920929,-0.30000001192092896,-0.293570764525238
1.2999999523162842,0.3303053792170105,-0.30000001192092896,0.3103092908859253,0.3683760668976746,-0.30000001192092896,-0.21935485092092893,-0.19898991092092894,-0.30000001192092896,-0.30000001192092896,-0.30000001192092896,0.30000001192092896,-0.30000001192092896,0.30000001192092896,-0.30000001192092896,-0.29983590752523803
1.2999999523162842,0.6938384432170105,-0.30000001192092896,0.3103092908859253,0.3769230758976746,-0.30000001192092896,-0.30000001192092896,-0.30000001192092896,-0.30000001192092896,-0.30000001192092896,-0.30000001192092896,0.30000001192092896,-0.30000001192092896,0.30000001192092896,-0.30000001192092896,-0.29968999052523804
1.2999999523162842,0.4530096292170105,-0.30000001192092896,0.3103092908859253,0.5222222208976746,-0.30000001192092896,-0.30000001192092896,-0.30000001192092896,-0.30000001192092896,-0.30000001192092896,-0.30000001192092896,0.30000001192092896,-0.29170125692092896,0.7769382279209289,-0.30000001192092896,-0.28349357852523804
1.2999999523162842,0.3042613332170105,-0.30000001192092896,0.3103092908859253,0.3256410248976746,-0.30000001192092896,-0.25161291492092897,-0.28989900192092893,-0.30000001192092896,-0.30000001192092896,-0.30000001192092896,0.825401081920929,-0.030290467920928932,1.092871814920929,-0.30000001192092896,-0.25057274752523806
1.2999999523162842,0.3339420452170105,-0.30000001192092896,0.3103092908859253,0.3683760668976746,-0.30000001192092896,-0.25161291492092897,-0.23939395092092897,-0.30000001192092896,-0.30000001192092896,-0.30000001192092896,0.30000001192092896,-0.30000001192092896,0.30000001192092896,-0.30000001192092896,-0.29984189552523804
1.2999999523162842,0.4820908442170105,-0.30000001192092896,0.3103092908859253,0.5136752128976746,-0.30000001192092896,-0.30000001192092896,-0.30000001192092896,-0.30000001192092896,-0.30000001192092896,-0.30000001192092896,0.30000001192092896,-0.29170125692092896,0.737751744920929,-0.30000001192092896,-0.29889143452523803
1.2999999523162842,0.33120598821701047,-0.30000001192092896,0.3103092908859253,0.33418803289767457,-0.30000001192092896,-0.05806452792092895,0.0030302910790710458,-0.30000001192092896,-0.30000001192092896,-0.30000001192092896,0.30000001192092896,-0.30000001192092896,0.30000001192092896,-0.30000001192092896,-0.29984056452523805
1.2999999523162842,0.3909009382170105,-0.30000001192092896,0.5371134148859253,0.5393162378976746,-0.30000001192092896,-0.30000001192092896,-0.30000001192092896,-0.30000001192092896,-0.30000001192092896,-0.30000001192092896,0.30000001192092896,-0.24605810292092894,0.973676295920929,-0.30000001192092896,-0.29513571952523804
1.2999999523162842,0.3915149762170105,-0.30000001192092896,0.3103092908859253,0.5136752128976746,-0.30000001192092896,-0.30000001192092896,-0.30000001192092896,-0.30000001192092896,-0.30000001192092896,-0.30000001192092896,0.30000001192092896,-0.30000001192092896,0.30000001192092896,-0.30000001192092896,-0.299899996525238
1.2999999523162842,0.4820690332170105,-0.30000001192092896,0.3103092908859253,0.38547008389767456,-0.30000001192092896,-0.28387097992092897,-0.27979799192092897,-0.30000001192092896,-0.30000001192092896,-0.30000001192092896,0.30000001192092896,-0.30000001192092896,0.30000001192092896,-0.30000001192092896,-0.29986251852523804
1.2999999523162842,0.45149498221701045,-0.30000001192092896,0.3103092908859253,0.5222222208976746,-0.30000001192092896,-0.30000001192092896,-0.30000001192092896,-0.30000001192092896,-0.30000001192092896,-0.30000001192092896,0.30000001192092896,-0.30000001192092896,0.30000001192092896,-0.30000001192092896,-0.299823489525238
1.2999999523162842,0.3612220432170105,-0.30000001192092896,0.3103092908859253,0.34273504189767456,-0.30000001192092896,-0.28387097992092897,-0.27979799192092897,-0.30000001192092896,-0.30000001192092896,-0.30000001192092896,0.30000001192092896,-0.30000001192092896,0.30000001192092896,-0.30000001192092896,-0.29986052252523804
1.2999999523162842,0.3021426452170105,-0.30000001192092896,0.3824742398859253,0.4709401698976746,-0.30000001192092896,-0.29193549592092893,-0.28989900192092893,-0.30000001192092896,-0.30000001192092896,-0.30000001192092896,0.4610962689209289,0.699999988079071,0.973676295920929,-0.30000001192092896,-0.250083546525238
1.2999999523162842,0.4829996322170105,-0.30000001192092896,0.3103092908859253,0.4880341868976746,-0.30000001192092896,-0.30000001192092896,-0.30000001192092896,-0.30000001192092896,-0.30000001192092896,-0.30000001192092896,0.30000001192092896,-0.30000001192092896,0.30000001192092896,-0.30000001192092896,-0.29990088312523805
1.2999999523162842,0.5429796392170105,-0.30000001192092896,0.3103092908859253,0.5222222208976746,-0.30000001192092896,-0.30000001192092896,-0.30000001192092896,-0.30000001192092896,-0.30000001192092896,-0.30000001192092896,0.30000001192092896,-0.30000001192092896,0.30000001192092896,-0.30000001192092896,-0.29990088312523805
1.2999999523162842,0.30485870921701047,-0.30000001192092896,0.3103092908859253,0.3256410248976746,-0.30000001192092896,0.16774192307907104,0.285858574079071,-0.30000001192092896,-0.30000001192092896,-0.30000001192092896,0.30000001192092896,-0.30000001192092896,0.30000001192092896,-0.30000001192092896,-0.29983967752523805
1.2999999523162842,0.3330368922170105,-0.30000001192092896,0.3103092908859253,0.3256410248976746,-0.30000001192092896,-0.09032259292092895,-0.03737374892092893,-0.30000001192092896,-0.30000001192092896,-0.30000001192092896,0.30000001192092896,-0.30000001192092896,0.30000001192092896,-0.30000001192092896,-0.299841229525238
1.2999999523162842,0.4521008412170105,-0.30000001192092896,0.3103092908859253,0.5222222208976746,-0.30000001192092896,-0.30000001192092896,-0.30000001192092896,-0.30000001192092896,-0.30000001192092896,-0.30000001192092896,0.30000001192092896,-0.30000001192092896,0.30000001192092896,-0.30000001192092896,-0.299006084525238
1.2999999523162842,0.4527067002170105,-0.30000001192092896,0.3103092908859253,0.5222222208976746,-0.30000001192092896,-0.30000001192092896,-0.30000001192092896,-0.30000001192092896,-0.30000001192092896,-0.30000001192092896,0.30000001192092896,-0.2875518789209289,0.9714153699209289,-0.30000001192092896,-0.299572901525238
1.2999999523162842,0.4233225552170105,-0.30000001192092896,0.3103092908859253,0.5136752128976746,-0.30000001192092896,-0.30000001192092896,-0.30000001192092896,0.699999988079071,-0.30000001192092896,-0.30000001192092896,0.30000001192092896,-0.30000001192092896,0.30000001192092896,-0.30000001192092896,-0.29127755152523804
1.2999999523162842,0.5129896362170105,-0.30000001192092896,0.3103092908859253,0.5051282038976745,-0.30000001192092896,-0.30000001192092896,-0.30000001192092896,-0.30000001192092896,-0.30000001192092896,-0.30000001192092896,0.30000001192092896,-0.295850633920929,1.0698410809209289,-0.30000001192092896,-0.299292597525238
1.2999999523162842,0.3312284042170105,-0.30000001192092896,0.3618556828859253,0.5307692298976746,-0.30000001192092896,-0.30000001192092896,-0.30000001192092896,-0.30000001192092896,-0.30000001192092896,-0.30000001192092896,0.30000001192092896,-0.24605810292092894,0.7381502899209289,-0.30000001192092896,-0.29431942352523804
1.2999999523162842,0.3912026552170105,-0.30000001192092896,0.4546391878859253,0.5393162378976746,-0.30000001192092896,-0.30000001192092896,-0.30000001192092896,-0.30000001192092896,-0.30000001192092896,-0.30000001192092896,0.30000001192092896,-0.24605810292092894,0.765188056920929,-0.30000001192092896,-0.295093807525238
1.2999999523162842,0.3012132582170105,-0.30000001192092896,0.3103092908859253,0.3256410248976746,-0.30000001192092896,0.05483869807907105,0.14444443207907104,-0.30000001192092896,-0.30000001192092896,-0.30000001192092896,0.30000001192092896,-0.30000001192092896,0.30000001192092896,-0.30000001192092896,-0.29984056452523805
1.2999999523162842,0.3009185082170105,-0.30000001192092896,0.3103092908859253,0.33418803289767457,-0.30000001192092896,-0.19516130192092895,-0.28989900192092893,-0.30000001192092896,-0.30000001192092896,-0.30000001192092896,0.9951871779209289,-0.15062241892092895,1.110981954920929,-0.30000001192092896,-0.24958835752523803
1.2999999523162842,0.3006143672170105,-0.30000001192092896,0.3103092908859253,0.3256410248976746,-0.30000001192092896,-0.009677430920928931,0.06363635207907103,-0.30000001192092896,-0.30000001192092896,-0.30000001192092896,0.30000001192092896,-0.30000001192092896,0.30000001192092896,-0.30000001192092896,-0.29983856852523805
1.2999999523162842,0.5126739832170105,-0.30000001192092896,0.3103092908859253,0.5222222208976746,-0.30000001192092896,-0.30000001192092896,-0.30000001192092896,-0.30000001192092896,-0.30000001192092896,-0.30000001192092896,0.30000001192092896,-0.30000001192092896,0.30000001192092896,-0.30000001192092896,-0.299900661325238
1.2999999523162842,0.5732725722170104,-0.30000001192092896,0.3103092908859253,0.5222222208976746,-0.30000001192092896,-0.30000001192092896,-0.30000001192092896,-0.30000001192092896,-0.30000001192092896,-0.30000001192092896,0.30000001192092896,-0.30000001192092896,0.30000001192092896,-0.30000001192092896,-0.29990088312523805
1.2999999523162842,0.3039632502170105,-0.30000001192092896,0.3103092908859253,0.3512820498976746,-0.30000001192092896,-0.18709678592092896,-0.28989900192092893,-0.30000001192092896,-0.30000001192092896,-0.30000001192092896,1.011229958920929,-0.30000001192092896,0.30000001192092896,-0.30000001192092896,-0.29983834652523805
1.2999999523162842,0.4221108382170105,-0.30000001192092896,0.3103092908859253,0.5222222208976746,-0.30000001192092896,-0.30000001192092896,-0.30000001192092896,-0.30000001192092896,-0.30000001192092896,-0.30000001192092896,0.30000001192092896,-0.295850633920929,1.054287704920929,-0.30000001192092896,-0.299507260525238
1.2999999523162842,0.3342364932170105,-0.30000001192092896,0.3103092908859253,0.33418803289767457,-0.30000001192092896,-0.06612904392092894,-0.007070718920928976,-0.30000001192092896,-0.30000001192092896,-0.30000001192092896,0.32807487792092893,-0.12572615292092895,0.713624865920929,-0.30000001192092896,-0.261274185525238
1.2999999523162842,0.3927266932170105,-0.30000001192092896,0.3103092908859253,0.34273504189767456,-0.30000001192092896,-0.15483872192092896,-0.11818182992092896,-0.30000001192092896,-0.30000001192092896,-0.30000001192092896,0.30000001192092896,-0.30000001192092896,0.30000001192092896,-0.30000001192092896,-0.299855200525238
1.2999999523162842,0.4520720632170105,-0.30000001192092896,0.3103092908859253,0.5222222208976746,-0.30000001192092896,-0.30000001192092896,-0.30000001192092896,-0.30000001192092896,-0.30000001192092896,-0.30000001192092896,0.30000001192092896,-0.30000001192092896,0.30000001192092896,-0.30000001192092896,-0.299896891525238
1.2999999523162842,0.45178973221701046,-0.30000001192092896,0.3103092908859253,0.3769230758976746,-0.30000001192092896,-0.30000001192092896,-0.30000001192092896,-0.30000001192092896,-0.30000001192092896,-0.30000001192092896,0.30000001192092896,-0.30000001192092896,0.30000001192092896,-0.30000001192092896,-0.299904431225238
1.2999999523162842,0.42150497921701047,-0.30000001192092896,0.3103092908859253,0.3598290588976746,-0.30000001192092896,-0.30000001192092896,-0.30000001192092896,-0.30000001192092896,-0.30000001192092896,-0.30000001192092896,0.30000001192092896,-0.30000001192092896,0.30000001192092896,-0.30000001192092896,-0.29978933852523804
1.2999999523162842,0.5135694422170105,-0.30000001192092896,0.3103092908859253,0.5222222208976746,-0.30000001192092896,-0.30000001192092896,-0.30000001192092896,-0.30000001192092896,-0.30000001192092896,-0.30000001192092896,0.30000001192092896,-0.30000001192092896,0.30000001192092896,-0.30000001192092896,-0.29914911952523804
1.2999999523162842,0.4826967032170105,-0.30000001192092896,0.3103092908859253,0.5136752128976746,-0.30000001192092896,-0.30000001192092896,-0.30000001192092896,-0.30000001192092896,-0.30000001192092896,-0.30000001192092896,0.30000001192092896,-0.29170125692092896,1.094716369920929,-0.30000001192092896,-0.298964393525238
1.2999999523162842,0.3930296222170105,-0.30000001192092896,0.3103092908859253,0.38547008389767456,-0.30000001192092896,-0.26774194692092895,-0.28989900192092893,-0.30000001192092896,-0.30000001192092896,-0.30000001192092896,0.727139048920929,-0.30000001192092896,0.30000001192092896,-0.30000001192092896,-0.299856087525238
1.2999999523162842,0.5423737802170105,-0.30000001192092896,0.3103092908859253,0.5222222208976746,-0.30000001192092896,-0.30000001192092896,-0.30000001192092896,-0.30000001192092896,-0.30000001192092896,-0.30000001192092896,0.30000001192092896,-0.30000001192092896,0.30000001192092896,-0.30000001192092896,-0.299900217825238
1.2999999523162842,0.4523819592170105,-0.30000001192092896,0.3103092908859253,0.3598290588976746,-0.30000001192092896,-0.22741936692092896,-0.20909092092092896,-0.30000001192092896,-0.30000001192092896,-0.30000001192092896,0.30000001192092896,-0.30000001192092896,0.30000001192092896,-0.30000001192092896,-0.29985564452523805
1.2999999523162842,0.3630396192170105,-0.30000001192092896,0.3103092908859253,0.33418803289767457,-0.30000001192092896,-0.28387097992092897,-0.27979799192092897,-0.30000001192092896,-0.30000001192092896,-0.30000001192092896,0.30000001192092896,-0.30000001192092896,0.30000001192092896,-0.30000001192092896,-0.299855200525238
1.2999999523162842,0.4212020502170105,-0.30000001192092896,0.3103092908859253,0.5136752128976746,-0.30000001192092896,-0.30000001192092896,-0.30000001192092896,-0.30000001192092896,-0.30000001192092896,-0.30000001192092896,0.30000001192092896,-0.30000001192092896,0.30000001192092896,-0.30000001192092896,-0.29961437052523804
1.2999999523162842,0.36061618421701047,-0.30000001192092896,0.3103092908859253,0.33418803289767457,-0.30000001192092896,-0.24354839892092894,-0.28989900192092893,-0.30000001192092896,-0.30000001192092896,-0.30000001192092896,0.812032097920929,-0.30000001192092896,0.30000001192092896,-0.30000001192092896,-0.27276819052523804
1.2999999523162842,0.30425103321701047,-0.30000001192092896,0.3103092908859253,0.3598290588976746,-0.30000001192092896,-0.21935485092092893,-0.19898991092092894,-0.30000001192092896,-0.30000001192092896,-0.30000001192092896,0.30000001192092896,-0.30000001192092896,0.30000001192092896,-0.30000001192092896,-0.29983901252523804
1.2999999523162842,0.3609179022170105,-0.30000001192092896,0.4237113528859253,0.5393162378976746,-0.30000001192092896,-0.30000001192092896,-0.30000001192092896,-0.30000001192092896,-0.30000001192092896,-0.30000001192092896,0.30000001192092896,-0.24605810292092894,0.808402569920929,-0.30000001192092896,-0.295479889525238
1.2999999523162842,0.9667547442170105,-0.30000001192092896,0.3103092908859253,0.3769230758976746,-0.30000001192092896,-0.30000001192092896,-0.30000001192092896,-0.30000001192092896,-0.30000001192092896,-0.30000001192092896,0.30000001192092896,-0.295850633920929,0.860955634920929,-0.30000001192092896,-0.299723919525238
1.2999999523162842,0.4533125582170105,-0.30000001192092896,0.3103092908859253,0.5136752128976746,-0.30000001192092896,-0.30000001192092896,-0.30000001192092896,-0.30000001192092896,-0.30000001192092896,-0.30000001192092896,0.30000001192092896,-0.2875518789209289,0.908976793920929,-0.30000001192092896,-0.29920877252523803
1.2999999523162842,0.3309042702170105,-0.30000001192092896,0.3103092908859253,0.33418803289767457,-0.30000001192092896,-0.15483872192092896,-0.11818182992092896,-0.30000001192092896,-0.30000001192092896,-0.30000001192092896,0.30000001192092896,-0.30000001192092896,0.30000001192092896,-0.30000001192092896,-0.29983879052523804
1.2999999523162842,0.3015180052170105,-0.30000001192092896,0.4237113528859253,0.5393162378976746,-0.30000001192092896,-0.30000001192092896,-0.30000001192092896,0.699999988079071,-0.30000001192092896,-0.30000001192092896,0.711764717920929,-0.24605810292092894,0.856935626920929,-0.30000001192092896,-0.24067208252523803
1.2999999523162842,0.3315349692170105,-0.30000001192092896,0.3103092908859253,0.3598290588976746,-0.30000001192092896,-0.23548388292092895,-0.28989900192092893,-0.30000001192092896,-0.30000001192092896,-0.30000001192092896,0.893582899920929,-0.05933611192092897,0.695747523920929,-0.30000001192092896,-0.25948037452523803
1.2999999523162842,0.3345445722170105,-0.30000001192092896,0.3103092908859253,0.3769230758976746,-0.30000001192092896,-0.25161291492092897,-0.28989900192092893,-0.30000001192092896,-0.30000001192092896,-0.30000001192092896,0.8247326319209289,-0.04273860092092896,0.7089505379209289,-0.30000001192092896,-0.24960432452523804
1.2999999523162842,0.4829996322170105,-0.30000001192092896,0.3103092908859253,0.5222222208976746,-0.30000001192092896,-0.30000001192092896,-0.30000001192092896,-0.30000001192092896,-0.30000001192092896,-0.30000001192092896,0.30000001192092896,-0.30000001192092896,0.30000001192092896,-0.30000001192092896,-0.29943518852523804
1.2999999523162842,0.3336260902170105,-0.30000001192092896,0.3103092908859253,0.33418803289767457,-0.30000001192092896,-0.22741936692092896,-0.20909092092092896,-0.30000001192092896,-0.30000001192092896,-0.30000001192092896,0.30000001192092896,-0.30000001192092896,0.30000001192092896,-0.30000001192092896,-0.29257550852523806
1.2999999523162842,0.3009354722170105,-0.30000001192092896,0.3103092908859253,0.34273504189767456,-0.30000001192092896,-0.21129033492092897,-0.28989900192092893,-0.30000001192092896,-0.30000001192092896,-0.30000001192092896,0.961764717920929,-0.30000001192092896,0.30000001192092896,-0.30000001192092896,-0.29984012152523803
1.2999999523162842,0.45149498221701045,-0.30000001192092896,0.3103092908859253,0.5307692298976746,-0.30000001192092896,-0.30000001192092896,-0.30000001192092896,-0.30000001192092896,-0.30000001192092896,-0.30000001192092896,0.30000001192092896,-0.30000001192092896,0.30000001192092896,-0.30000001192092896,-0.29252029052523804
1.2999999523162842,0.36210084121701047,-0.30000001192092896,0.48556702288592535,0.46239316089767457,-0.30000001192092896,-0.30000001192092896,-0.30000001192092896,-0.30000001192092896,-0.30000001192092896,-0.30000001192092896,0.30000001192092896,-0.24605810292092894,1.1978775169209288,-0.30000001192092896,-0.28511441752523803
1.2999999523162842,0.42180790821701053,-0.30000001192092896,0.3103092908859253,0.5051282038976745,-0.30000001192092896,-0.30000001192092896,-0.30000001192092896,-0.30000001192092896,-0.30000001192092896,-0.30000001192092896,0.30000001192092896,-0.30000001192092896,0.30000001192092896,-0.30000001192092896,-0.29947111352523803
1.2999999523162842,0.3006222432170105,-0.30000001192092896,0.44432990988592536,0.3512820498976746,-0.30000001192092896,-0.25967743092092893,-0.28989900192092893,-0.30000001192092896,-0.30000001192092896,-0.30000001192092896,0.7812834339209289,0.29751036107907103,1.300000011920929,-0.30000001192092896,-0.24083817952523803
1.2999999523162842,0.4527067002170105,-0.30000001192092896,0.3103092908859253,0.5051282038976745,-0.30000001192092896,-0.30000001192092896,-0.30000001192092896,-0.30000001192092896,-0.30000001192092896,-0.30000001192092896,0.30000001192092896,-0.30000001192092896,0.30000001192092896,-0.30000001192092896,-0.29943119652523803
1.2999999523162842,0.3054827442170105,-0.30000001192092896,0.3103092908859253,0.3170940158976746,-0.30000001192092896,0.022580633079071044,0.10404039207907106,-0.30000001192092896,-0.30000001192092896,-0.30000001192092896,0.30000001192092896,-0.30000001192092896,0.30000001192092896,-0.30000001192092896,-0.29983856852523805
1.2999999523162842,0.36061618421701047,-0.30000001192092896,0.3103092908859253,0.3512820498976746,-0.30000001192092896,-0.20322581792092898,-0.17878789092092895,-0.30000001192092896,-0.30000001192092896,-0.30000001192092896,0.30000001192092896,-0.30000001192092896,0.30000001192092896,-0.30000001192092896,-0.29984366952523805
1.2999999523162842,0.3000003291460105,-0.30000001192092896,0.3103092908859253,0.2999999988976746,-0.30000001192092896,0.19999998807907104,0.3262626140790711,-0.30000001192092896,-0.30000001192092896,-0.30000001192092896,0.30000001192092896,-0.30000001192092896,0.30000001192092896,-0.30000001192092896,-0.299949448425238
1.2999999523162842,0.4533125582170105,-0.30000001192092896,0.3103092908859253,0.5136752128976746,-0.30000001192092896,-0.30000001192092896,-0.30000001192092896,-0.30000001192092896,-0.30000001192092896,-0.30000001192092896,0.30000001192092896,-0.295850633920929,0.7071134619209289,-0.30000001192092896,-0.29863485952523805
1.2999999523162842,0.5429702482170105,-0.30000001192092896,0.3103092908859253,0.5222222208976746,-0.30000001192092896,-0.30000001192092896,-0.30000001192092896,-0.30000001192092896,-0.30000001192092896,-0.30000001192092896,0.30000001192092896,-0.30000001192092896,0.30000001192092896,-0.30000001192092896,-0.29939992852523806
1.2999999523162842,0.3612090172170105,-0.30000001192092896,0.3103092908859253,0.3256410248976746,-0.30000001192092896,0.06290321407907107,-0.28989900192092893,-0.30000001192092896,-0.30000001192092896,-0.30000001192092896,1.142246000920929,-0.30000001192092896,0.30000001192092896,-0.30000001192092896,-0.299844556525238
1.2999999523162842,0.3057699212170105,-0.30000001192092896,0.3103092908859253,0.3683760668976746,-0.30000001192092896,-0.27580646392092895,-0.28989900192092893,-0.30000001192092896,-0.30000001192092896,-0.30000001192092896,0.6622994769209289,-0.30000001192092896,0.30000001192092896,-0.30000001192092896,-0.250960382525238
1.2999999523162842,0.6938384432170105,-0.30000001192092896,0.3103092908859253,0.3769230758976746,-0.30000001192092896,-0.30000001192092896,-0.30000001192092896,-0.30000001192092896,-0.30000001192092896,-0.30000001192092896,0.30000001192092896,-0.30000001192092896,0.30000001192092896,-0.30000001192092896,-0.29965406552523804
1.2999999523162842,0.3605977062170105,-0.30000001192092896,0.3103092908859253,0.3512820498976746,-0.30000001192092896,-0.20322581792092898,-0.28989900192092893,-0.30000001192092896,-0.30000001192092896,-0.30000001192092896,0.981818193920929,-0.30000001192092896,0.30000001192092896,-0.30000001192092896,-0.299844334525238
1.2999999523162842,0.3908830652170105,-0.30000001192092896,0.3103092908859253,0.33418803289767457,-0.30000001192092896,-0.30000001192092896,-0.30000001192092896,-0.30000001192092896,-0.30000001192092896,-0.30000001192092896,0.30000001192092896,-0.30000001192092896,0.30000001192092896,-0.30000001192092896,-0.29678649552523806
1.2999999523162842,0.3909091172170105,-0.30000001192092896,0.3103092908859253,0.4880341868976746,-0.30000001192092896,-0.29193549592092893,-0.28989900192092893,-0.30000001192092896,-0.30000001192092896,-0.30000001192092896,0.4610962689209289,-0.30000001192092896,0.30000001192092896,-0.30000001192092896,-0.29986451452523805
1.2999999523162842,0.4524037702170105,-0.30000001192092896,0.3103092908859253,0.5222222208976746,-0.30000001192092896,-0.29193549592092893,-0.28989900192092893,-0.30000001192092896,-0.30000001192092896,-0.30000001192092896,0.4610962689209289,-0.30000001192092896,0.30000001192092896,-0.30000001192092896,-0.29989445252523805
1.2999999523162842,0.4829996322170105,-0.30000001192092896,0.3103092908859253,0.5136752128976746,-0.30000001192092896,-0.30000001192092896,-0.30000001192092896,-0.30000001192092896,-0.30000001192092896,-0.30000001192092896,0.30000001192092896,-0.30000001192092896,0.30000001192092896,-0.30000001192092896,-0.29937841852523805
1.2999999523162842,0.5129896362170105,-0.30000001192092896,0.3103092908859253,0.5136752128976746,-0.30000001192092896,-0.30000001192092896,-0.30000001192092896,-0.30000001192092896,-0.30000001192092896,-0.30000001192092896,0.30000001192092896,-0.30000001192092896,0.30000001192092896,-0.30000001192092896,-0.29990132662523805
1.2999999523162842,0.3030481012170105,-0.30000001192092896,0.3103092908859253,0.33418803289767457,-0.30000001192092896,-0.11451614092092896,-0.06767677992092896,-0.30000001192092896,-0.30000001192092896,-0.30000001192092896,0.30000001192092896,-0.30000001192092896,0.30000001192092896,-0.30000001192092896,-0.29983989952523804
1.2999999523162842,0.5729408642170105,-0.30000001192092896,0.3103092908859253,0.5222222208976746,-0.30000001192092896,-0.30000001192092896,-0.30000001192092896,-0.30000001192092896,-0.30000001192092896,-0.30000001192092896,0.30000001192092896,-0.30000001192092896,0.30000001192092896,-0.30000001192092896,-0.29990088312523805
1.2999999523162842,0.5120808482170105,-0.30000001192092896,0.3103092908859253,0.5136752128976746,-0.30000001192092896,-0.30000001192092896,-0.30000001192092896,-0.30000001192092896,-0.30000001192092896,-0.30000001192092896,0.30000001192092896,-0.30000001192092896,0.30000001192092896,-0.30000001192092896,-0.29939970752523803
1.2999999523162842,0.3015413302170105,-0.30000001192092896,0.7226804248859253,0.5393162378976746,-0.30000001192092896,-0.08225807692092896,-0.28989900192092893,-0.30000001192092896,-0.30000001192092896,-0.30000001192092896,1.052005359920929,-0.11327801992092895,0.7381502899209289,-0.30000001192092896,-0.25499950652523806
1.2999999523162842,0.4212020502170105,-0.30000001192092896,0.3103092908859253,0.5136752128976746,-0.30000001192092896,-0.30000001192092896,-0.30000001192092896,-0.30000001192092896,-0.30000001192092896,-0.30000001192092896,0.30000001192092896,-0.30000001192092896,0.30000001192092896,-0.30000001192092896,-0.29943518852523804
1.2999999523162842,0.4820908442170105,-0.30000001192092896,0.3103092908859253,0.5136752128976746,-0.30000001192092896,-0.30000001192092896,-0.30000001192092896,-0.30000001192092896,-0.30000001192092896,-0.30000001192092896,0.30000001192092896,-0.30000001192092896,0.30000001192092896,-0.30000001192092896,-0.299458695525238
1.2999999523162842,0.4233225552170105,-0.30000001192092896,0.3103092908859253,0.3940170928976746,-0.30000001192092896,-0.29193549592092893,-0.28989900192092893,-0.30000001192092896,-0.30000001192092896,-0.30000001192092896,0.460427818920929,0.695850610079071,0.981370357920929,-0.30000001192092896,-0.253163782525238
1.2999999523162842,0.4524037702170105,-0.30000001192092896,0.3103092908859253,0.4538461528976746,-0.30000001192092896,-0.29193549592092893,-0.28989900192092893,-0.30000001192092896,-0.30000001192092896,-0.30000001192092896,0.4610962689209289,0.276763473079071,1.0698410809209289,-0.30000001192092896,-0.281767626525238
1.2999999523162842,0.42180790821701053,-0.30000001192092896,0.3103092908859253,0.5136752128976746,-0.30000001192092896,-0.30000001192092896,-0.30000001192092896,-0.30000001192092896,-0.30000001192092896,-0.30000001192092896,0.30000001192092896,-0.283402501920929,0.981370357920929,-0.30000001192092896,-0.299429644525238
1.2999999523162842,0.3051610332170105,-0.30000001192092896,0.3103092908859253,0.3256410248976746,-0.30000001192092896,-0.15483872192092896,-0.11818182992092896,-0.30000001192092896,-0.30000001192092896,-0.30000001192092896,0.30000001192092896,-0.30000001192092896,0.30000001192092896,-0.30000001192092896,-0.29563467752523803
1.2999999523162842,0.4227067002170105,-0.30000001192092896,0.3103092908859253,0.5222222208976746,-0.30000001192092896,-0.30000001192092896,-0.30000001192092896,-0.30000001192092896,-0.30000001192092896,-0.30000001192092896,0.30000001192092896,-0.30000001192092896,0.30000001192092896,-0.30000001192092896,-0.299794216525238
1.2999999523162842,0.8758989692170105,-0.30000001192092896,0.3103092908859253,0.3769230758976746,-0.30000001192092896,-0.30000001192092896,-0.30000001192092896,-0.30000001192092896,-0.30000001192092896,-0.30000001192092896,0.30000001192092896,-0.30000001192092896,0.30000001192092896,-0.30000001192092896,-0.299682006525238
0.2999999523162842,0.3057753742170105,-0.20026304792092897,0.3000000128859253,0.3512820498976746,0.699999988079071,-0.30000001192092896,-0.30000001192092896,0.699999988079071,-0.28989900192092893,-0.01784233592092893,0.30000001192092896,-0.30000001192092896,0.30000001192092896,-0.10000001192092894,-0.29741429652523804
1.2999999523162842,0.4224137672170105,-0.30000001192092896,0.3103092908859253,0.5136752128976746,-0.30000001192092896,-0.27580646392092895,-0.28989900192092893,-0.30000001192092896,-0.30000001192092896,-0.30000001192092896,0.6402406539209289,-0.30000001192092896,0.30000001192092896,-0.30000001192092896,-0.299858083525238
1.2999999523162842,0.4524037702170105,-0.30000001192092896,0.3103092908859253,0.5222222208976746,-0.30000001192092896,-0.30000001192092896,-0.30000001192092896,-0.30000001192092896,-0.30000001192092896,-0.30000001192092896,0.30000001192092896,-0.29170125692092896,1.028334791920929,-0.30000001192092896,-0.299126721525238
1.2999999523162842,0.3009327452170105,-0.30000001192092896,0.3103092908859253,0.34273504189767456,-0.30000001192092896,-0.009677430920928931,0.06363635207907103,-0.30000001192092896,-0.30000001192092896,-0.30000001192092896,0.30000001192092896,-0.30000001192092896,0.30000001192092896,-0.30000001192092896,-0.29331241452523804
1.2999999523162842,0.3911859942170105,-0.30000001192092896,0.3103092908859253,0.5222222208976746,-0.30000001192092896,-0.30000001192092896,-0.30000001192092896,-0.30000001192092896,-0.30000001192092896,-0.30000001192092896,0.30000001192092896,-0.30000001192092896,0.30000001192092896,-0.30000001192092896,-0.29918504452523803
1.2999999523162842,0.3024395162170105,-0.30000001192092896,0.3103092908859253,0.3683760668976746,-0.30000001192092896,-0.19516130192092895,-0.16868688092092896,-0.30000001192092896,-0.30000001192092896,-0.30000001192092896,0.30000001192092896,-0.30000001192092896,0.30000001192092896,-0.30000001192092896,-0.29984056452523805
1.2999999523162842,0.3330496162170105,-0.30000001192092896,0.3103092908859253,0.34273504189767456,-0.30000001192092896,-0.19516130192092895,-0.28989900192092893,-0.30000001192092896,-0.30000001192092896,-0.30000001192092896,0.9951871779209289,-0.11327801992092895,0.8997136619209289,-0.30000001192092896,-0.24772203152523803
1.2999999523162842,0.4221108382170105,-0.30000001192092896,0.3103092908859253,0.5136752128976746,-0.30000001192092896,-0.30000001192092896,-0.30000001192092896,-0.30000001192092896,-0.30000001192092896,-0.30000001192092896,0.30000001192092896,-0.29170125692092896,0.846887934920929,-0.30000001192092896,-0.299207220525238
1.2999999523162842,0.4524037702170105,-0.30000001192092896,0.3103092908859253,0.5222222208976746,-0.30000001192092896,-0.30000001192092896,-0.30000001192092896,-0.30000001192092896,-0.30000001192092896,-0.30000001192092896,0.30000001192092896,-0.30000001192092896,0.30000001192092896,-0.30000001192092896,-0.29990043962523805
1.2999999523162842,0.5132925652170105,-0.30000001192092896,0.3103092908859253,0.5136752128976746,-0.30000001192092896,-0.30000001192092896,-0.30000001192092896,-0.30000001192092896,-0.30000001192092896,-0.30000001192092896,0.30000001192092896,-0.30000001192092896,0.30000001192092896,-0.30000001192092896,-0.299578888525238
1.2999999523162842,0.3921208342170105,-0.30000001192092896,0.3103092908859253,0.3512820498976746,-0.30000001192092896,-0.17903226992092897,-0.14848485992092897,-0.30000001192092896,-0.30000001192092896,-0.30000001192092896,0.30000001192092896,-0.30000001192092896,0.30000001192092896,-0.30000001192092896,-0.299856087525238
1.2999999523162842,0.5729696422170105,-0.30000001192092896,0.3103092908859253,0.3769230758976746,-0.30000001192092896,-0.30000001192092896,-0.30000001192092896,-0.30000001192092896,-0.30000001192092896,-0.30000001192092896,0.30000001192092896,-0.29170125692092896,0.901223653920929,-0.30000001192092896,-0.29968976852523804
1.2999999523162842,0.45299266521701054,-0.30000001192092896,0.3103092908859253,0.5222222208976746,-0.30000001192092896,-0.30000001192092896,-0.30000001192092896,-0.30000001192092896,-0.30000001192092896,-0.30000001192092896,0.30000001192092896,-0.30000001192092896,0.30000001192092896,-0.30000001192092896,-0.29918460052523804
1.2999999523162842,0.3912120462170105,-0.30000001192092896,0.3103092908859253,0.5222222208976746,-0.30000001192092896,-0.30000001192092896,-0.30000001192092896,-0.30000001192092896,-0.30000001192092896,-0.30000001192092896,0.30000001192092896,-0.30000001192092896,0.30000001192092896,-0.30000001192092896,-0.29990132662523805
1.2999999523162842,0.3000151727170105,-0.30000001192092896,0.3103092908859253,0.2999999988976746,-0.30000001192092896,-0.22741936692092896,-0.20909092092092896,-0.30000001192092896,-0.30000001192092896,-0.30000001192092896,0.30000001192092896,-0.30000001192092896,0.30000001192092896,-0.30000001192092896,-0.299949448425238
1.2999999523162842,0.5423737802170105,-0.30000001192092896,0.3103092908859253,0.3769230758976746,-0.30000001192092896,-0.30000001192092896,-0.30000001192092896,-0.30000001192092896,-0.30000001192092896,-0.30000001192092896,0.30000001192092896,-0.29170125692092896,0.9164036419209289,-0.30000001192092896,-0.299831250525238
1.2999999523162842,0.3021268932170105,-0.30000001192092896,0.3103092908859253,0.3170940158976746,-0.30000001192092896,-0.25967743092092893,-0.28989900192092893,-0.30000001192092896,-0.30000001192092896,-0.30000001192092896,0.7812834339209289,-0.30000001192092896,0.30000001192092896,-0.30000001192092896,-0.29983945552523805
1.2999999523162842,0.4224137672170105,-0.30000001192092896,0.3103092908859253,0.5136752128976746,-0.30000001192092896,-0.30000001192092896,-0.30000001192092896,-0.30000001192092896,-0.30000001192092896,-0.30000001192092896,0.30000001192092896,-0.283402501920929,0.990216424920929,-0.30000001192092896,-0.29829601152523805
1.2999999523162842,0.3012332512170105,-0.30000001192092896,0.3103092908859253,0.3085470078976746,-0.30000001192092896,0.280645149079071,-0.28989900192092893,-0.30000001192092896,-0.30000001192092896,-0.30000001192092896,1.166310171920929,-0.258506235920929,0.891385137920929,-0.30000001192092896,-0.25138482952523805
1.2999999523162842,0.4817879152170105,-0.30000001192092896,0.3103092908859253,0.5222222208976746,-0.30000001192092896,-0.30000001192092896,-0.30000001192092896,-0.30000001192092896,-0.30000001192092896,-0.30000001192092896,0.30000001192092896,-0.30000001192092896,0.30000001192092896,-0.30000001192092896,-0.29990132662523805
1.2999999523162842,0.4833025622170105,-0.30000001192092896,0.3103092908859253,0.5136752128976746,-0.30000001192092896,-0.30000001192092896,-0.30000001192092896,-0.30000001192092896,-0.30000001192092896,-0.30000001192092896,0.30000001192092896,-0.30000001192092896,0.30000001192092896,-0.30000001192092896,-0.29990088312523805
1.2999999523162842,0.4820647922170105,-0.30000001192092896,0.3103092908859253,0.5136752128976746,-0.30000001192092896,-0.30000001192092896,-0.30000001192092896,-0.30000001192092896,-0.30000001192092896,-0.30000001192092896,0.30000001192092896,-0.30000001192092896,0.30000001192092896,-0.30000001192092896,-0.299900661325238
1.2999999523162842,0.3033452752170105,-0.30000001192092896,0.3103092908859253,0.3598290588976746,-0.30000001192092896,-0.11451614092092896,-0.28989900192092893,-0.30000001192092896,-0.30000001192092896,-0.30000001192092896,1.084090920920929,-0.30000001192092896,0.30000001192092896,-0.30000001192092896,-0.250551680525238
1.2999999523162842,0.33271790821701047,-0.30000001192092896,0.3103092908859253,0.33418803289767457,-0.30000001192092896,-0.10645162492092897,-0.05757576992092894,-0.30000001192092896,-0.30000001192092896,-0.30000001192092896,0.30000001192092896,-0.30000001192092896,0.30000001192092896,-0.30000001192092896,-0.29983989952523804
1.2999999523162842,0.5126867062170105,-0.30000001192092896,0.3103092908859253,0.5136752128976746,-0.30000001192092896,-0.30000001192092896,-0.30000001192092896,-0.30000001192092896,-0.30000001192092896,-0.30000001192092896,0.30000001192092896,-0.30000001192092896,0.30000001192092896,-0.30000001192092896,-0.29990088312523805
1.2999999523162842,0.42271669621701047,-0.30000001192092896,0.3103092908859253,0.3512820498976746,-0.30000001192092896,-0.21935485092092893,-0.19898991092092894,-0.30000001192092896,-0.30000001192092896,-0.30000001192092896,0.30000001192092896,-0.30000001192092896,0.30000001192092896,-0.30000001192092896,-0.27876456152523804
1.2999999523162842,0.4212020502170105,-0.30000001192092896,0.3103092908859253,0.5136752128976746,-0.30000001192092896,-0.30000001192092896,-0.30000001192092896,-0.30000001192092896,-0.30000001192092896,-0.30000001192092896,0.30000001192092896,-0.295850633920929,1.054287704920929,-0.30000001192092896,-0.299393941525238
1.2999999523162842,0.3306122462170105,-0.30000001192092896,0.5061855798859253,0.5393162378976746,-0.30000001192092896,-0.30000001192092896,-0.30000001192092896,0.699999988079071,-0.30000001192092896,-0.30000001192092896,0.30000001192092896,-0.24605810292092894,1.300000011920929,-0.30000001192092896,-0.275317979525238
1.2999999523162842,0.3302935652170105,-0.30000001192092896,0.3103092908859253,0.3512820498976746,-0.30000001192092896,-0.05806452792092895,-0.28989900192092893,-0.30000001192092896,-0.30000001192092896,-0.30000001192092896,1.120855626920929,-0.20456432692092896,0.831649561920929,-0.30000001192092896,-0.25848955352523806
1.2999999523162842,0.5123837772170106,-0.30000001192092896,0.3103092908859253,0.3769230758976746,-0.30000001192092896,-0.30000001192092896,-0.30000001192092896,-0.30000001192092896,-0.30000001192092896,-0.30000001192092896,0.30000001192092896,-0.29170125692092896,1.104964719920929,-0.30000001192092896,-0.299753634525238
1.2999999523162842,0.4817673162170105,-0.30000001192092896,0.3103092908859253,0.5136752128976746,-0.30000001192092896,-0.30000001192092896,-0.30000001192092896,-0.30000001192092896,-0.30000001192092896,-0.30000001192092896,0.30000001192092896,-0.29170125692092896,1.110981954920929,-0.30000001192092896,-0.29905975052523803
1.2999999523162842,0.48327317721701046,-0.30000001192092896,0.3103092908859253,0.5222222208976746,-0.30000001192092896,-0.30000001192092896,-0.30000001192092896,-0.30000001192092896,-0.30000001192092896,-0.30000001192092896,0.30000001192092896,-0.283402501920929,0.721907532920929,-0.30000001192092896,-0.299142688525238
1.2999999523162842,0.3021390102170105,-0.30000001192092896,0.3103092908859253,0.3512820498976746,-0.30000001192092896,-0.26774194692092895,-0.28989900192092893,-0.30000001192092896,-0.30000001192092896,-0.30000001192092896,0.7278074989209289,-0.30000001192092896,0.30000001192092896,-0.30000001192092896,-0.29983967752523805
1.2999999523162842,0.3309291102170105,-0.30000001192092896,0.3103092908859253,0.3256410248976746,-0.30000001192092896,-0.22741936692092896,-0.20909092092092896,-0.30000001192092896,-0.30000001192092896,-0.30000001192092896,0.30000001192092896,-0.30000001192092896,0.30000001192092896,-0.30000001192092896,-0.299846330525238
1.2999999523162842,0.5429726712170104,-0.30000001192092896,0.3103092908859253,0.5222222208976746,-0.30000001192092896,-0.30000001192092896,-0.30000001192092896,-0.30000001192092896,-0.30000001192092896,-0.30000001192092896,0.30000001192092896,-0.29170125692092896,0.7509791739209289,-0.30000001192092896,-0.29939970752523803
1.2999999523162842,0.4539184172170105,-0.30000001192092896,0.3103092908859253,0.5307692298976746,-0.30000001192092896,-0.30000001192092896,-0.30000001192092896,-0.30000001192092896,-0.30000001192092896,-0.30000001192092896,0.30000001192092896,-0.30000001192092896,0.30000001192092896,-0.30000001192092896,-0.29948796752523804
1.2999999523162842,0.5438884272170105,-0.30000001192092896,0.3103092908859253,0.5307692298976746,-0.30000001192092896,-0.30000001192092896,-0.30000001192092896,-0.30000001192092896,-0.30000001192092896,-0.30000001192092896,0.30000001192092896,-0.295850633920929,1.014219106920929,-0.30000001192092896,-0.29914290952523803
1.2999999523162842,0.3921208342170105,-0.30000001192092896,0.3103092908859253,0.5222222208976746,-0.30000001192092896,-0.30000001192092896,-0.30000001192092896,-0.30000001192092896,-0.30000001192092896,-0.30000001192092896,0.30000001192092896,-0.30000001192092896,0.30000001192092896,-0.30000001192092896,-0.299900661325238
1.2999999523162842,0.3021238642170105,-0.30000001192092896,0.3927835178859253,0.4709401698976746,-0.30000001192092896,-0.28387097992092897,-0.28989900192092893,-0.30000001192092896,-0.30000001192092896,-0.30000001192092896,0.575401081920929,0.554771772079071,0.856935626920929,-0.30000001192092896,-0.21382479352523803
1.2999999523162842,0.5429796392170105,-0.30000001192092896,0.3103092908859253,0.5222222208976746,-0.30000001192092896,-0.30000001192092896,-0.30000001192092896,-0.30000001192092896,-0.30000001192092896,-0.30000001192092896,0.30000001192092896,-0.30000001192092896,0.30000001192092896,-0.30000001192092896,-0.29938706652523805
1.2999999523162842,0.42150497921701047,-0.30000001192092896,0.3103092908859253,0.5222222208976746,-0.30000001192092896,-0.30000001192092896,-0.30000001192092896,-0.30000001192092896,-0.30000001192092896,-0.30000001192092896,0.30000001192092896,-0.30000001192092896,0.30000001192092896,-0.30000001192092896,-0.299292375525238
1.2999999523162842,0.48177398021701046,-0.30000001192092896,0.48556702288592535,0.38547008389767456,-0.30000001192092896,-0.30000001192092896,-0.30000001192092896,-0.30000001192092896,-0.30000001192092896,-0.30000001192092896,0.30000001192092896,-0.24605810292092894,1.300000011920929,-0.30000001192092896,-0.29357874752523805
1.2999999523162842,0.3921208342170105,-0.30000001192092896,0.3103092908859253,0.5307692298976746,-0.30000001192092896,-0.30000001192092896,-0.30000001192092896,-0.30000001192092896,-0.30000001192092896,-0.30000001192092896,0.30000001192092896,-0.30000001192092896,0.30000001192092896,-0.30000001192092896,-0.279170824525238
1.2999999523162842,0.3609097232170105,-0.30000001192092896,0.4340206318859253,0.5393162378976746,-0.30000001192092896,-0.30000001192092896,-0.30000001192092896,-0.30000001192092896,-0.30000001192092896,-0.30000001192092896,0.30000001192092896,-0.24605810292092894,0.765188056920929,-0.30000001192092896,-0.29508560152523805
1.2999999523162842,0.4817879152170105,-0.30000001192092896,0.3103092908859253,0.5222222208976746,-0.30000001192092896,-0.30000001192092896,-0.30000001192092896,-0.30000001192092896,-0.30000001192092896,-0.30000001192092896,0.30000001192092896,-0.30000001192092896,0.30000001192092896,-0.30000001192092896,-0.299900661325238
1.2999999523162842,0.3003232522170105,-0.30000001192092896,0.3103092908859253,0.2999999988976746,-0.30000001192092896,-0.25161291492092897,-0.28989900192092893,-0.30000001192092896,-0.30000001192092896,-0.30000001192092896,0.825401081920929,-0.04688797892092894,1.092871814920929,-0.30000001192092896,-0.25129346452523804
1.2999999523162842,0.3927266932170105,-0.30000001192092896,0.3103092908859253,0.3683760668976746,-0.30000001192092896,-0.25161291492092897,-0.28989900192092893,-0.30000001192092896,-0.30000001192092896,-0.30000001192092896,0.825401081920929,-0.30000001192092896,0.30000001192092896,-0.30000001192092896,-0.299855865525238
1.2999999523162842,0.4230196262170105,-0.30000001192092896,0.3103092908859253,0.3598290588976746,-0.30000001192092896,-0.25161291492092897,-0.23939395092092897,-0.30000001192092896,-0.30000001192092896,-0.30000001192092896,0.30000001192092896,-0.30000001192092896,0.30000001192092896,-0.30000001192092896,-0.29985564452523805
1.2999999523162842,0.45148740921701047,-0.30000001192092896,0.3103092908859253,0.5051282038976745,-0.30000001192092896,-0.29193549592092893,-0.28989900192092893,-0.30000001192092896,-0.30000001192092896,-0.30000001192092896,0.4610962689209289,-0.30000001192092896,0.30000001192092896,-0.30000001192092896,-0.29989423052523806
1.2999999523162842,0.3303174962170105,-0.30000001192092896,0.4546391878859253,0.44529914389767455,-0.30000001192092896,-0.29193549592092893,-0.28989900192092893,-0.30000001192092896,-0.30000001192092896,-0.30000001192092896,0.4610962689209289,0.699999988079071,1.0881057259209288,-0.30000001192092896,-0.23176356752523802
1.2999999523162842,0.45146499221701053,-0.30000001192092896,0.3103092908859253,0.3769230758976746,-0.30000001192092896,-0.30000001192092896,-0.30000001192092896,-0.30000001192092896,-0.30000001192092896,-0.30000001192092896,0.30000001192092896,-0.2875518789209289,0.9747591699209289,-0.30000001192092896,-0.29968799452523803
1.2999999523162842,0.4517979122170105,-0.30000001192092896,0.3103092908859253,0.5222222208976746,-0.30000001192092896,-0.30000001192092896,-0.30000001192092896,-0.30000001192092896,-0.30000001192092896,-0.30000001192092896,0.30000001192092896,-0.295850633920929,0.7939963459209289,-0.30000001192092896,-0.29922052552523803
1.2999999523162842,0.4230196262170105,-0.30000001192092896,0.3103092908859253,0.5307692298976746,-0.30000001192092896,-0.30000001192092896,-0.30000001192092896,-0.30000001192092896,-0.30000001192092896,-0.30000001192092896,0.30000001192092896,-0.30000001192092896,0.30000001192092896,-0.30000001192092896,-0.29903823952523806
1.2999999523162842,0.4826967032170105,-0.30000001192092896,0.3103092908859253,0.5222222208976746,-0.30000001192092896,-0.30000001192092896,-0.30000001192092896,-0.30000001192092896,-0.30000001192092896,-0.30000001192092896,0.30000001192092896,-0.30000001192092896,0.30000001192092896,-0.30000001192092896,-0.29885927952523805
1.2999999523162842,0.3930296222170105,-0.30000001192092896,0.3103092908859253,0.38547008389767456,-0.30000001192092896,-0.27580646392092895,-0.28989900192092893,-0.30000001192092896,-0.30000001192092896,-0.30000001192092896,0.6622994769209289,-0.30000001192092896,0.30000001192092896,-0.30000001192092896,-0.299856309525238
1.2999999523162842,0.5135785302170105,-0.30000001192092896,0.3103092908859253,0.5222222208976746,-0.30000001192092896,-0.30000001192092896,-0.30000001192092896,-0.30000001192092896,-0.30000001192092896,-0.30000001192092896,0.30000001192092896,-0.30000001192092896,0.30000001192092896,-0.30000001192092896,-0.29990088312523805
1.2999999523162842,0.4233225552170105,-0.30000001192092896,0.3103092908859253,0.5051282038976745,-0.30000001192092896,-0.30000001192092896,-0.30000001192092896,-0.30000001192092896,-0.30000001192092896,-0.30000001192092896,0.30000001192092896,-0.30000001192092896,0.30000001192092896,-0.30000001192092896,-0.299073720525238
1.2999999523162842,0.3054666892170105,-0.30000001192092896,0.3103092908859253,0.3170940158976746,-0.30000001192092896,0.07903224607907106,-0.28989900192092893,-0.30000001192092896,-0.30000001192092896,-0.30000001192092896,1.148262043920929,-0.24605810292092894,1.054287704920929,-0.30000001192092896,-0.259622965525238
1.2999999523162842,0.4826967032170105,-0.30000001192092896,0.3103092908859253,0.5222222208976746,-0.30000001192092896,-0.30000001192092896,-0.30000001192092896,-0.30000001192092896,-0.30000001192092896,-0.30000001192092896,0.30000001192092896,-0.29170125692092896,0.973676295920929,-0.30000001192092896,-0.29918060852523803
1.2999999523162842,0.3000236547170105,-0.30000001192092896,0.3103092908859253,0.2999999988976746,-0.30000001192092896,-0.13870968892092894,-0.09797980992092895,-0.30000001192092896,-0.30000001192092896,-0.30000001192092896,0.30000001192092896,-0.30000001192092896,0.30000001192092896,-0.30000001192092896,-0.29995011372523805
1.2999999523162842,0.42150497921701047,-0.30000001192092896,0.3103092908859253,0.4367521358976746,-0.30000001192092896,-0.28387097992092897,-0.27979799192092897,-0.30000001192092896,-0.30000001192092896,-0.30000001192092896,0.30000001192092896,-0.30000001192092896,0.30000001192092896,-0.30000001192092896,-0.29986296252523803
1.2999999523162842,0.5126773152170105,-0.30000001192092896,0.3103092908859253,0.5136752128976746,-0.30000001192092896,-0.30000001192092896,-0.30000001192092896,-0.30000001192092896,-0.30000001192092896,-0.30000001192092896,0.30000001192092896,-0.295850633920929,0.737751744920929,-0.30000001192092896,-0.29961281752523805
1.2999999523162842,0.4221108382170105,-0.30000001192092896,0.3103092908859253,0.3512820498976746,-0.30000001192092896,-0.25967743092092893,-0.24949496092092896,-0.30000001192092896,-0.30000001192092896,-0.30000001192092896,0.30000001192092896,-0.30000001192092896,0.30000001192092896,-0.30000001192092896,-0.29985564452523805
1.2999999523162842,0.3615249722170105,-0.30000001192092896,0.3103092908859253,0.3598290588976746,-0.30000001192092896,-0.25967743092092893,-0.24949496092092896,-0.30000001192092896,-0.30000001192092896,-0.30000001192092896,0.6495989419209289,0.17302903407907105,1.077346022920929,-0.30000001192092896,-0.25811721952523803
1.2999999523162842,0.3039556772170105,-0.30000001192092896,0.3103092908859253,0.3598290588976746,-0.30000001192092896,-0.20322581792092898,-0.28989900192092893,-0.30000001192092896,-0.30000001192092896,-0.30000001192092896,0.981818193920929,-0.10082988792092895,1.020383467920929,-0.30000001192092896,-0.24743773652523804
1.2999999523162842,0.4221108382170105,-0.30000001192092896,0.3103092908859253,0.4794871778976746,-0.30000001192092896,-0.29193549592092893,-0.28989900192092893,-0.30000001192092896,-0.30000001192092896,-0.30000001192092896,0.460427818920929,-0.30000001192092896,0.30000001192092896,-0.30000001192092896,-0.299857861525238
1.2999999523162842,0.3615195202170105,-0.30000001192092896,0.3103092908859253,0.3598290588976746,-0.30000001192092896,-0.27580646392092895,-0.28989900192092893,-0.30000001192092896,-0.30000001192092896,-0.30000001192092896,0.6629679259209289,0.08174272707907104,0.720415468920929,-0.30000001192092896,-0.262968647525238
1.2999999523162842,0.3027336602170105,-0.30000001192092896,0.3103092908859253,0.3769230758976746,-0.30000001192092896,-0.017741946920928953,-0.28989900192092893,-0.30000001192092896,-0.30000001192092896,-0.30000001192092896,1.1021390489209288,-0.23775934792092895,0.860955634920929,-0.30000001192092896,-0.254368600525238
1.2999999523162842,0.3327251782170105,-0.30000001192092896,0.3103092908859253,0.34273504189767456,-0.30000001192092896,-0.23548388292092895,-0.21919193092092895,-0.30000001192092896,-0.30000001192092896,-0.30000001192092896,0.30000001192092896,-0.30000001192092896,0.30000001192092896,-0.30000001192092896,-0.29983989952523804
1.2999999523162842,0.3615249722170105,-0.30000001192092896,0.3103092908859253,0.46239316089767457,-0.30000001192092896,-0.30000001192092896,-0.30000001192092896,-0.30000001192092896,-0.30000001192092896,-0.30000001192092896,0.30000001192092896,-0.30000001192092896,0.30000001192092896,-0.30000001192092896,-0.299783350525238
1.2999999523162842,0.36090548221701046,-0.30000001192092896,0.3103092908859253,0.3256410248976746,-0.30000001192092896,-0.22741936692092896,-0.20909092092092896,-0.30000001192092896,-0.30000001192092896,-0.30000001192092896,0.30000001192092896,-0.30000001192092896,0.30000001192092896,-0.30000001192092896,-0.299842338525238
1.2999999523162842,0.3630396192170105,-0.30000001192092896,0.3103092908859253,0.34273504189767456,-0.30000001192092896,-0.23548388292092895,-0.21919193092092895,-0.30000001192092896,-0.30000001192092896,-0.30000001192092896,0.30000001192092896,-0.30000001192092896,0.30000001192092896,-0.30000001192092896,-0.27869692552523806
1.2999999523162842,0.4542213462170105,-0.30000001192092896,0.3103092908859253,0.5307692298976746,-0.30000001192092896,-0.30000001192092896,-0.30000001192092896,-0.30000001192092896,-0.30000001192092896,-0.30000001192092896,0.30000001192092896,-0.30000001192092896,0.30000001192092896,-0.30000001192092896,-0.299153332525238
1.2999999523162842,0.39088064221701047,-0.30000001192092896,0.3103092908859253,0.33418803289767457,-0.30000001192092896,-0.27580646392092895,-0.28989900192092893,-0.30000001192092896,-0.30000001192092896,-0.30000001192092896,0.6629679259209289,-0.30000001192092896,0.30000001192092896,-0.30000001192092896,-0.299859857525238
1.2999999523162842,0.3618279022170105,-0.30000001192092896,0.3103092908859253,0.4709401698976746,-0.30000001192092896,-0.30000001192092896,-0.30000001192092896,-0.30000001192092896,-0.30000001192092896,-0.30000001192092896,0.30000001192092896,-0.30000001192092896,0.30000001192092896,-0.30000001192092896,-0.29327648952523805
1.2999999523162842,0.30427133021701047,-0.30000001192092896,0.3103092908859253,0.33418803289767457,-0.30000001192092896,-0.19516130192092895,-0.16868688092092896,-0.30000001192092896,-0.30000001192092896,-0.30000001192092896,0.30000001192092896,-0.30000001192092896,0.30000001192092896,-0.30000001192092896,-0.299846108525238
1.2999999523162842,0.4817773122170105,-0.30000001192092896,0.3103092908859253,0.5222222208976746,-0.30000001192092896,-0.30000001192092896,-0.30000001192092896,0.699999988079071,-0.30000001192092896,-0.30000001192092896,0.30000001192092896,-0.30000001192092896,0.30000001192092896,-0.30000001192092896,-0.299900661325238
1.2999999523162842,0.3354642652170105,-0.30000001192092896,0.3103092908859253,0.3256410248976746,-0.30000001192092896,-0.13870968892092894,-0.09797980992092895,-0.30000001192092896,-0.30000001192092896,-0.30000001192092896,0.30000001192092896,-0.30000001192092896,0.30000001192092896,-0.30000001192092896,-0.29984078652523805
1.2999999523162842,0.3009136612170105,-0.30000001192092896,0.3103092908859253,0.3512820498976746,-0.30000001192092896,0.19999998807907104,-0.28989900192092893,-0.30000001192092896,-0.30000001192092896,-0.30000001192092896,1.170320867920929,-0.24190872592092896,0.9164036419209289,-0.30000001192092896,-0.25221021752523803
1.2999999523162842,0.48238105121701047,-0.30000001192092896,0.3103092908859253,0.5222222208976746,-0.30000001192092896,-0.30000001192092896,-0.30000001192092896,-0.30000001192092896,-0.30000001192092896,-0.30000001192092896,0.30000001192092896,-0.29170125692092896,0.9322603329209289,-0.30000001192092896,-0.298608469525238
1.2999999523162842,0.6029596462170105,-0.30000001192092896,0.3103092908859253,0.5136752128976746,-0.30000001192092896,-0.30000001192092896,-0.30000001192092896,-0.30000001192092896,-0.30000001192092896,-0.30000001192092896,0.30000001192092896,-0.283402501920929,0.927652313920929,-0.30000001192092896,-0.29922074752523803
1.2999999523162842,0.3048496222170105,-0.30000001192092896,0.3103092908859253,0.2999999988976746,-0.30000001192092896,-0.30000001192092896,-0.30000001192092896,-0.30000001192092896,-0.30000001192092896,-0.30000001192092896,0.30066846092092897,-0.295850633920929,0.751065240920929,-0.30000001192092896,-0.29872445052523805
1.2999999523162842,0.39242376421701053,-0.30000001192092896,0.3103092908859253,0.5307692298976746,-0.30000001192092896,-0.30000001192092896,-0.30000001192092896,-0.30000001192092896,-0.30000001192092896,-0.30000001192092896,0.30000001192092896,-0.295850633920929,0.7382474989209289,-0.30000001192092896,-0.29926155152523803
1.2999999523162842,0.5129635842170105,-0.30000001192092896,0.3103092908859253,0.5307692298976746,-0.30000001192092896,-0.30000001192092896,-0.30000001192092896,-0.30000001192092896,-0.30000001192092896,-0.30000001192092896,0.30000001192092896,-0.30000001192092896,0.30000001192092896,-0.30000001192092896,-0.299328300525238
1.2999999523162842,0.4530096292170105,-0.30000001192092896,0.3103092908859253,0.3940170928976746,-0.30000001192092896,-0.26774194692092895,-0.259595971920929,-0.30000001192092896,-0.30000001192092896,-0.30000001192092896,0.30000001192092896,-0.30000001192092896,0.30000001192092896,-0.30000001192092896,-0.299856087525238
1.2999999523162842,0.4829823652170105,-0.30000001192092896,0.3103092908859253,0.5136752128976746,-0.30000001192092896,-0.30000001192092896,-0.30000001192092896,-0.30000001192092896,-0.30000001192092896,-0.30000001192092896,0.30000001192092896,-0.295850633920929,1.018495879920929,-0.30000001192092896,-0.299393941525238
1.2999999523162842,0.42271669621701047,-0.30000001192092896,0.3103092908859253,0.5136752128976746,-0.30000001192092896,-0.30000001192092896,-0.30000001192092896,-0.30000001192092896,-0.30000001192092896,-0.30000001192092896,0.30000001192092896,-0.30000001192092896,0.30000001192092896,-0.30000001192092896,-0.299900661325238
1.2999999523162842,0.3621159872170105,-0.30000001192092896,0.5371134148859253,0.5393162378976746,-0.30000001192092896,-0.30000001192092896,-0.30000001192092896,-0.30000001192092896,-0.30000001192092896,-0.30000001192092896,0.30000001192092896,-0.24605810292092894,0.828261539920929,-0.30000001192092896,-0.285615371525238
1.2999999523162842,0.4829838802170105,-0.30000001192092896,0.3103092908859253,0.5136752128976746,-0.30000001192092896,-0.30000001192092896,-0.30000001192092896,-0.30000001192092896,-0.30000001192092896,-0.30000001192092896,0.30000001192092896,-0.26680499092092896,0.979165439920929,-0.30000001192092896,-0.29876924552523804
1.2999999523162842,0.4521008412170105,-0.30000001192092896,0.3103092908859253,0.5136752128976746,-0.30000001192092896,-0.30000001192092896,-0.30000001192092896,-0.30000001192092896,-0.30000001192092896,-0.30000001192092896,0.30000001192092896,-0.295850633920929,0.8920587219209289,-0.30000001192092896,-0.298715801525238
1.2999999523162842,0.3018236612170105,-0.30000001192092896,0.3103092908859253,0.3256410248976746,-0.30000001192092896,-0.10645162492092897,-0.05757576992092894,-0.30000001192092896,-0.30000001192092896,-0.30000001192092896,0.30000001192092896,-0.30000001192092896,0.30000001192092896,-0.30000001192092896,-0.29983901252523804
1.2999999523162842,0.3030432542170105,-0.30000001192092896,0.3103092908859253,0.33418803289767457,-0.30000001192092896,0.07903224607907106,-0.28989900192092893,-0.30000001192092896,-0.30000001192092896,-0.30000001192092896,1.148262043920929,-0.30000001192092896,0.30000001192092896,-0.30000001192092896,-0.29983945552523805
1.2999999523162842,0.4517888242170105,-0.30000001192092896,0.3103092908859253,0.5222222208976746,-0.30000001192092896,-0.30000001192092896,-0.30000001192092896,-0.30000001192092896,-0.30000001192092896,-0.30000001192092896,0.30000001192092896,-0.29170125692092896,0.9734403289209289,-0.30000001192092896,-0.29899610552523803
1.2999999523162842,0.3914861972170105,-0.30000001192092896,0.3103092908859253,0.34273504189767456,-0.30000001192092896,-0.29193549592092893,-0.28989900192092893,-0.30000001192092896,-0.30000001192092896,-0.30000001192092896,0.4610962689209289,0.699999988079071,0.721884852920929,-0.30000001192092896,-0.257641768525238
1.2999999523162842,0.3036439632170105,-0.30000001192092896,0.3103092908859253,0.38547008389767456,-0.30000001192092896,-0.22741936692092896,-0.28989900192092893,-0.30000001192092896,-0.30000001192092896,-0.30000001192092896,0.9189839689209289,-0.30000001192092896,0.30000001192092896,-0.30000001192092896,-0.299841229525238
1.2999999523162842,0.3318121492170105,-0.30000001192092896,0.4134020748859253,0.44529914389767455,-0.30000001192092896,-0.23548388292092895,-0.28989900192092893,-0.30000001192092896,-0.30000001192092896,-0.30000001192092896,0.779278086920929,0.29751036107907103,0.9253503849209289,-0.30000001192092896,-0.22163626452523805
1.2999999523162842,0.3045448752170105,-0.30000001192092896,0.3103092908859253,0.34273504189767456,-0.30000001192092896,-0.14677420592092896,-0.28989900192092893,-0.30000001192092896,-0.30000001192092896,-0.30000001192092896,1.062032097920929,-0.30000001192092896,0.30000001192092896,-0.30000001192092896,-0.29984056452523805
0.2999999523162842,0.3003232522170105,-0.004105985920928978,0.3000000128859253,0.3085470078976746,0.699999988079071,-0.30000001192092896,-0.30000001192092896,0.699999988079071,0.0030302910790710458,-0.24605810292092894,0.30000001192092896,-0.30000001192092896,0.30000001192092896,-0.23333334492092894,-0.298048971525238
1.2999999523162842,0.5126779212170105,-0.30000001192092896,0.3103092908859253,0.5222222208976746,-0.30000001192092896,-0.30000001192092896,-0.30000001192092896,-0.30000001192092896,-0.30000001192092896,-0.30000001192092896,0.30000001192092896,-0.30000001192092896,0.30000001192092896,-0.30000001192092896,-0.29959640752523803
1.2999999523162842,0.42148498621701047,-0.30000001192092896,0.4134020748859253,0.5393162378976746,-0.30000001192092896,-0.30000001192092896,-0.30000001192092896,-0.30000001192092896,-0.30000001192092896,-0.30000001192092896,0.30000001192092896,-0.24605810292092894,1.119382977920929,-0.30000001192092896,-0.294568459525238
1.2999999523162842,0.5123683272170105,-0.30000001192092896,0.3103092908859253,0.5222222208976746,-0.30000001192092896,-0.30000001192092896,-0.30000001192092896,-0.30000001192092896,-0.30000001192092896,-0.30000001192092896,0.30000001192092896,-0.30000001192092896,0.30000001192092896,-0.30000001192092896,-0.29990088312523805
1.2999999523162842,0.3918179052170105,-0.30000001192092896,0.3103092908859253,0.5222222208976746,-0.30000001192092896,-0.30000001192092896,-0.30000001192092896,-0.30000001192092896,-0.30000001192092896,-0.30000001192092896,0.30000001192092896,-0.295850633920929,0.831649561920929,-0.30000001192092896,-0.29985542252523806
1.2999999523162842,0.4221108382170105,-0.30000001192092896,0.3103092908859253,0.4709401698976746,-0.30000001192092896,-0.28387097992092897,-0.28989900192092893,-0.30000001192092896,-0.30000001192092896,-0.30000001192092896,0.575401081920929,-0.30000001192092896,0.30000001192092896,-0.30000001192092896,-0.27639462052523806
1.2999999523162842,0.4236012502170105,-0.30000001192092896,0.3103092908859253,0.3598290588976746,-0.30000001192092896,-0.30000001192092896,-0.30000001192092896,-0.30000001192092896,-0.30000001192092896,-0.30000001192092896,0.30000001192092896,-0.30000001192092896,0.30000001192092896,-0.30000001192092896,-0.25565369652523806
1.2999999523162842,0.4820908442170105,-0.30000001192092896,0.3103092908859253,0.5222222208976746,-0.30000001192092896,-0.30000001192092896,-0.30000001192092896,-0.30000001192092896,-0.30000001192092896,-0.30000001192092896,0.30000001192092896,-0.30000001192092896,0.30000001192092896,-0.30000001192092896,-0.29990088312523805
1.2999999523162842,0.45149498221701045,-0.30000001192092896,0.3103092908859253,0.5051282038976745,-0.30000001192092896,-0.30000001192092896,-0.30000001192092896,-0.30000001192092896,-0.30000001192092896,-0.30000001192092896,0.30000001192092896,-0.30000001192092896,0.30000001192092896,-0.30000001192092896,-0.299901104925238
1.2999999523162842,0.3315349692170105,-0.30000001192092896,0.3103092908859253,0.3769230758976746,-0.30000001192092896,-0.30000001192092896,-0.30000001192092896,-0.30000001192092896,-0.30000001192092896,-0.30000001192092896,0.30000001192092896,-0.29170125692092896,0.703775702920929,-0.30000001192092896,-0.275859515525238
1.2999999523162842,0.3327276022170105,-0.30000001192092896,0.3103092908859253,0.3256410248976746,-0.30000001192092896,-0.017741946920928953,-0.28989900192092893,-0.30000001192092896,-0.30000001192092896,-0.30000001192092896,1.142246000920929,-0.30000001192092896,0.30000001192092896,-0.30000001192092896,-0.299842116525238
1.2999999523162842,0.3054536632170105,-0.30000001192092896,0.3103092908859253,0.3683760668976746,-0.30000001192092896,-0.21129033492092897,-0.18888890092092897,-0.30000001192092896,-0.30000001192092896,-0.30000001192092896,0.30000001192092896,-0.30000001192092896,0.30000001192092896,-0.30000001192092896,-0.28252515552523805
1.2999999523162842,0.4514734742170105,-0.30000001192092896,0.3103092908859253,0.5136752128976746,-0.30000001192092896,-0.30000001192092896,-0.30000001192092896,-0.30000001192092896,-0.30000001192092896,-0.30000001192092896,0.30000001192092896,-0.30000001192092896,0.30000001192092896,-0.30000001192092896,-0.29888056852523803
1.2999999523162842,0.42271669621701047,-0.30000001192092896,0.3103092908859253,0.3769230758976746,-0.30000001192092896,-0.29193549592092893,-0.28989900192092893,-0.30000001192092896,-0.30000001192092896,-0.30000001192092896,0.4610962689209289,0.699999988079071,0.965039404920929,-0.30000001192092896,-0.24592955152523804
1.2999999523162842,0.3051761792170105,-0.30000001192092896,0.3103092908859253,0.34273504189767456,-0.30000001192092896,-0.21129033492092897,-0.28989900192092893,-0.30000001192092896,-0.30000001192092896,-0.30000001192092896,0.961764717920929,-0.30000001192092896,0.30000001192092896,-0.30000001192092896,-0.29984012152523803
1.2999999523162842,0.3615249722170105,-0.30000001192092896,0.3103092908859253,0.3598290588976746,-0.30000001192092896,-0.28387097992092897,-0.27979799192092897,-0.30000001192092896,-0.30000001192092896,-0.30000001192092896,0.35213904892092895,-0.13402490792092894,0.979165439920929,-0.30000001192092896,-0.28864593352523804
1.2999999523162842,0.3033619362170105,-0.30000001192092896,0.3103092908859253,0.33418803289767457,-0.30000001192092896,-0.17096775392092894,-0.13838384992092895,-0.30000001192092896,-0.30000001192092896,-0.30000001192092896,0.30000001192092896,-0.30000001192092896,0.30000001192092896,-0.30000001192092896,-0.29983967752523805
1.2999999523162842,0.3306261812170105,-0.30000001192092896,0.3103092908859253,0.3598290588976746,-0.30000001192092896,-0.23548388292092895,-0.28989900192092893,-0.30000001192092896,-0.30000001192092896,-0.30000001192092896,0.893582899920929,-0.08838175492092895,1.072055110920929,-0.30000001192092896,-0.23451227452523804
1.2999999523162842,0.5129681282170104,-0.30000001192092896,0.3103092908859253,0.5136752128976746,-0.30000001192092896,-0.30000001192092896,-0.30000001192092896,-0.30000001192092896,-0.30000001192092896,-0.30000001192092896,0.30000001192092896,-0.30000001192092896,0.30000001192092896,-0.30000001192092896,-0.29990043962523805
1.2999999523162842,0.4224137672170105,-0.30000001192092896,0.3103092908859253,0.5136752128976746,-0.30000001192092896,-0.30000001192092896,-0.30000001192092896,-0.30000001192092896,-0.30000001192092896,-0.30000001192092896,0.30000001192092896,-0.30000001192092896,0.30000001192092896,-0.30000001192092896,-0.299901104925238
1.2999999523162842,0.4833025622170105,-0.30000001192092896,0.3103092908859253,0.5222222208976746,-0.30000001192092896,-0.30000001192092896,-0.30000001192092896,-0.30000001192092896,-0.30000001192092896,-0.30000001192092896,0.30000001192092896,-0.30000001192092896,0.30000001192092896,-0.30000001192092896,-0.29970196552523803
1.2999999523162842,0.42271669621701047,-0.30000001192092896,0.3103092908859253,0.3940170928976746,-0.30000001192092896,-0.29193549592092893,-0.28989900192092893,-0.30000001192092896,-0.30000001192092896,-0.30000001192092896,0.460427818920929,0.17302903407907105,1.1746556309209288,-0.30000001192092896,-0.260165166525238
1.2999999523162842,0.3003056822170105,-0.30000001192092896,0.3103092908859253,0.33418803289767457,-0.30000001192092896,-0.20322581792092898,-0.28989900192092893,-0.30000001192092896,-0.30000001192092896,-0.30000001192092896,0.981818193920929,-0.12987553092092896,0.751065240920929,-0.30000001192092896,-0.24910935752523802
1.2999999523162842,0.3309278992170105,-0.30000001192092896,0.3618556828859253,0.4794871778976746,-0.30000001192092896,-0.28387097992092897,-0.28989900192092893,-0.30000001192092896,-0.30000001192092896,-0.30000001192092896,0.5747326319209289,0.554771772079071,0.9026445069209289,-0.30000001192092896,-0.24882639252523803
1.2999999523162842,0.39151346121701047,-0.30000001192092896,0.3103092908859253,0.5222222208976746,-0.30000001192092896,-0.30000001192092896,-0.30000001192092896,-0.30000001192092896,-0.30000001192092896,-0.30000001192092896,0.30000001192092896,-0.30000001192092896,0.30000001192092896,-0.30000001192092896,-0.299471335525238
1.2999999523162842,0.3621162902170105,-0.30000001192092896,0.3103092908859253,0.3512820498976746,-0.30000001192092896,-0.29193549592092893,-0.28989900192092893,-0.30000001192092896,-0.30000001192092896,-0.30000001192092896,0.4610962689209289,0.24356845307907105,1.019762921920929,-0.30000001192092896,-0.24433709752523802
1.2999999523162842,0.4212008382170105,-0.30000001192092896,0.3515464048859253,0.5393162378976746,-0.30000001192092896,-0.30000001192092896,-0.30000001192092896,-0.30000001192092896,-0.30000001192092896,-0.30000001192092896,0.30000001192092896,-0.24605810292092894,0.808402569920929,-0.30000001192092896,-0.295519806525238
1.2999999523162842,0.4239284142170105,-0.30000001192092896,0.3103092908859253,0.5136752128976746,-0.30000001192092896,-0.30000001192092896,-0.30000001192092896,-0.30000001192092896,-0.30000001192092896,-0.30000001192092896,0.30000001192092896,-0.29170125692092896,0.7165446179209289,-0.30000001192092896,-0.29892115052523804
1.2999999523162842,0.3612190142170105,-0.30000001192092896,0.3103092908859253,0.3769230758976746,-0.30000001192092896,-0.23548388292092895,-0.21919193092092895,-0.30000001192092896,-0.30000001192092896,-0.30000001192092896,0.30000001192092896,-0.30000001192092896,0.30000001192092896,-0.30000001192092896,-0.299843890525238
1.2999999523162842,0.3006061882170105,-0.30000001192092896,0.3103092908859253,0.3512820498976746,-0.30000001192092896,-0.11451614092092896,-0.06767677992092896,-0.30000001192092896,-0.30000001192092896,-0.30000001192092896,0.33409092092092896,-0.08838175492092895,0.9747591699209289,-0.30000001192092896,-0.25695231852523803
1.2999999523162842,0.4223919562170105,-0.30000001192092896,0.3103092908859253,0.3683760668976746,-0.30000001192092896,-0.27580646392092895,-0.26969698192092895,-0.30000001192092896,-0.30000001192092896,-0.30000001192092896,0.41764707092092895,0.430290444079071,0.927516626920929,-0.30000001192092896,-0.24391863852523804
1.2999999523162842,0.3633425482170105,-0.30000001192092896,0.3103092908859253,0.38547008389767456,-0.30000001192092896,-0.22741936692092896,-0.28989900192092893,-0.30000001192092896,-0.30000001192092896,-0.30000001192092896,0.919652417920929,-0.30000001192092896,0.30000001192092896,-0.30000001192092896,-0.299854978525238
1.2999999523162842,0.4527067002170105,-0.30000001192092896,0.3103092908859253,0.5393162378976746,-0.30000001192092896,-0.30000001192092896,-0.30000001192092896,-0.30000001192092896,-0.30000001192092896,-0.30000001192092896,0.30000001192092896,-0.283402501920929,1.0270663139209288,-0.30000001192092896,-0.298652378525238
1.2999999523162842,0.3042516392170105,-0.30000001192092896,0.3103092908859253,0.3256410248976746,-0.30000001192092896,-0.025806463920928946,-0.28989900192092893,-0.30000001192092896,-0.30000001192092896,-0.30000001192092896,1.1409091029209288,-0.30000001192092896,0.30000001192092896,-0.30000001192092896,-0.29983945552523805
1.2999999523162842,0.30365062721701047,-0.30000001192092896,0.3103092908859253,0.34273504189767456,-0.30000001192092896,-0.12258065692092895,-0.28989900192092893,-0.30000001192092896,-0.30000001192092896,-0.30000001192092896,1.0794117769209288,-0.30000001192092896,0.30000001192092896,-0.30000001192092896,-0.29983923452523803
1.2999999523162842,0.3024522392170105,-0.30000001192092896,0.3103092908859253,0.3512820498976746,-0.30000001192092896,-0.18709678592092896,-0.15858587092092896,-0.30000001192092896,-0.30000001192092896,-0.30000001192092896,0.30000001192092896,-0.30000001192092896,0.30000001192092896,-0.30000001192092896,-0.29984012152523803
1.2999999523162842,0.4526927652170105,-0.30000001192092896,0.3103092908859253,0.5222222208976746,-0.30000001192092896,-0.30000001192092896,-0.30000001192092896,-0.30000001192092896,-0.30000001192092896,-0.30000001192092896,0.30000001192092896,-0.30000001192092896,0.30000001192092896,-0.30000001192092896,-0.299220969525238
1.2999999523162842,0.4212020502170105,-0.30000001192092896,0.3103092908859253,0.38547008389767456,-0.30000001192092896,-0.28387097992092897,-0.28989900192092893,-0.30000001192092896,-0.30000001192092896,-0.30000001192092896,0.575401081920929,0.10248961507907106,0.9734403289209289,-0.30000001192092896,-0.24791740152523803
1.2999999523162842,0.3024525422170105,-0.30000001192092896,0.3103092908859253,0.3256410248976746,-0.30000001192092896,0.13548385907907107,-0.28989900192092893,-0.30000001192092896,-0.30000001192092896,-0.30000001192092896,1.166310171920929,-0.2502074809209289,0.9026445069209289,-0.30000001192092896,-0.24823030352523803
1.2999999523162842,0.4826967032170105,-0.30000001192092896,0.3103092908859253,0.5222222208976746,-0.30000001192092896,-0.30000001192092896,-0.30000001192092896,-0.30000001192092896,-0.30000001192092896,-0.30000001192092896,0.30000001192092896,-0.295850633920929,1.018495879920929,-0.30000001192092896,-0.299143353525238
1.2999999523162842,0.4221108382170105,-0.30000001192092896,0.3103092908859253,0.5222222208976746,-0.30000001192092896,-0.30000001192092896,-0.30000001192092896,-0.30000001192092896,-0.30000001192092896,-0.30000001192092896,0.30000001192092896,-0.295850633920929,0.861431282920929,-0.30000001192092896,-0.29885573152523803
1.2999999523162842,0.4820781212170105,-0.30000001192092896,0.3103092908859253,0.5136752128976746,-0.30000001192092896,-0.30000001192092896,-0.30000001192092896,-0.30000001192092896,-0.30000001192092896,-0.30000001192092896,0.30000001192092896,-0.295850633920929,0.9322603329209289,-0.30000001192092896,-0.29908813552523805
1.2999999523162842,0.4224025582170105,-0.30000001192092896,0.3103092908859253,0.5222222208976746,-0.30000001192092896,-0.30000001192092896,-0.30000001192092896,-0.30000001192092896,-0.30000001192092896,-0.30000001192092896,0.30000001192092896,-0.295850633920929,1.0270663139209288,-0.30000001192092896,-0.299358016525238
1.2999999523162842,0.3039662802170105,-0.30000001192092896,0.3103092908859253,0.3683760668976746,-0.30000001192092896,-0.13064517292092895,-0.08787879992092895,-0.30000001192092896,-0.30000001192092896,-0.30000001192092896,0.30000001192092896,-0.30000001192092896,0.30000001192092896,-0.30000001192092896,-0.29984034252523806
1.2999999523162842,0.3911920532170105,-0.30000001192092896,0.4340206318859253,0.4282051268976746,-0.30000001192092896,-0.30000001192092896,-0.30000001192092896,-0.30000001192092896,-0.30000001192092896,-0.30000001192092896,0.30000001192092896,-0.24605810292092894,1.119382977920929,-0.30000001192092896,-0.29450614452523804
1.2999999523162842,0.3609191142170105,-0.30000001192092896,0.3103092908859253,0.3512820498976746,-0.30000001192092896,-0.28387097992092897,-0.27979799192092897,-0.30000001192092896,-0.30000001192092896,-0.30000001192092896,0.30000001192092896,-0.30000001192092896,0.30000001192092896,-0.30000001192092896,-0.277477692525238
1.2999999523162842,0.3042619392170105,-0.30000001192092896,0.3103092908859253,0.3512820498976746,-0.30000001192092896,-0.28387097992092897,-0.28989900192092893,-0.30000001192092896,-0.30000001192092896,-0.30000001192092896,0.575401081920929,-0.30000001192092896,0.30000001192092896,-0.30000001192092896,-0.29983790352523804
1.2999999523162842,0.4817879152170105,-0.30000001192092896,0.3103092908859253,0.5222222208976746,-0.30000001192092896,-0.30000001192092896,-0.30000001192092896,-0.30000001192092896,-0.30000001192092896,-0.30000001192092896,0.30000001192092896,-0.30000001192092896,0.30000001192092896,-0.30000001192092896,-0.29990088312523805
1.2999999523162842,0.4524037702170105,-0.30000001192092896,0.3103092908859253,0.5136752128976746,-0.30000001192092896,-0.29193549592092893,-0.28989900192092893,-0.30000001192092896,-0.30000001192092896,-0.30000001192092896,0.4610962689209289,-0.30000001192092896,0.30000001192092896,-0.30000001192092896,-0.299885803525238
1.2999999523162842,0.3918179052170105,-0.30000001192092896,0.3103092908859253,0.5222222208976746,-0.30000001192092896,-0.30000001192092896,-0.30000001192092896,-0.30000001192092896,-0.30000001192092896,-0.30000001192092896,0.30000001192092896,-0.30000001192092896,0.30000001192092896,-0.30000001192092896,-0.29948574952523804
0.2999999523162842,0.3302978062170105,-0.16916225792092895,0.3000000128859253,0.3512820498976746,0.699999988079071,-0.30000001192092896,-0.30000001192092896,0.699999988079071,-0.17878789092092895,0.05269708307907106,0.30000001192092896,-0.09668050992092894,0.990216424920929,-0.03333334492092893,-0.296802018525238
1.2999999523162842,0.5123837772170106,-0.30000001192092896,0.3103092908859253,0.5222222208976746,-0.30000001192092896,-0.30000001192092896,-0.30000001192092896,-0.30000001192092896,-0.30000001192092896,-0.30000001192092896,0.30000001192092896,-0.30000001192092896,0.30000001192092896,-0.30000001192092896,-0.299900217825238
1.2999999523162842,0.4524037702170105,-0.30000001192092896,0.3103092908859253,0.5307692298976746,-0.30000001192092896,-0.30000001192092896,-0.30000001192092896,-0.30000001192092896,-0.30000001192092896,-0.30000001192092896,0.30000001192092896,-0.295850633920929,1.131897453920929,-0.30000001192092896,-0.29885950152523805
1.2999999523162842,0.4517979122170105,-0.30000001192092896,0.3103092908859253,0.38547008389767456,-0.30000001192092896,-0.26774194692092895,-0.259595971920929,-0.30000001192092896,-0.30000001192092896,-0.30000001192092896,0.30000001192092896,-0.30000001192092896,0.30000001192092896,-0.30000001192092896,-0.299856087525238
1.2999999523162842,0.4223837772170105,-0.30000001192092896,0.3103092908859253,0.5222222208976746,-0.30000001192092896,-0.30000001192092896,-0.30000001192092896,-0.30000001192092896,-0.30000001192092896,-0.30000001192092896,0.30000001192092896,-0.30000001192092896,0.30000001192092896,-0.30000001192092896,-0.29939970752523803
1.2999999523162842,0.4239284142170105,-0.30000001192092896,0.3103092908859253,0.5307692298976746,-0.30000001192092896,-0.30000001192092896,-0.30000001192092896,0.699999988079071,-0.30000001192092896,-0.30000001192092896,0.30000001192092896,-0.30000001192092896,0.30000001192092896,-0.30000001192092896,-0.29990088312523805
1.2999999523162842,0.3033531512170105,-0.30000001192092896,0.3103092908859253,0.3512820498976746,-0.30000001192092896,-0.11451614092092896,-0.28989900192092893,-0.30000001192092896,-0.30000001192092896,-0.30000001192092896,1.084090920920929,-0.23360997092092894,0.765188056920929,-0.30000001192092896,-0.250349879525238
1.2999999523162842,0.4521008412170105,-0.30000001192092896,0.3103092908859253,0.5222222208976746,-0.30000001192092896,-0.30000001192092896,-0.30000001192092896,-0.30000001192092896,-0.30000001192092896,-0.30000001192092896,0.30000001192092896,-0.30000001192092896,0.30000001192092896,-0.30000001192092896,-0.291272229525238
1.2999999523162842,0.3606022502170105,-0.30000001192092896,0.7432989818859252,0.5393162378976746,-0.30000001192092896,-0.30000001192092896,-0.30000001192092896,-0.30000001192092896,-0.30000001192092896,-0.30000001192092896,0.30000001192092896,-0.24605810292092894,1.300000011920929,-0.30000001192092896,-0.290857761525238
1.2999999523162842,0.4227015502170105,-0.30000001192092896,0.3103092908859253,0.5136752128976746,-0.30000001192092896,-0.30000001192092896,-0.30000001192092896,-0.30000001192092896,-0.30000001192092896,-0.30000001192092896,0.30000001192092896,-0.30000001192092896,0.30000001192092896,-0.30000001192092896,-0.298966611525238
1.2999999523162842,0.5438884272170105,-0.30000001192092896,0.3103092908859253,0.5136752128976746,-0.30000001192092896,-0.30000001192092896,-0.30000001192092896,-0.30000001192092896,-0.30000001192092896,-0.30000001192092896,0.30000001192092896,-0.30000001192092896,0.30000001192092896,-0.30000001192092896,-0.29990043962523805
1.2999999523162842,0.6335555082170106,-0.30000001192092896,0.3103092908859253,0.3769230758976746,-0.30000001192092896,-0.30000001192092896,-0.30000001192092896,-0.30000001192092896,-0.30000001192092896,-0.30000001192092896,0.30000001192092896,-0.30000001192092896,0.30000001192092896,-0.30000001192092896,-0.29972547152523804
1.2999999523162842,0.3039481042170105,-0.30000001192092896,0.3103092908859253,0.34273504189767456,-0.30000001192092896,-0.017741946920928953,-0.28989900192092893,-0.30000001192092896,-0.30000001192092896,-0.30000001192092896,1.142246000920929,-0.21286308292092895,1.104964719920929,-0.30000001192092896,-0.24871063452523803
1.2999999523162842,0.5123837772170106,-0.30000001192092896,0.3103092908859253,0.3769230758976746,-0.30000001192092896,-0.30000001192092896,-0.30000001192092896,-0.30000001192092896,-0.30000001192092896,-0.30000001192092896,0.30000001192092896,-0.30000001192092896,0.30000001192092896,-0.30000001192092896,-0.29990487482523803
1.2999999523162842,0.3342540632170105,-0.30000001192092896,0.3103092908859253,0.33418803289767457,-0.30000001192092896,-0.16290323792092895,-0.28989900192092893,-0.30000001192092896,-0.30000001192092896,-0.30000001192092896,1.038636375920929,-0.30000001192092896,0.30000001192092896,-0.30000001192092896,-0.29984366952523805
1.2999999523162842,0.4212008382170105,-0.30000001192092896,0.5164948578859253,0.3940170928976746,-0.30000001192092896,-0.30000001192092896,-0.30000001192092896,-0.30000001192092896,-0.30000001192092896,-0.30000001192092896,0.30000001192092896,-0.24605810292092894,0.808402569920929,-0.30000001192092896,-0.29544862152523804
1.2999999523162842,0.4536154882170105,-0.30000001192092896,0.3103092908859253,0.38547008389767456,-0.30000001192092896,-0.29193549592092893,-0.28989900192092893,-0.30000001192092896,-0.30000001192092896,-0.30000001192092896,0.4597593699209289,0.691701233079071,1.0881057259209288,-0.30000001192092896,-0.24581046652523802
1.2999999523162842,0.4817867032170105,-0.30000001192092896,0.5268041368859253,0.5393162378976746,-0.30000001192092896,-0.30000001192092896,-0.30000001192092896,-0.30000001192092896,-0.30000001192092896,-0.30000001192092896,0.30000001192092896,-0.24605810292092894,0.808402569920929,-0.30000001192092896,-0.29546968952523806
1.2999999523162842,0.3621168962170105,-0.30000001192092896,0.3103092908859253,0.3512820498976746,-0.30000001192092896,-0.26774194692092895,-0.28989900192092893,-0.30000001192092896,-0.30000001192092896,-0.30000001192092896,0.6389037549209289,-0.30000001192092896,0.30000001192092896,-0.30000001192092896,-0.299846995525238
1.2999999523162842,0.3057559862170105,-0.30000001192092896,0.3103092908859253,0.3256410248976746,-0.30000001192092896,-0.050000011920928955,0.013131301079071067,-0.30000001192092896,-0.30000001192092896,-0.30000001192092896,0.32673797992092896,-0.13402490792092894,0.9747591699209289,-0.30000001192092896,-0.256393706525238
1.2999999523162842,0.3330368922170105,-0.30000001192092896,0.3103092908859253,0.3769230758976746,-0.30000001192092896,-0.29193549592092893,-0.28989900192092893,-0.30000001192092896,-0.30000001192092896,-0.30000001192092896,0.457085572920929,0.6751037220790711,0.897441642920929,-0.30000001192092896,-0.24311143452523803
1.2999999523162842,0.3305967972170105,-0.30000001192092896,0.3103092908859253,0.3598290588976746,-0.30000001192092896,-0.23548388292092895,-0.21919193092092895,-0.30000001192092896,-0.30000001192092896,-0.30000001192092896,0.30000001192092896,-0.30000001192092896,0.30000001192092896,-0.30000001192092896,-0.29983590752523803
1.2999999523162842,0.3324234612170105,-0.30000001192092896,0.3103092908859253,0.3769230758976746,-0.30000001192092896,-0.19516130192092895,-0.28989900192092893,-0.30000001192092896,-0.30000001192092896,-0.30000001192092896,0.994518728920929,-0.10912864292092894,1.104964719920929,-0.30000001192092896,-0.252158326525238
1.2999999523162842,0.42271669621701047,-0.30000001192092896,0.3103092908859253,0.4794871778976746,-0.30000001192092896,-0.30000001192092896,-0.30000001192092896,-0.30000001192092896,-0.30000001192092896,-0.30000001192092896,0.30000001192092896,-0.30000001192092896,0.30000001192092896,-0.30000001192092896,-0.299870945525238
1.2999999523162842,0.3039396222170105,-0.30000001192092896,0.3103092908859253,0.3256410248976746,-0.30000001192092896,0.0064516010790710565,-0.28989900192092893,-0.30000001192092896,-0.30000001192092896,-0.30000001192092896,1.138235305920929,-0.30000001192092896,0.30000001192092896,-0.30000001192092896,-0.29983768152523804
1.2999999523162842,0.7850201712170105,-0.30000001192092896,0.3103092908859253,0.3769230758976746,-0.30000001192092896,-0.30000001192092896,-0.30000001192092896,-0.30000001192092896,-0.30000001192092896,-0.30000001192092896,0.30000001192092896,-0.30000001192092896,0.30000001192092896,-0.30000001192092896,-0.299757626525238
1.2999999523162842,0.3918118462170105,-0.30000001192092896,0.3103092908859253,0.38547008389767456,-0.30000001192092896,-0.30000001192092896,-0.30000001192092896,-0.30000001192092896,-0.30000001192092896,-0.30000001192092896,0.30000001192092896,-0.30000001192092896,0.30000001192092896,-0.30000001192092896,-0.29987050252523806
1.2999999523162842,1.0270607032170105,-0.30000001192092896,0.3103092908859253,0.3769230758976746,-0.30000001192092896,-0.30000001192092896,-0.30000001192092896,-0.30000001192092896,-0.30000001192092896,-0.30000001192092896,0.30000001192092896,-0.295850633920929,0.981370357920929,-0.30000001192092896,-0.29975540952523805
0.2999999523162842,0.3033361872170105,-0.22702281992092896,0.3000000128859253,0.3512820498976746,0.699999988079071,-0.30000001192092896,-0.30000001192092896,0.699999988079071,-0.22929294092092894,0.07344397107907102,0.30000001192092896,-0.30000001192092896,0.30000001192092896,-0.03333334492092893,-0.29665543552523804
1.2999999523162842,0.4517979122170105,-0.30000001192092896,0.3103092908859253,0.5051282038976745,-0.30000001192092896,-0.30000001192092896,-0.30000001192092896,-0.30000001192092896,-0.30000001192092896,-0.30000001192092896,0.30000001192092896,-0.30000001192092896,0.30000001192092896,-0.30000001192092896,-0.29925622852523803
1.2999999523162842,0.3312071992170105,-0.30000001192092896,0.3103092908859253,0.34273504189767456,-0.30000001192092896,-0.25967743092092893,-0.24949496092092896,-0.30000001192092896,-0.30000001192092896,-0.30000001192092896,0.39625669592092894,0.29751036107907103,1.112000005920929,-0.30000001192092896,-0.21276478452523803
1.2999999523162842,0.3018397162170105,-0.30000001192092896,0.3103092908859253,0.3512820498976746,-0.30000001192092896,-0.25967743092092893,-0.24949496092092896,-0.30000001192092896,-0.30000001192092896,-0.30000001192092896,0.39625669592092894,0.29751036107907103,1.028334791920929,-0.30000001192092896,-0.25052994752523805
1.2999999523162842,0.5120808482170105,-0.30000001192092896,0.3103092908859253,0.5136752128976746,-0.30000001192092896,-0.30000001192092896,-0.30000001192092896,-0.30000001192092896,-0.30000001192092896,-0.30000001192092896,0.30000001192092896,-0.295850633920929,0.869510518920929,-0.30000001192092896,-0.29932275652523804
1.2999999523162842,0.5126867062170105,-0.30000001192092896,0.3103092908859253,0.5222222208976746,-0.30000001192092896,-0.30000001192092896,-0.30000001192092896,-0.30000001192092896,-0.30000001192092896,-0.30000001192092896,0.30000001192092896,-0.30000001192092896,0.30000001192092896,-0.30000001192092896,-0.29990088312523805
0.2999999523162842,0.3054627512170105,-0.16722553792092895,0.3000000128859253,0.33418803289767457,0.699999988079071,-0.30000001192092896,-0.30000001192092896,0.699999988079071,-0.24949496092092896,0.01535268507907106,0.30000001192092896,-0.30000001192092896,0.30000001192092896,-0.03333334492092893,-0.29711381252523805
1.2999999523162842,0.3315334542170105,-0.30000001192092896,0.3103092908859253,0.34273504189767456,-0.30000001192092896,-0.25967743092092893,-0.28989900192092893,-0.30000001192092896,-0.30000001192092896,-0.30000001192092896,0.7812834339209289,0.027800818079071032,0.915058009920929,-0.30000001192092896,-0.24857890952523803
1.2999999523162842,0.3924167962170105,-0.30000001192092896,0.3103092908859253,0.3598290588976746,-0.30000001192092896,-0.22741936692092896,-0.28989900192092893,-0.30000001192092896,-0.30000001192092896,-0.30000001192092896,0.919652417920929,-0.08423237692092894,0.7509791739209289,-0.30000001192092896,-0.25084418052523805
1.2999999523162842,0.4820908442170105,-0.30000001192092896,0.3103092908859253,0.5222222208976746,-0.30000001192092896,-0.30000001192092896,-0.30000001192092896,-0.30000001192092896,-0.30000001192092896,-0.30000001192092896,0.30000001192092896,-0.30000001192092896,0.30000001192092896,-0.30000001192092896,-0.299900661325238
1.2999999523162842,0.3351425542170105,-0.30000001192092896,0.3103092908859253,0.3512820498976746,-0.30000001192092896,-0.25967743092092893,-0.28989900192092893,-0.30000001192092896,-0.30000001192092896,-0.30000001192092896,0.7812834339209289,-0.30000001192092896,0.30000001192092896,-0.30000001192092896,-0.299842116525238
1.2999999523162842,0.5432825682170105,-0.30000001192092896,0.3103092908859253,0.5222222208976746,-0.30000001192092896,-0.30000001192092896,-0.30000001192092896,-0.30000001192092896,-0.30000001192092896,-0.30000001192092896,0.30000001192092896,-0.30000001192092896,0.30000001192092896,-0.30000001192092896,-0.29939970752523803
1.2999999523162842,0.4233225552170105,-0.30000001192092896,0.3103092908859253,0.5136752128976746,-0.30000001192092896,-0.30000001192092896,-0.30000001192092896,-0.30000001192092896,-0.30000001192092896,-0.30000001192092896,0.30000001192092896,-0.295850633920929,0.751065240920929,-0.30000001192092896,-0.299073720525238
1.2999999523162842,0.5132662102170105,-0.30000001192092896,0.3103092908859253,0.5136752128976746,-0.30000001192092896,-0.30000001192092896,-0.30000001192092896,-0.30000001192092896,-0.30000001192092896,-0.30000001192092896,0.30000001192092896,-0.30000001192092896,0.30000001192092896,-0.30000001192092896,-0.299793551525238
1.2999999523162842,0.4239005442170105,-0.30000001192092896,0.3103092908859253,0.5222222208976746,-0.30000001192092896,-0.30000001192092896,-0.30000001192092896,-0.30000001192092896,-0.30000001192092896,-0.30000001192092896,0.30000001192092896,-0.30000001192092896,0.30000001192092896,-0.30000001192092896,-0.29903846152523805
1.2999999523162842,0.5435839832170105,-0.30000001192092896,0.3103092908859253,0.5222222208976746,-0.30000001192092896,-0.30000001192092896,-0.30000001192092896,-0.30000001192092896,-0.30000001192092896,-0.30000001192092896,0.30000001192092896,-0.29170125692092896,0.755274616920929,-0.30000001192092896,-0.29885684052523803
1.2999999523162842,0.4221108382170105,-0.30000001192092896,0.3103092908859253,0.4025641018976746,-0.30000001192092896,-0.29193549592092893,-0.28989900192092893,-0.30000001192092896,-0.30000001192092896,-0.30000001192092896,0.4610962689209289,-0.30000001192092896,0.30000001192092896,-0.30000001192092896,-0.27218097252523804
1.2999999523162842,0.5738784302170106,-0.30000001192092896,0.3103092908859253,0.5222222208976746,-0.30000001192092896,-0.30000001192092896,-0.30000001192092896,-0.30000001192092896,-0.30000001192092896,-0.30000001192092896,0.30000001192092896,-0.30000001192092896,0.30000001192092896,-0.30000001192092896,-0.29990088312523805
1.2999999523162842,0.4521008412170105,-0.30000001192092896,0.3103092908859253,0.5222222208976746,-0.30000001192092896,-0.30000001192092896,-0.30000001192092896,-0.30000001192092896,-0.30000001192092896,-0.30000001192092896,0.30000001192092896,-0.30000001192092896,0.30000001192092896,-0.30000001192092896,-0.29990043962523805
1.2999999523162842,0.3608942732170105,-0.30000001192092896,0.3103092908859253,0.3683760668976746,-0.30000001192092896,-0.19516130192092895,-0.28989900192092893,-0.30000001192092896,-0.30000001192092896,-0.30000001192092896,0.986497337920929,-0.12572615292092895,0.713624865920929,-0.30000001192092896,-0.251085232525238
1.2999999523162842,0.4221108382170105,-0.30000001192092896,0.3103092908859253,0.5222222208976746,-0.30000001192092896,-0.30000001192092896,-0.30000001192092896,-0.30000001192092896,-0.30000001192092896,-0.30000001192092896,0.30000001192092896,-0.295850633920929,0.8156024129209289,-0.30000001192092896,-0.29889431752523804
1.2999999523162842,0.4823637842170105,-0.30000001192092896,0.3103092908859253,0.5222222208976746,-0.30000001192092896,-0.30000001192092896,-0.30000001192092896,-0.30000001192092896,-0.30000001192092896,-0.30000001192092896,0.30000001192092896,-0.30000001192092896,0.30000001192092896,-0.30000001192092896,-0.29990132662523805
1.2999999523162842,1.1182424302170104,-0.30000001192092896,0.3103092908859253,0.3769230758976746,-0.30000001192092896,-0.30000001192092896,-0.30000001192092896,-0.30000001192092896,-0.30000001192092896,-0.30000001192092896,0.30000001192092896,-0.30000001192092896,0.30000001192092896,-0.30000001192092896,-0.29979310852523805
1.2999999523162842,0.4212020502170105,-0.30000001192092896,0.3103092908859253,0.5222222208976746,-0.30000001192092896,-0.30000001192092896,-0.30000001192092896,-0.30000001192092896,-0.30000001192092896,-0.30000001192092896,0.30000001192092896,-0.30000001192092896,0.30000001192092896,-0.30000001192092896,-0.298966611525238
1.2999999523162842,0.3030387102170105,-0.30000001192092896,0.3103092908859253,0.33418803289767457,-0.30000001192092896,-0.25161291492092897,-0.28989900192092893,-0.30000001192092896,-0.30000001192092896,-0.30000001192092896,0.825401081920929,-0.04688797892092894,1.173585533920929,-0.30000001192092896,-0.25644981152523805
1.2999999523162842,0.3000269869170105,-0.30000001192092896,0.44432990988592536,0.2999999988976746,-0.30000001192092896,-0.30000001192092896,-0.30000001192092896,0.699999988079071,-0.30000001192092896,-0.30000001192092896,0.4029411879209289,-0.24605810292092894,0.979299344920929,-0.30000001192092896,-0.25624024952523805
1.2999999523162842,0.4212020502170105,-0.30000001192092896,0.3103092908859253,0.5136752128976746,-0.30000001192092896,-0.30000001192092896,-0.30000001192092896,-0.30000001192092896,-0.30000001192092896,-0.30000001192092896,0.30000001192092896,-0.29170125692092896,0.8920587219209289,-0.30000001192092896,-0.29882135852523806
1.2999999523162842,0.30304295121701047,-0.30000001192092896,0.3103092908859253,0.3512820498976746,-0.30000001192092896,-0.13064517292092895,-0.28989900192092893,-0.30000001192092896,-0.30000001192092896,-0.30000001192092896,1.072058835920929,-0.30000001192092896,0.30000001192092896,-0.30000001192092896,-0.29983945552523805
1.2999999523162842,0.4217973062170105,-0.30000001192092896,0.3103092908859253,0.33418803289767457,-0.30000001192092896,-0.29193549592092893,-0.28989900192092893,-0.30000001192092896,-0.30000001192092896,-0.30000001192092896,0.4610962689209289,0.699999988079071,1.014219106920929,-0.30000001192092896,-0.26826669852523805
1.2999999523162842,0.5120532812170104,-0.30000001192092896,1.1144330028859253,0.5393162378976746,-0.30000001192092896,-0.30000001192092896,-0.30000001192092896,-0.30000001192092896,-0.30000001192092896,-0.30000001192092896,0.30000001192092896,-0.24605810292092894,1.088932179920929,-0.30000001192092896,-0.294977826525238
1.2999999523162842,0.4214922562170105,-0.30000001192092896,0.3103092908859253,0.33418803289767457,-0.30000001192092896,-0.25967743092092893,-0.24949496092092896,-0.30000001192092896,-0.30000001192092896,-0.30000001192092896,0.39625669592092894,0.29751036107907103,1.020383467920929,-0.30000001192092896,-0.25345783552523804
1.2999999523162842,0.3303220402170105,-0.30000001192092896,0.7123711468859253,0.5393162378976746,-0.30000001192092896,-0.30000001192092896,-0.30000001192092896,0.699999988079071,-0.30000001192092896,-0.30000001192092896,0.5747326319209289,-0.24605810292092894,0.808402569920929,-0.30000001192092896,-0.278303967525238
1.2999999523162842,0.3930296222170105,-0.30000001192092896,0.3103092908859253,0.3683760668976746,-0.30000001192092896,-0.25161291492092897,-0.28989900192092893,-0.30000001192092896,-0.30000001192092896,-0.30000001192092896,0.825401081920929,-0.30000001192092896,0.30000001192092896,-0.30000001192092896,-0.299856087525238
1.2999999523162842,0.3612014442170105,-0.30000001192092896,0.3103092908859253,0.4111111098976746,-0.30000001192092896,-0.30000001192092896,-0.30000001192092896,0.699999988079071,-0.30000001192092896,-0.30000001192092896,0.30000001192092896,-0.30000001192092896,0.30000001192092896,-0.30000001192092896,-0.29987050252523806
1.2999999523162842,0.3045439662170105,-0.30000001192092896,0.3103092908859253,0.33418803289767457,-0.30000001192092896,-0.05806452792092895,-0.28989900192092893,-0.30000001192092896,-0.30000001192092896,-0.30000001192092896,1.122192524920929,-0.30000001192092896,0.30000001192092896,-0.30000001192092896,-0.29983945552523805
1.2999999523162842,0.4820832712170105,-0.30000001192092896,0.3103092908859253,0.5136752128976746,-0.30000001192092896,-0.30000001192092896,-0.30000001192092896,-0.30000001192092896,-0.30000001192092896,-0.30000001192092896,0.30000001192092896,-0.30000001192092896,0.30000001192092896,-0.30000001192092896,-0.291272229525238
1.2999999523162842,0.3318303252170105,-0.30000001192092896,0.3103092908859253,0.3085470078976746,-0.30000001192092896,-0.025806463920928946,-0.28989900192092893,-0.30000001192092896,-0.30000001192092896,-0.30000001192092896,1.1409091029209288,-0.22946059292092896,0.9714153699209289,-0.30000001192092896,-0.251909290525238
1.2999999523162842,0.45270518521701053,-0.30000001192092896,0.3103092908859253,0.4367521358976746,-0.30000001192092896,-0.29193549592092893,-0.28989900192092893,-0.30000001192092896,-0.30000001192092896,-0.30000001192092896,0.4610962689209289,-0.30000001192092896,0.30000001192092896,-0.30000001192092896,-0.29989644752523803
1.2999999523162842,0.3321408282170105,-0.30000001192092896,0.3103092908859253,0.3683760668976746,-0.30000001192092896,-0.19516130192092895,-0.28989900192092893,-0.30000001192092896,-0.30000001192092896,-0.30000001192092896,0.9169786219209289,-0.11742739792092896,1.0424097209209289,-0.30000001192092896,-0.25549646852523805
1.2999999523162842,0.4217839772170105,-0.30000001192092896,0.3103092908859253,0.5222222208976746,-0.30000001192092896,-0.30000001192092896,-0.30000001192092896,-0.30000001192092896,-0.30000001192092896,-0.30000001192092896,0.30000001192092896,-0.30000001192092896,0.30000001192092896,-0.30000001192092896,-0.299256450525238
1.2999999523162842,0.4524037702170105,-0.30000001192092896,0.3103092908859253,0.5136752128976746,-0.30000001192092896,-0.30000001192092896,-0.30000001192092896,-0.30000001192092896,-0.30000001192092896,-0.30000001192092896,0.30000001192092896,-0.30000001192092896,0.30000001192092896,-0.30000001192092896,-0.29989644752523803
1.2999999523162842,0.3312090172170105,-0.30000001192092896,0.3103092908859253,0.33418803289767457,-0.30000001192092896,-0.12258065692092895,-0.07777778992092896,-0.30000001192092896,-0.30000001192092896,-0.30000001192092896,0.30000001192092896,-0.30000001192092896,0.30000001192092896,-0.30000001192092896,-0.292956934525238
1.2999999523162842,0.3042437632170105,-0.30000001192092896,0.3103092908859253,0.3256410248976746,-0.30000001192092896,-0.17096775392092894,-0.28989900192092893,-0.30000001192092896,-0.30000001192092896,-0.30000001192092896,1.0272727389209289,-0.13817428592092895,1.088932179920929,-0.30000001192092896,-0.24770761752523804
1.2999999523162842,0.3621226522170105,-0.30000001192092896,0.4752577448859253,0.5393162378976746,-0.30000001192092896,-0.30000001192092896,-0.30000001192092896,-0.30000001192092896,-0.30000001192092896,-0.30000001192092896,0.30000001192092896,-0.24605810292092894,0.973676295920929,-0.30000001192092896,-0.28577015952523804
0.2999999523162842,0.3006119432170105,-0.17685854992092898,0.3000000128859253,0.3512820498976746,0.699999988079071,-0.30000001192092896,-0.30000001192092896,0.699999988079071,-0.15858587092092896,-0.09668050992092894,0.30000001192092896,-0.30000001192092896,0.30000001192092896,-0.23333334492092894,-0.29810108452523804
1.2999999523162842,0.3006189112170105,-0.30000001192092896,0.3103092908859253,0.3598290588976746,-0.30000001192092896,-0.14677420592092896,-0.28989900192092893,-0.30000001192092896,-0.30000001192092896,-0.30000001192092896,1.062032097920929,-0.20041494992092895,1.046923599920929,-0.30000001192092896,-0.24987841852523804
1.2999999523162842,0.4820908442170105,-0.30000001192092896,0.3103092908859253,0.5136752128976746,-0.30000001192092896,-0.30000001192092896,-0.30000001192092896,-0.30000001192092896,-0.30000001192092896,-0.30000001192092896,0.30000001192092896,-0.295850633920929,0.856131456920929,-0.30000001192092896,-0.299279513525238
1.2999999523162842,0.5735467232170105,-0.30000001192092896,0.3103092908859253,0.5222222208976746,-0.30000001192092896,-0.30000001192092896,-0.30000001192092896,-0.30000001192092896,-0.30000001192092896,-0.30000001192092896,0.30000001192092896,-0.30000001192092896,0.30000001192092896,-0.30000001192092896,-0.29990088312523805
1.2999999523162842,0.4530096292170105,-0.30000001192092896,0.3103092908859253,0.5222222208976746,-0.30000001192092896,-0.30000001192092896,-0.30000001192092896,-0.30000001192092896,-0.30000001192092896,-0.30000001192092896,0.30000001192092896,-0.30000001192092896,0.30000001192092896,-0.30000001192092896,-0.299468008525238
1.2999999523162842,0.5120808482170105,-0.30000001192092896,0.3103092908859253,0.3769230758976746,-0.30000001192092896,-0.30000001192092896,-0.30000001192092896,-0.30000001192092896,-0.30000001192092896,-0.30000001192092896,0.30000001192092896,-0.30000001192092896,0.30000001192092896,-0.30000001192092896,-0.29990465302523805
1.2999999523162842,0.4521008412170105,-0.30000001192092896,0.3103092908859253,0.5307692298976746,-0.30000001192092896,-0.30000001192092896,-0.30000001192092896,-0.30000001192092896,-0.30000001192092896,-0.30000001192092896,0.30000001192092896,-0.30000001192092896,0.30000001192092896,-0.30000001192092896,-0.29126845952523805
1.2999999523162842,0.4524037702170105,-0.30000001192092896,0.3103092908859253,0.5222222208976746,-0.30000001192092896,-0.30000001192092896,-0.30000001192092896,-0.30000001192092896,-0.30000001192092896,-0.30000001192092896,0.30000001192092896,-0.295850633920929,1.077492108920929,-0.30000001192092896,-0.298777894525238
1.2999999523162842,0.3348523482170105,-0.30000001192092896,0.3103092908859253,0.3512820498976746,-0.30000001192092896,-0.14677420592092896,-0.10808081992092897,-0.30000001192092896,-0.30000001192092896,-0.30000001192092896,0.30000001192092896,-0.30000001192092896,0.30000001192092896,-0.30000001192092896,-0.29984167352523805
1.2999999523162842,0.3618279022170105,-0.30000001192092896,0.3103092908859253,0.4794871778976746,-0.30000001192092896,-0.30000001192092896,-0.30000001192092896,-0.30000001192092896,-0.30000001192092896,-0.30000001192092896,0.30000001192092896,-0.30000001192092896,0.30000001192092896,-0.30000001192092896,-0.29328070352523805
1.2999999523162842,0.6029596462170105,-0.30000001192092896,0.3103092908859253,0.3769230758976746,-0.30000001192092896,-0.30000001192092896,-0.30000001192092896,-0.30000001192092896,-0.30000001192092896,-0.30000001192092896,0.30000001192092896,-0.30000001192092896,0.30000001192092896,-0.30000001192092896,-0.29990487482523803
1.2999999523162842,0.4514674162170105,-0.30000001192092896,0.7020618688859253,0.5393162378976746,-0.30000001192092896,-0.30000001192092896,-0.30000001192092896,-0.30000001192092896,-0.30000001192092896,-0.30000001192092896,0.30000001192092896,-0.24605810292092894,1.088932179920929,-0.30000001192092896,-0.29509602452523803
1.2999999523162842,0.4542213462170105,-0.30000001192092896,0.3103092908859253,0.5307692298976746,-0.30000001192092896,-0.30000001192092896,-0.30000001192092896,-0.30000001192092896,-0.30000001192092896,-0.30000001192092896,0.30000001192092896,-0.29170125692092896,0.9734403289209289,-0.30000001192092896,-0.29913581352523805
1.2999999523162842,0.3021496132170105,-0.30000001192092896,0.3103092908859253,0.3598290588976746,-0.30000001192092896,-0.24354839892092894,-0.28989900192092893,-0.30000001192092896,-0.30000001192092896,-0.30000001192092896,0.861497337920929,-0.08838175492092895,0.748362389920929,-0.30000001192092896,-0.24970322952523805
1.2999999523162842,0.45299751221701046,-0.30000001192092896,0.3103092908859253,0.5222222208976746,-0.30000001192092896,-0.29193549592092893,-0.28989900192092893,-0.30000001192092896,-0.30000001192092896,-0.30000001192092896,0.4610962689209289,-0.30000001192092896,0.30000001192092896,-0.30000001192092896,-0.299894673525238
1.2999999523162842,0.3015434512170105,-0.30000001192092896,0.3103092908859253,0.33418803289767457,-0.30000001192092896,-0.22741936692092896,-0.20909092092092896,-0.30000001192092896,-0.30000001192092896,-0.30000001192092896,0.30000001192092896,-0.30000001192092896,0.30000001192092896,-0.30000001192092896,-0.299837238525238
1.2999999523162842,0.4224137672170105,-0.30000001192092896,0.3103092908859253,0.5136752128976746,-0.30000001192092896,-0.30000001192092896,-0.30000001192092896,-0.30000001192092896,-0.30000001192092896,-0.30000001192092896,0.30000001192092896,-0.30000001192092896,0.30000001192092896,-0.30000001192092896,-0.299181274525238
1.2999999523162842,0.4817879152170105,-0.30000001192092896,0.3103092908859253,0.5222222208976746,-0.30000001192092896,-0.30000001192092896,-0.30000001192092896,-0.30000001192092896,-0.30000001192092896,-0.30000001192092896,0.30000001192092896,-0.30000001192092896,0.30000001192092896,-0.30000001192092896,-0.29990088312523805
1.2999999523162842,0.42150497921701047,-0.30000001192092896,0.3103092908859253,0.5222222208976746,-0.30000001192092896,-0.30000001192092896,-0.30000001192092896,-0.30000001192092896,-0.30000001192092896,-0.30000001192092896,0.30000001192092896,-0.295850633920929,0.905518600920929,-0.30000001192092896,-0.299501272525238
1.2999999523162842,0.3000269869170105,-0.30000001192092896,0.3103092908859253,0.2999999988976746,-0.30000001192092896,-0.025806463920928946,-0.28989900192092893,-0.30000001192092896,-0.30000001192092896,-0.30000001192092896,1.1409091029209288,-0.30000001192092896,0.30000001192092896,-0.30000001192092896,-0.299948561325238
1.2999999523162842,0.3045463892170105,-0.30000001192092896,0.3103092908859253,0.3256410248976746,-0.30000001192092896,-0.17096775392092894,-0.13838384992092895,-0.30000001192092896,-0.30000001192092896,-0.30000001192092896,1.0272727389209289,-0.01784233592092893,0.856131456920929,-0.30000001192092896,-0.24701240152523804
1.2999999523162842,0.3612220432170105,-0.30000001192092896,0.3103092908859253,0.3256410248976746,-0.30000001192092896,-0.24354839892092894,-0.22929294092092894,-0.30000001192092896,-0.30000001192092896,-0.30000001192092896,0.30000001192092896,-0.30000001192092896,0.30000001192092896,-0.30000001192092896,-0.285173183525238
1.2999999523162842,0.3024498152170105,-0.30000001192092896,0.3103092908859253,0.34273504189767456,-0.30000001192092896,-0.21935485092092893,-0.28989900192092893,-0.30000001192092896,-0.30000001192092896,-0.30000001192092896,0.9417112419209289,-0.11327801992092895,0.7354971079209289,-0.30000001192092896,-0.25213570652523803
1.2999999523162842,0.42180790821701053,-0.30000001192092896,0.3103092908859253,0.4282051268976746,-0.30000001192092896,-0.29193549592092893,-0.28989900192092893,-0.30000001192092896,-0.30000001192092896,-0.30000001192092896,0.460427818920929,-0.30000001192092896,0.30000001192092896,-0.30000001192092896,-0.270270737525238
1.2999999523162842,0.4520844832170105,-0.30000001192092896,0.3103092908859253,0.4282051268976746,-0.30000001192092896,-0.30000001192092896,-0.30000001192092896,-0.30000001192092896,-0.30000001192092896,-0.30000001192092896,0.30000001192092896,-0.30000001192092896,0.30000001192092896,-0.30000001192092896,-0.27190931752523806
1.2999999523162842,0.4517979122170105,-0.30000001192092896,0.3103092908859253,0.5222222208976746,-0.30000001192092896,-0.30000001192092896,-0.30000001192092896,-0.30000001192092896,-0.30000001192092896,-0.30000001192092896,0.30000001192092896,-0.30000001192092896,0.30000001192092896,-0.30000001192092896,-0.29922052552523803
1.2999999523162842,0.42271669621701047,-0.30000001192092896,0.3103092908859253,0.5222222208976746,-0.30000001192092896,-0.30000001192092896,-0.30000001192092896,-0.30000001192092896,-0.30000001192092896,-0.30000001192092896,0.30000001192092896,-0.30000001192092896,0.30000001192092896,-0.30000001192092896,-0.29990132662523805
1.2999999523162842,0.3303068932170105,-0.30000001192092896,0.3103092908859253,0.3256410248976746,-0.30000001192092896,-0.08225807692092896,-0.027272738920928963,-0.30000001192092896,-0.30000001192092896,-0.30000001192092896,0.30000001192092896,-0.30000001192092896,0.30000001192092896,-0.30000001192092896,-0.29983923452523803
1.2999999523162842,0.3339496192170105,-0.30000001192092896,0.3103092908859253,0.3170940158976746,-0.30000001192092896,0.0064516010790710565,-0.28989900192092893,-0.30000001192092896,-0.30000001192092896,-0.30000001192092896,1.138235305920929,-0.30000001192092896,0.30000001192092896,-0.30000001192092896,-0.299843003525238
1.2999999523162842,0.3012187112170105,-0.30000001192092896,0.3103092908859253,0.33418803289767457,-0.30000001192092896,-0.14677420592092896,-0.10808081992092897,-0.30000001192092896,-0.30000001192092896,-0.30000001192092896,0.30000001192092896,-0.30000001192092896,0.30000001192092896,-0.30000001192092896,-0.29984056452523805
1.2999999523162842,0.48176186321701053,-0.30000001192092896,0.3103092908859253,0.5136752128976746,-0.30000001192092896,-0.30000001192092896,-0.30000001192092896,-0.30000001192092896,-0.30000001192092896,-0.30000001192092896,0.30000001192092896,-0.30000001192092896,0.30000001192092896,-0.30000001192092896,-0.29939992852523806
1.2999999523162842,0.3633425482170105,-0.30000001192092896,0.3103092908859253,0.5136752128976746,-0.30000001192092896,-0.30000001192092896,-0.30000001192092896,-0.30000001192092896,-0.30000001192092896,-0.30000001192092896,0.30000001192092896,-0.30000001192092896,0.30000001192092896,-0.30000001192092896,-0.299870945525238
1.2999999523162842,0.5429796392170105,-0.30000001192092896,0.3103092908859253,0.5222222208976746,-0.30000001192092896,-0.30000001192092896,-0.30000001192092896,-0.30000001192092896,-0.30000001192092896,-0.30000001192092896,0.30000001192092896,-0.29170125692092896,1.028334791920929,-0.30000001192092896,-0.299344932525238
1.2999999523162842,0.5426767102170105,-0.30000001192092896,0.3103092908859253,0.5222222208976746,-0.30000001192092896,-0.30000001192092896,-0.30000001192092896,-0.30000001192092896,-0.30000001192092896,-0.30000001192092896,0.30000001192092896,-0.30000001192092896,0.30000001192092896,-0.30000001192092896,-0.299900661325238
1.2999999523162842,0.4832771152170105,-0.30000001192092896,0.3103092908859253,0.5222222208976746,-0.30000001192092896,-0.30000001192092896,-0.30000001192092896,-0.30000001192092896,-0.30000001192092896,-0.30000001192092896,0.30000001192092896,-0.30000001192092896,0.30000001192092896,-0.30000001192092896,-0.29939992852523806
1.2999999523162842,0.3918179052170105,-0.30000001192092896,0.3103092908859253,0.5307692298976746,-0.30000001192092896,-0.30000001192092896,-0.30000001192092896,-0.30000001192092896,-0.30000001192092896,-0.30000001192092896,0.30000001192092896,-0.29170125692092896,0.979165439920929,-0.30000001192092896,-0.298788094525238
1.2999999523162842,0.3330220492170105,-0.30000001192092896,0.3103092908859253,0.34273504189767456,-0.30000001192092896,-0.17903226992092897,-0.28989900192092893,-0.30000001192092896,-0.30000001192092896,-0.30000001192092896,1.021925145920929,-0.11742739792092896,1.088932179920929,-0.30000001192092896,-0.24831612452523805
1.2999999523162842,0.4214795332170105,-0.30000001192092896,0.5061855798859253,0.5393162378976746,-0.30000001192092896,-0.30000001192092896,-0.30000001192092896,-0.30000001192092896,-0.30000001192092896,-0.30000001192092896,0.30000001192092896,-0.24605810292092894,0.572031290920929,-0.30000001192092896,-0.295157895525238
1.2999999523162842,0.3624337602170105,-0.30000001192092896,0.3103092908859253,0.3598290588976746,-0.30000001192092896,-0.25967743092092893,-0.28989900192092893,-0.30000001192092896,-0.30000001192092896,-0.30000001192092896,0.7812834339209289,-0.30000001192092896,0.30000001192092896,-0.30000001192092896,-0.299856087525238
1.2999999523162842,0.5123619662170105,-0.30000001192092896,0.3103092908859253,0.5222222208976746,-0.30000001192092896,-0.30000001192092896,-0.30000001192092896,-0.30000001192092896,-0.30000001192092896,-0.30000001192092896,0.30000001192092896,-0.30000001192092896,0.30000001192092896,-0.30000001192092896,-0.29914956252523806
1.2999999523162842,0.33091517521701047,-0.30000001192092896,0.3412371258859253,0.5051282038976745,-0.30000001192092896,-0.30000001192092896,-0.30000001192092896,-0.30000001192092896,-0.30000001192092896,-0.30000001192092896,0.30000001192092896,-0.24605810292092894,1.003730975920929,-0.30000001192092896,-0.29143233952523806
1.2999999523162842,0.3621308312170105,-0.30000001192092896,0.3103092908859253,0.5222222208976746,-0.30000001192092896,-0.30000001192092896,-0.30000001192092896,-0.30000001192092896,-0.30000001192092896,-0.30000001192092896,0.30000001192092896,-0.30000001192092896,0.30000001192092896,-0.30000001192092896,-0.285113752525238
1.2999999523162842,0.33244012221701047,-0.30000001192092896,0.48556702288592535,0.5393162378976746,-0.30000001192092896,-0.30000001192092896,-0.30000001192092896,0.699999988079071,-0.30000001192092896,-0.30000001192092896,0.3848930599209289,-0.24605810292092894,0.7381502899209289,-0.30000001192092896,-0.24205785552523804
1.2999999523162842,0.5432825682170105,-0.30000001192092896,0.3103092908859253,0.5222222208976746,-0.30000001192092896,-0.30000001192092896,-0.30000001192092896,-0.30000001192092896,-0.30000001192092896,-0.30000001192092896,0.30000001192092896,-0.295850633920929,0.9747591699209289,-0.30000001192092896,-0.29922052552523803
1.2999999523162842,0.4517909442170105,-0.30000001192092896,0.3103092908859253,0.5222222208976746,-0.30000001192092896,-0.30000001192092896,-0.30000001192092896,-0.30000001192092896,-0.30000001192092896,-0.30000001192092896,0.30000001192092896,-0.30000001192092896,0.30000001192092896,-0.30000001192092896,-0.29918260452523804
1.2999999523162842,0.4233225552170105,-0.30000001192092896,0.3103092908859253,0.4965811958976746,-0.30000001192092896,-0.30000001192092896,-0.30000001192092896,-0.30000001192092896,-0.30000001192092896,-0.30000001192092896,0.30000001192092896,-0.295850633920929,0.976949329920929,-0.30000001192092896,-0.299073720525238
1.2999999523162842,0.5438884272170105,-0.30000001192092896,0.3103092908859253,0.4965811958976746,-0.30000001192092896,-0.30000001192092896,-0.30000001192092896,-0.30000001192092896,-0.30000001192092896,-0.30000001192092896,0.30000001192092896,-0.30000001192092896,0.30000001192092896,-0.30000001192092896,-0.299668035525238
1.2999999523162842,0.3609103292170105,-0.30000001192092896,0.3103092908859253,0.2999999988976746,-0.30000001192092896,-0.30000001192092896,-0.30000001192092896,-0.30000001192092896,-0.30000001192092896,-0.30000001192092896,0.30000001192092896,-0.29170125692092896,0.891385137920929,-0.30000001192092896,-0.29876104052523805
1.2999999523162842,0.3618263872170105,-0.30000001192092896,0.5164948578859253,0.5393162378976746,-0.30000001192092896,-0.30000001192092896,-0.30000001192092896,-0.30000001192092896,-0.30000001192092896,-0.30000001192092896,0.30000001192092896,-0.24605810292092894,0.7939963459209289,-0.30000001192092896,-0.28585065852523805
1.2999999523162842,0.3330256842170105,-0.30000001192092896,0.3103092908859253,0.38547008389767456,-0.30000001192092896,-0.23548388292092895,-0.21919193092092895,-0.30000001192092896,-0.30000001192092896,-0.30000001192092896,0.30000001192092896,-0.30000001192092896,0.30000001192092896,-0.30000001192092896,-0.29984167352523805
1.2999999523162842,0.3927266932170105,-0.30000001192092896,0.3103092908859253,0.5222222208976746,-0.30000001192092896,-0.30000001192092896,-0.30000001192092896,-0.30000001192092896,-0.30000001192092896,-0.30000001192092896,0.30000001192092896,-0.295850633920929,0.897441642920929,-0.30000001192092896,-0.298583632525238
1.2999999523162842,0.3351631532170105,-0.30000001192092896,0.3103092908859253,0.33418803289767457,-0.30000001192092896,-0.15483872192092896,-0.28989900192092893,-0.30000001192092896,-0.30000001192092896,-0.30000001192092896,1.0459893169209291,-0.30000001192092896,0.30000001192092896,-0.30000001192092896,-0.299844334525238
1.2999999523162842,0.4517748892170105,-0.30000001192092896,0.3103092908859253,0.3769230758976746,-0.30000001192092896,-0.30000001192092896,-0.30000001192092896,-0.30000001192092896,-0.30000001192092896,-0.30000001192092896,0.30000001192092896,-0.30000001192092896,0.30000001192092896,-0.30000001192092896,-0.29985165252523804
1.2999999523162842,0.3051764822170105,-0.30000001192092896,0.3103092908859253,0.3598290588976746,-0.30000001192092896,-0.21935485092092893,-0.28989900192092893,-0.30000001192092896,-0.30000001192092896,-0.30000001192092896,0.9417112419209289,-0.14232366292092896,0.7381502899209289,-0.30000001192092896,-0.253095480525238
1.2999999523162842,0.5120808482170105,-0.30000001192092896,0.3103092908859253,0.5222222208976746,-0.30000001192092896,-0.30000001192092896,-0.30000001192092896,-0.30000001192092896,-0.30000001192092896,-0.30000001192092896,0.30000001192092896,-0.29170125692092896,1.1746556309209288,-0.30000001192092896,-0.29957267952523803
1.2999999523162842,0.4224137672170105,-0.30000001192092896,0.3103092908859253,0.5051282038976745,-0.30000001192092896,-0.30000001192092896,-0.30000001192092896,-0.30000001192092896,-0.30000001192092896,-0.30000001192092896,0.30000001192092896,-0.30000001192092896,0.30000001192092896,-0.30000001192092896,-0.299895782525238
1.2999999523162842,0.8456060362170105,-0.30000001192092896,0.3103092908859253,0.3769230758976746,-0.30000001192092896,-0.30000001192092896,-0.30000001192092896,-0.30000001192092896,-0.30000001192092896,-0.30000001192092896,0.30000001192092896,-0.29170125692092896,0.765188056920929,-0.30000001192092896,-0.299797321525238
1.2999999523162842,0.3045533572170105,-0.30000001192092896,0.3103092908859253,0.3170940158976746,-0.30000001192092896,-0.25161291492092897,-0.28989900192092893,-0.30000001192092896,-0.30000001192092896,-0.30000001192092896,0.825401081920929,-0.30000001192092896,0.30000001192092896,-0.30000001192092896,-0.299841229525238
1.2999999523162842,0.42180790821701053,-0.30000001192092896,0.3103092908859253,0.3683760668976746,-0.30000001192092896,-0.26774194692092895,-0.259595971920929,-0.30000001192092896,-0.30000001192092896,-0.30000001192092896,0.30000001192092896,-0.30000001192092896,0.30000001192092896,-0.30000001192092896,-0.29986185352523803
1.2999999523162842,0.4221078082170105,-0.30000001192092896,0.3103092908859253,0.4282051268976746,-0.30000001192092896,-0.30000001192092896,-0.30000001192092896,-0.30000001192092896,-0.30000001192092896,-0.30000001192092896,0.30000001192092896,-0.30000001192092896,0.30000001192092896,-0.30000001192092896,-0.29987050252523806
1.2999999523162842,0.5435745922170105,-0.30000001192092896,0.3103092908859253,0.5222222208976746,-0.30000001192092896,-0.30000001192092896,-0.30000001192092896,-0.30000001192092896,-0.30000001192092896,-0.30000001192092896,0.30000001192092896,-0.30000001192092896,0.30000001192092896,-0.30000001192092896,-0.299901104925238
1.2999999523162842,0.4521008412170105,-0.30000001192092896,0.3103092908859253,0.5051282038976745,-0.30000001192092896,-0.30000001192092896,-0.30000001192092896,-0.30000001192092896,-0.30000001192092896,-0.30000001192092896,0.30000001192092896,-0.295850633920929,0.9792399689209289,-0.30000001192092896,-0.299279513525238
1.2999999523162842,0.3908906382170105,-0.30000001192092896,0.3103092908859253,0.3256410248976746,-0.30000001192092896,-0.18709678592092896,-0.28989900192092893,-0.30000001192092896,-0.30000001192092896,-0.30000001192092896,1.011229958920929,-0.12157677492092894,0.7712671929209289,-0.30000001192092896,-0.25036917252523805
1.2999999523162842,0.3918015472170105,-0.30000001192092896,0.3103092908859253,0.3512820498976746,-0.30000001192092896,-0.26774194692092895,-0.259595971920929,-0.30000001192092896,-0.30000001192092896,-0.30000001192092896,0.30000001192092896,-0.30000001192092896,0.30000001192092896,-0.30000001192092896,-0.29986185352523803
1.2999999523162842,0.3012250722170105,-0.30000001192092896,0.3103092908859253,0.33418803289767457,-0.30000001192092896,-0.13870968892092894,-0.28989900192092893,-0.30000001192092896,-0.30000001192092896,-0.30000001192092896,1.062032097920929,-0.30000001192092896,0.30000001192092896,-0.30000001192092896,-0.25587745152523805
1.2999999523162842,0.42271669621701047,-0.30000001192092896,0.3103092908859253,0.5222222208976746,-0.30000001192092896,-0.30000001192092896,-0.30000001192092896,-0.30000001192092896,-0.30000001192092896,-0.30000001192092896,0.30000001192092896,-0.30000001192092896,0.30000001192092896,-0.30000001192092896,-0.29990132662523805
1.2999999523162842,0.3021381012170105,-0.30000001192092896,0.3103092908859253,0.3512820498976746,-0.30000001192092896,-0.19516130192092895,-0.28989900192092893,-0.30000001192092896,-0.30000001192092896,-0.30000001192092896,0.9951871779209289,-0.12987553092092896,1.020383467920929,-0.30000001192092896,-0.24707582552523805
1.2999999523162842,0.4524037702170105,-0.30000001192092896,0.3103092908859253,0.5051282038976745,-0.30000001192092896,-0.30000001192092896,-0.30000001192092896,-0.30000001192092896,-0.30000001192092896,-0.30000001192092896,0.30000001192092896,-0.283402501920929,0.751065240920929,-0.30000001192092896,-0.299163311525238
1.2999999523162842,0.3615143702170105,-0.30000001192092896,0.4546391878859253,0.5307692298976746,-0.30000001192092896,-0.30000001192092896,-0.30000001192092896,-0.30000001192092896,-0.30000001192092896,-0.30000001192092896,0.30000001192092896,-0.24605810292092894,1.014219106920929,-0.30000001192092896,-0.25598300852523803
1.2999999523162842,0.3021229552170105,-0.30000001192092896,0.3103092908859253,0.34273504189767456,-0.30000001192092896,-0.22741936692092896,-0.20909092092092896,-0.30000001192092896,-0.30000001192092896,-0.30000001192092896,0.30000001192092896,-0.30000001192092896,0.30000001192092896,-0.30000001192092896,-0.29983923452523803
1.2999999523162842,0.5123837772170106,-0.30000001192092896,0.3103092908859253,0.5222222208976746,-0.30000001192092896,-0.30000001192092896,-0.30000001192092896,-0.30000001192092896,-0.30000001192092896,-0.30000001192092896,0.30000001192092896,-0.30000001192092896,0.30000001192092896,-0.30000001192092896,-0.299901104925238
1.2999999523162842,0.3630396192170105,-0.30000001192092896,0.3103092908859253,0.3512820498976746,-0.30000001192092896,-0.20322581792092898,-0.17878789092092895,-0.30000001192092896,-0.30000001192092896,-0.30000001192092896,0.30000001192092896,-0.30000001192092896,0.30000001192092896,-0.30000001192092896,-0.299856309525238
1.2999999523162842,0.4233225552170105,-0.30000001192092896,0.3103092908859253,0.5136752128976746,-0.30000001192092896,-0.29193549592092893,-0.28989900192092893,-0.30000001192092896,-0.30000001192092896,-0.30000001192092896,0.4610962689209289,-0.30000001192092896,0.30000001192092896,-0.30000001192092896,-0.299858970525238
1.2999999523162842,0.4533125582170105,-0.30000001192092896,0.3103092908859253,0.5136752128976746,-0.30000001192092896,-0.30000001192092896,-0.30000001192092896,-0.30000001192092896,-0.30000001192092896,-0.30000001192092896,0.30000001192092896,-0.29170125692092896,0.732241257920929,-0.30000001192092896,-0.29871846252523804
1.2999999523162842,0.4517979122170105,-0.30000001192092896,0.3103092908859253,0.5307692298976746,-0.30000001192092896,-0.30000001192092896,-0.30000001192092896,-0.30000001192092896,-0.30000001192092896,-0.30000001192092896,0.30000001192092896,-0.2875518789209289,1.077492108920929,-0.30000001192092896,-0.29863463752523806
1.2999999523162842,0.3930232612170105,-0.30000001192092896,0.3103092908859253,0.5051282038976745,-0.30000001192092896,-0.30000001192092896,-0.30000001192092896,-0.30000001192092896,-0.30000001192092896,-0.30000001192092896,0.30000001192092896,-0.295850633920929,0.8365443559209289,-0.30000001192092896,-0.29985475752523805
1.2999999523162842,0.42180790821701053,-0.30000001192092896,0.3103092908859253,0.5222222208976746,-0.30000001192092896,-0.30000001192092896,-0.30000001192092896,-0.30000001192092896,-0.30000001192092896,-0.30000001192092896,0.30000001192092896,-0.30000001192092896,0.30000001192092896,-0.30000001192092896,-0.29990132662523805
1.2999999523162842,0.4226879182170105,-0.30000001192092896,0.3103092908859253,0.5222222208976746,-0.30000001192092896,-0.30000001192092896,-0.30000001192092896,-0.30000001192092896,-0.30000001192092896,-0.30000001192092896,0.30000001192092896,-0.29170125692092896,0.9682757449209289,-0.30000001192092896,-0.29857032752523804
1.2999999523162842,0.4211914472170105,-0.30000001192092896,0.3103092908859253,0.3769230758976746,-0.30000001192092896,-0.29193549592092893,-0.28989900192092893,-0.30000001192092896,-0.30000001192092896,-0.30000001192092896,0.460427818920929,0.695850610079071,1.014219106920929,-0.30000001192092896,-0.24390001052523802
1.2999999523162842,0.3354679002170105,-0.30000001192092896,0.3103092908859253,0.33418803289767457,-0.30000001192092896,-0.16290323792092895,-0.12828283992092895,-0.30000001192092896,-0.30000001192092896,-0.30000001192092896,0.30000001192092896,-0.30000001192092896,0.30000001192092896,-0.30000001192092896,-0.29127821652523805
1.2999999523162842,0.4212020502170105,-0.30000001192092896,0.3103092908859253,0.5136752128976746,-0.30000001192092896,-0.30000001192092896,-0.30000001192092896,-0.30000001192092896,-0.30000001192092896,-0.30000001192092896,0.30000001192092896,-0.30000001192092896,0.30000001192092896,-0.30000001192092896,-0.29990088312523805
1.2999999523162842,0.5123553022170105,-0.30000001192092896,0.3103092908859253,0.5307692298976746,-0.30000001192092896,-0.30000001192092896,-0.30000001192092896,-0.30000001192092896,-0.30000001192092896,-0.30000001192092896,0.30000001192092896,-0.30000001192092896,0.30000001192092896,-0.30000001192092896,-0.299900661325238
1.2999999523162842,0.3000194137170105,-0.30000001192092896,0.4237113528859253,0.2999999988976746,-0.30000001192092896,0.17580644007907104,-0.28989900192092893,-0.30000001192092896,-0.30000001192092896,-0.30000001192092896,1.167647070920929,-0.20871370492092894,0.9188818659209289,-0.30000001192092896,-0.24869954652523804
1.2999999523162842,0.9364848342170105,-0.30000001192092896,0.3103092908859253,0.3769230758976746,-0.30000001192092896,-0.30000001192092896,-0.30000001192092896,-0.30000001192092896,-0.30000001192092896,-0.30000001192092896,0.30000001192092896,-0.29170125692092896,0.901223653920929,-0.30000001192092896,-0.29972369752523803
1.2999999523162842,0.3000160815170105,-0.30000001192092896,0.3103092908859253,0.2999999988976746,-0.30000001192092896,-0.17096775392092894,-0.28989900192092893,-0.30000001192092896,-0.30000001192092896,-0.30000001192092896,1.0272727389209289,-0.15892117392092894,1.159883051920929,-0.30000001192092896,-0.24969191952523803
1.2999999523162842,0.8153131032170104,-0.30000001192092896,0.3103092908859253,0.3769230758976746,-0.30000001192092896,-0.30000001192092896,-0.30000001192092896,-0.30000001192092896,-0.30000001192092896,-0.30000001192092896,0.30000001192092896,-0.30000001192092896,0.30000001192092896,-0.30000001192092896,-0.29973811152523805
1.2999999523162842,0.4211717572170105,-0.30000001192092896,0.3103092908859253,0.5136752128976746,-0.30000001192092896,-0.30000001192092896,-0.30000001192092896,-0.30000001192092896,-0.30000001192092896,-0.30000001192092896,0.30000001192092896,-0.29170125692092896,1.1441927509209289,-0.30000001192092896,-0.29883000752523803
1.2999999523162842,0.4517676192170105,-0.30000001192092896,0.3103092908859253,0.5222222208976746,-0.30000001192092896,-0.30000001192092896,-0.30000001192092896,-0.30000001192092896,-0.30000001192092896,-0.30000001192092896,0.30000001192092896,-0.30000001192092896,0.30000001192092896,-0.30000001192092896,-0.29934271452523803
1.2999999523162842,0.5732725722170104,-0.30000001192092896,0.3103092908859253,0.5222222208976746,-0.30000001192092896,-0.30000001192092896,-0.30000001192092896,-0.30000001192092896,-0.30000001192092896,-0.30000001192092896,0.30000001192092896,-0.30000001192092896,0.30000001192092896,-0.30000001192092896,-0.299542741525238
1.2999999523162842,0.5126867062170105,-0.30000001192092896,0.3103092908859253,0.5136752128976746,-0.30000001192092896,-0.30000001192092896,-0.30000001192092896,-0.30000001192092896,-0.30000001192092896,-0.30000001192092896,0.30000001192092896,-0.29170125692092896,0.7382474989209289,-0.30000001192092896,-0.29903580052523804
1.2999999523162842,0.5435854982170105,-0.30000001192092896,0.3103092908859253,0.5222222208976746,-0.30000001192092896,-0.30000001192092896,-0.30000001192092896,-0.30000001192092896,-0.30000001192092896,-0.30000001192092896,0.30000001192092896,-0.30000001192092896,0.30000001192092896,-0.30000001192092896,-0.299507260525238
1.2999999523162842,0.3327166962170105,-0.30000001192092896,0.3103092908859253,0.3512820498976746,-0.30000001192092896,-0.050000011920928955,0.013131301079071067,-0.30000001192092896,-0.30000001192092896,-0.30000001192092896,0.32673797992092896,-0.13402490792092894,0.990216424920929,-0.30000001192092896,-0.25370642752523803
1.2999999523162842,0.3930232612170105,-0.30000001192092896,0.3103092908859253,0.3769230758976746,-0.30000001192092896,-0.23548388292092895,-0.28989900192092893,-0.30000001192092896,-0.30000001192092896,-0.30000001192092896,0.869518728920929,-0.07178424392092894,0.8365443559209289,-0.30000001192092896,-0.25719159652523804
1.2999999523162842,0.3918179052170105,-0.30000001192092896,0.3103092908859253,0.5307692298976746,-0.30000001192092896,-0.30000001192092896,-0.30000001192092896,-0.30000001192092896,-0.30000001192092896,-0.30000001192092896,0.30000001192092896,-0.30000001192092896,0.30000001192092896,-0.30000001192092896,-0.299471335525238
1.2999999523162842,0.3306261812170105,-0.30000001192092896,0.3103092908859253,0.38547008389767456,-0.30000001192092896,-0.30000001192092896,-0.30000001192092896,-0.30000001192092896,-0.30000001192092896,-0.30000001192092896,0.30000001192092896,-0.30000001192092896,0.30000001192092896,-0.30000001192092896,-0.280644858525238
1.2999999523162842,0.42180790821701053,-0.30000001192092896,0.3103092908859253,0.5136752128976746,-0.30000001192092896,-0.30000001192092896,-0.30000001192092896,-0.30000001192092896,-0.30000001192092896,-0.30000001192092896,0.30000001192092896,-0.283402501920929,0.979165439920929,-0.30000001192092896,-0.299149340525238
1.2999999523162842,0.3606110342170105,-0.30000001192092896,0.3721649608859253,0.5393162378976746,-0.30000001192092896,-0.30000001192092896,-0.30000001192092896,-0.30000001192092896,-0.30000001192092896,-0.30000001192092896,0.30000001192092896,-0.24605810292092894,0.708840948920929,-0.30000001192092896,-0.276519692525238
1.2999999523162842,0.4817658012170105,-0.30000001192092896,0.3103092908859253,0.5307692298976746,-0.30000001192092896,-0.30000001192092896,-0.30000001192092896,-0.30000001192092896,-0.30000001192092896,-0.30000001192092896,0.30000001192092896,-0.30000001192092896,0.30000001192092896,-0.30000001192092896,-0.29939615852523804
1.2999999523162842,0.5123634812170105,-0.30000001192092896,0.3103092908859253,0.5222222208976746,-0.30000001192092896,-0.30000001192092896,-0.30000001192092896,-0.30000001192092896,-0.30000001192092896,-0.30000001192092896,0.30000001192092896,-0.30000001192092896,0.30000001192092896,-0.30000001192092896,-0.299900661325238
1.2999999523162842,0.3612220432170105,-0.30000001192092896,0.3103092908859253,0.3598290588976746,-0.30000001192092896,-0.27580646392092895,-0.28989900192092893,-0.30000001192092896,-0.30000001192092896,-0.30000001192092896,0.6629679259209289,0.09004148207907103,0.6740299839209289,-0.30000001192092896,-0.257133273525238
1.2999999523162842,0.3918036672170105,-0.30000001192092896,0.3103092908859253,0.3512820498976746,-0.30000001192092896,-0.27580646392092895,-0.28989900192092893,-0.30000001192092896,-0.30000001192092896,-0.30000001192092896,0.584090920920929,0.09419085907907104,1.0696440369209288,-0.30000001192092896,-0.24826999852523804
1.2999999523162842,0.45148013921701047,-0.30000001192092896,0.3103092908859253,0.3598290588976746,-0.30000001192092896,-0.28387097992092897,-0.28989900192092893,-0.30000001192092896,-0.30000001192092896,-0.30000001192092896,0.575401081920929,-0.30000001192092896,0.30000001192092896,-0.30000001192092896,-0.299856309525238
1.2999999523162842,0.45149498221701045,-0.30000001192092896,0.3103092908859253,0.5136752128976746,-0.30000001192092896,-0.30000001192092896,-0.30000001192092896,-0.30000001192092896,-0.30000001192092896,-0.30000001192092896,0.30000001192092896,-0.30000001192092896,0.30000001192092896,-0.30000001192092896,-0.299901104925238
1.2999999523162842,0.5126867062170105,-0.30000001192092896,0.3103092908859253,0.5222222208976746,-0.30000001192092896,-0.30000001192092896,-0.30000001192092896,-0.30000001192092896,-0.30000001192092896,-0.30000001192092896,0.30000001192092896,-0.29170125692092896,1.088932179920929,-0.30000001192092896,-0.29885639652523804
1.2999999523162842,0.3036412372170105,-0.30000001192092896,0.3103092908859253,0.3256410248976746,-0.30000001192092896,-0.12258065692092895,-0.28989900192092893,-0.30000001192092896,-0.30000001192092896,-0.30000001192092896,1.0794117769209288,-0.30000001192092896,0.30000001192092896,-0.30000001192092896,-0.29983834652523805
1.2999999523162842,0.3057817352170105,-0.30000001192092896,0.3103092908859253,0.34273504189767456,-0.30000001192092896,-0.13870968892092894,-0.09797980992092895,-0.30000001192092896,-0.30000001192092896,-0.30000001192092896,0.30000001192092896,-0.30000001192092896,0.30000001192092896,-0.30000001192092896,-0.29983989952523804
1.2999999523162842,0.3003044702170105,-0.30000001192092896,0.3103092908859253,0.3170940158976746,-0.30000001192092896,-0.041935495920928934,-0.28989900192092893,-0.30000001192092896,-0.30000001192092896,-0.30000001192092896,1.134224610920929,-0.30000001192092896,0.30000001192092896,-0.30000001192092896,-0.29983879052523804
1.2999999523162842,0.4233143762170105,-0.30000001192092896,0.3103092908859253,0.5222222208976746,-0.30000001192092896,-0.30000001192092896,-0.30000001192092896,-0.30000001192092896,-0.30000001192092896,-0.30000001192092896,0.30000001192092896,-0.30000001192092896,0.30000001192092896,-0.30000001192092896,-0.29989533952523806
1.2999999523162842,0.45149498221701045,-0.30000001192092896,0.3103092908859253,0.5136752128976746,-0.30000001192092896,-0.30000001192092896,-0.30000001192092896,-0.30000001192092896,-0.30000001192092896,-0.30000001192092896,0.30000001192092896,-0.295850633920929,0.8920587219209289,-0.30000001192092896,-0.299614591525238
1.2999999523162842,0.3321408282170105,-0.30000001192092896,0.3103092908859253,0.33418803289767457,-0.30000001192092896,-0.16290323792092895,-0.12828283992092895,-0.30000001192092896,-0.30000001192092896,-0.30000001192092896,0.30000001192092896,-0.30000001192092896,0.30000001192092896,-0.30000001192092896,-0.299617252525238
1.2999999523162842,0.3033473952170105,-0.30000001192092896,0.3103092908859253,0.3512820498976746,-0.30000001192092896,-0.17903226992092897,-0.14848485992092897,-0.30000001192092896,-0.30000001192092896,-0.30000001192092896,0.34812835392092895,-0.0012448249209289775,0.9899074149209289,-0.30000001192092896,-0.25602957752523803
1.2999999523162842,0.3306249692170105,-0.30000001192092896,0.3103092908859253,0.3683760668976746,-0.30000001192092896,-0.12258065692092895,-0.07777778992092896,-0.30000001192092896,-0.30000001192092896,-0.30000001192092896,0.30000001192092896,-0.30000001192092896,0.30000001192092896,-0.30000001192092896,-0.29983768152523804
1.2999999523162842,0.5126867062170105,-0.30000001192092896,0.3103092908859253,0.5222222208976746,-0.30000001192092896,-0.30000001192092896,-0.30000001192092896,-0.30000001192092896,-0.30000001192092896,-0.30000001192092896,0.30000001192092896,-0.30000001192092896,0.30000001192092896,-0.30000001192092896,-0.299181274525238
1.2999999523162842,0.3639299282170105,-0.30000001192092896,0.3103092908859253,0.3512820498976746,-0.30000001192092896,-0.19516130192092895,-0.16868688092092896,-0.30000001192092896,-0.30000001192092896,-0.30000001192092896,0.30000001192092896,-0.30000001192092896,0.30000001192092896,-0.30000001192092896,-0.29984943452523805
1.2999999523162842,0.5732725722170104,-0.30000001192092896,0.3103092908859253,0.5136752128976746,-0.30000001192092896,-0.30000001192092896,-0.30000001192092896,-0.30000001192092896,-0.30000001192092896,-0.30000001192092896,0.30000001192092896,-0.29170125692092896,0.897441642920929,-0.30000001192092896,-0.299410795525238
1.2999999523162842,0.4230196262170105,-0.30000001192092896,0.3103092908859253,0.5222222208976746,-0.30000001192092896,-0.30000001192092896,-0.30000001192092896,-0.30000001192092896,-0.30000001192092896,-0.30000001192092896,0.30000001192092896,-0.30000001192092896,0.30000001192092896,-0.30000001192092896,-0.299896891525238
1.2999999523162842,0.4517979122170105,-0.30000001192092896,0.3103092908859253,0.5051282038976745,-0.30000001192092896,-0.30000001192092896,-0.30000001192092896,-0.30000001192092896,-0.30000001192092896,-0.30000001192092896,0.30000001192092896,-0.30000001192092896,0.30000001192092896,-0.30000001192092896,-0.299896891525238
1.2999999523162842,0.5729696422170105,-0.30000001192092896,0.3103092908859253,0.5222222208976746,-0.30000001192092896,-0.30000001192092896,-0.30000001192092896,-0.30000001192092896,-0.30000001192092896,-0.30000001192092896,0.30000001192092896,-0.30000001192092896,0.30000001192092896,-0.30000001192092896,-0.29990132662523805
1.2999999523162842,0.3009327452170105,-0.30000001192092896,0.3103092908859253,0.33418803289767457,-0.30000001192092896,-0.21935485092092893,-0.28989900192092893,-0.30000001192092896,-0.30000001192092896,-0.30000001192092896,0.9417112419209289,-0.30000001192092896,0.30000001192092896,-0.30000001192092896,-0.29984012152523803
1.2999999523162842,0.4224137672170105,-0.30000001192092896,0.3103092908859253,0.5222222208976746,-0.30000001192092896,-0.30000001192092896,-0.30000001192092896,-0.30000001192092896,-0.30000001192092896,-0.30000001192092896,0.30000001192092896,-0.283402501920929,0.891385137920929,-0.30000001192092896,-0.29917306952523803
1.2999999523162842,0.3612008382170105,-0.30000001192092896,0.3103092908859253,0.3512820498976746,-0.30000001192092896,-0.14677420592092896,-0.10808081992092897,-0.30000001192092896,-0.30000001192092896,-0.30000001192092896,0.30000001192092896,-0.30000001192092896,0.30000001192092896,-0.30000001192092896,-0.299843003525238
1.2999999523162842,0.3027551682170105,-0.30000001192092896,0.3103092908859253,0.3256410248976746,-0.30000001192092896,-0.20322581792092898,-0.17878789092092895,-0.30000001192092896,-0.30000001192092896,-0.30000001192092896,0.30000001192092896,-0.30000001192092896,0.30000001192092896,-0.30000001192092896,-0.299836129525238
1.2999999523162842,0.33244375721701047,-0.30000001192092896,0.3103092908859253,0.3512820498976746,-0.30000001192092896,-0.25161291492092897,-0.28989900192092893,-0.30000001192092896,-0.30000001192092896,-0.30000001192092896,0.768582899920929,-0.11742739792092896,1.0424097209209289,-0.30000001192092896,-0.26276085952523803
1.2999999523162842,0.4214749892170105,-0.30000001192092896,0.3721649608859253,0.5393162378976746,-0.30000001192092896,-0.30000001192092896,-0.30000001192092896,-0.30000001192092896,-0.30000001192092896,-0.30000001192092896,0.30000001192092896,-0.24605810292092894,1.1978775169209288,-0.30000001192092896,-0.29454384352523805
1.2999999523162842,0.5123837772170106,-0.30000001192092896,0.3103092908859253,0.5222222208976746,-0.30000001192092896,-0.30000001192092896,-0.30000001192092896,-0.30000001192092896,-0.30000001192092896,-0.30000001192092896,0.30000001192092896,-0.30000001192092896,0.30000001192092896,-0.30000001192092896,-0.299578888525238
1.2999999523162842,0.4224137672170105,-0.30000001192092896,0.3103092908859253,0.5222222208976746,-0.30000001192092896,-0.30000001192092896,-0.30000001192092896,-0.30000001192092896,-0.30000001192092896,-0.30000001192092896,0.30000001192092896,-0.283402501920929,0.8542434229209289,-0.30000001192092896,-0.29862399352523805
1.2999999523162842,0.5432825682170105,-0.30000001192092896,0.3103092908859253,0.5136752128976746,-0.30000001192092896,-0.30000001192092896,-0.30000001192092896,-0.30000001192092896,-0.30000001192092896,-0.30000001192092896,0.30000001192092896,-0.295850633920929,1.018495879920929,-0.30000001192092896,-0.29939992852523806
1.2999999523162842,0.5123837772170106,-0.30000001192092896,0.3103092908859253,0.5136752128976746,-0.30000001192092896,-0.30000001192092896,-0.30000001192092896,-0.30000001192092896,-0.30000001192092896,-0.30000001192092896,0.30000001192092896,-0.30000001192092896,0.30000001192092896,-0.30000001192092896,-0.299900217825238
1.2999999523162842,0.3912120462170105,-0.30000001192092896,0.3103092908859253,0.3512820498976746,-0.30000001192092896,-0.27580646392092895,-0.26969698192092895,-0.30000001192092896,-0.30000001192092896,-0.30000001192092896,0.30000001192092896,-0.30000001192092896,0.30000001192092896,-0.30000001192092896,-0.299855865525238
1.2999999523162842,0.3036639562170105,-0.30000001192092896,0.3103092908859253,0.3085470078976746,-0.30000001192092896,0.13548385907907107,0.24545453307907106,-0.30000001192092896,-0.30000001192092896,-0.30000001192092896,0.30000001192092896,-0.30000001192092896,0.30000001192092896,-0.30000001192092896,-0.29983834652523805
1.2999999523162842,0.4521008412170105,-0.30000001192092896,0.3103092908859253,0.5222222208976746,-0.30000001192092896,-0.30000001192092896,-0.30000001192092896,-0.30000001192092896,-0.30000001192092896,-0.30000001192092896,0.30000001192092896,-0.30000001192092896,0.30000001192092896,-0.30000001192092896,-0.29922052552523803
1.2999999523162842,0.5741813592170105,-0.30000001192092896,0.3103092908859253,0.5222222208976746,-0.30000001192092896,-0.30000001192092896,-0.30000001192092896,-0.30000001192092896,-0.30000001192092896,-0.30000001192092896,0.30000001192092896,-0.30000001192092896,0.30000001192092896,-0.30000001192092896,-0.29990088312523805
1.2999999523162842,0.39363548121701053,-0.30000001192092896,0.3103092908859253,0.5051282038976745,-0.30000001192092896,-0.30000001192092896,-0.30000001192092896,-0.30000001192092896,-0.30000001192092896,-0.30000001192092896,0.30000001192092896,-0.295850633920929,0.962630361920929,-0.30000001192092896,-0.298957519525238
1.2999999523162842,0.39242376421701053,-0.30000001192092896,0.3103092908859253,0.4880341868976746,-0.30000001192092896,-0.30000001192092896,-0.30000001192092896,-0.30000001192092896,-0.30000001192092896,-0.30000001192092896,0.30000001192092896,-0.30000001192092896,0.30000001192092896,-0.30000001192092896,-0.278991865525238
1.2999999523162842,0.3615122492170105,-0.30000001192092896,0.3103092908859253,0.34273504189767456,-0.30000001192092896,-0.21129033492092897,-0.18888890092092897,-0.30000001192092896,-0.30000001192092896,-0.30000001192092896,0.30000001192092896,-0.30000001192092896,0.30000001192092896,-0.30000001192092896,-0.29985475752523805
1.2999999523162842,0.3318160872170105,-0.30000001192092896,0.3103092908859253,0.3683760668976746,-0.30000001192092896,-0.28387097992092897,-0.28989900192092893,-0.30000001192092896,-0.30000001192092896,-0.30000001192092896,0.5747326319209289,-0.30000001192092896,0.30000001192092896,-0.30000001192092896,-0.25163852252523805
1.2999999523162842,0.4517979122170105,-0.30000001192092896,0.3103092908859253,0.3769230758976746,-0.30000001192092896,-0.30000001192092896,-0.30000001192092896,-0.30000001192092896,-0.30000001192092896,-0.30000001192092896,0.30000001192092896,-0.30000001192092896,0.30000001192092896,-0.30000001192092896,-0.29990487482523803
1.2999999523162842,0.3033458802170105,-0.30000001192092896,0.3103092908859253,0.34273504189767456,-0.30000001192092896,-0.14677420592092896,-0.10808081992092897,-0.30000001192092896,-0.30000001192092896,-0.30000001192092896,0.30000001192092896,-0.30000001192092896,0.30000001192092896,-0.30000001192092896,-0.29984034252523806
1.2999999523162842,0.3606098232170105,-0.30000001192092896,0.4030927968859253,0.5393162378976746,-0.30000001192092896,-0.30000001192092896,-0.30000001192092896,-0.30000001192092896,-0.30000001192092896,-0.30000001192092896,0.30000001192092896,-0.24605810292092894,0.905518600920929,-0.30000001192092896,-0.24008796852523803
1.2999999523162842,1.1788282952170106,-0.30000001192092896,0.3103092908859253,0.3769230758976746,-0.30000001192092896,-0.30000001192092896,-0.30000001192092896,-0.30000001192092896,-0.30000001192092896,-0.30000001192092896,0.30000001192092896,-0.295850633920929,1.088932179920929,-0.30000001192092896,-0.29954651152523804
1.2999999523162842,0.45149498221701045,-0.30000001192092896,0.3103092908859253,0.5222222208976746,-0.30000001192092896,-0.30000001192092896,-0.30000001192092896,-0.30000001192092896,-0.30000001192092896,-0.30000001192092896,0.30000001192092896,-0.30000001192092896,0.30000001192092896,-0.30000001192092896,-0.29987050252523806
1.2999999523162842,0.39242376421701053,-0.30000001192092896,0.3103092908859253,0.4025641018976746,-0.30000001192092896,-0.29193549592092893,-0.28989900192092893,-0.30000001192092896,-0.30000001192092896,-0.30000001192092896,0.460427818920929,-0.30000001192092896,0.30000001192092896,-0.30000001192092896,-0.27090142152523805
1.2999999523162842,0.3615116432170105,-0.30000001192092896,0.44432990988592536,0.5307692298976746,-0.30000001192092896,-0.30000001192092896,-0.30000001192092896,-0.30000001192092896,-0.30000001192092896,-0.30000001192092896,0.30000001192092896,-0.24605810292092894,0.940819772920929,-0.30000001192092896,-0.28427417152523804
1.2999999523162842,0.3021508242170105,-0.30000001192092896,0.3103092908859253,0.3598290588976746,-0.30000001192092896,-0.26774194692092895,-0.28989900192092893,-0.30000001192092896,-0.30000001192092896,-0.30000001192092896,0.555347605920929,-0.17966806192092896,0.927652313920929,-0.30000001192092896,-0.282365932525238
1.2999999523162842,0.3009097232170105,-0.30000001192092896,0.3103092908859253,0.33418803289767457,-0.30000001192092896,-0.17903226992092897,-0.28989900192092893,-0.30000001192092896,-0.30000001192092896,-0.30000001192092896,1.021925145920929,-0.30000001192092896,0.30000001192092896,-0.30000001192092896,-0.29983879052523804
1.2999999523162842,0.7544243092170104,-0.30000001192092896,0.3103092908859253,0.3769230758976746,-0.30000001192092896,-0.30000001192092896,-0.30000001192092896,-0.30000001192092896,-0.30000001192092896,-0.30000001192092896,0.30000001192092896,-0.283402501920929,0.765188056920929,-0.30000001192092896,-0.29968821552523806
1.2999999523162842,0.3330202312170105,-0.30000001192092896,0.3103092908859253,0.3085470078976746,-0.30000001192092896,-0.025806463920928946,0.04343433107907102,-0.30000001192092896,-0.30000001192092896,-0.30000001192092896,0.30000001192092896,-0.30000001192092896,0.30000001192092896,-0.30000001192092896,-0.29983901252523804
1.2999999523162842,0.3354648712170105,-0.30000001192092896,0.3103092908859253,0.34273504189767456,-0.30000001192092896,-0.09032259292092895,-0.28989900192092893,-0.30000001192092896,-0.30000001192092896,-0.30000001192092896,1.099465252920929,-0.30000001192092896,0.30000001192092896,-0.30000001192092896,-0.29984278252523805
1.2999999523162842,0.4217785242170105,-0.30000001192092896,0.3103092908859253,0.5222222208976746,-0.30000001192092896,-0.30000001192092896,-0.30000001192092896,-0.30000001192092896,-0.30000001192092896,-0.30000001192092896,0.30000001192092896,-0.295850633920929,0.721907532920929,-0.30000001192092896,-0.299214759525238
1.2999999523162842,0.4817879152170105,-0.30000001192092896,0.3103092908859253,0.5222222208976746,-0.30000001192092896,-0.30000001192092896,-0.30000001192092896,-0.30000001192092896,-0.30000001192092896,-0.30000001192092896,0.30000001192092896,-0.30000001192092896,0.30000001192092896,-0.30000001192092896,-0.29914889752523804
1.2999999523162842,0.3315267902170105,-0.30000001192092896,0.3103092908859253,0.34273504189767456,-0.30000001192092896,-0.27580646392092895,-0.26969698192092895,-0.30000001192092896,-0.30000001192092896,-0.30000001192092896,0.42098931692092895,0.45103733207907104,1.028334791920929,-0.30000001192092896,-0.251024692525238
1.2999999523162842,0.3324143732170105,-0.30000001192092896,0.3103092908859253,0.3769230758976746,-0.30000001192092896,-0.21129033492092897,-0.28989900192092893,-0.30000001192092896,-0.30000001192092896,-0.30000001192092896,0.9544117769209289,-0.30000001192092896,0.30000001192092896,-0.30000001192092896,-0.29984256052523806
1.2999999523162842,0.3618172992170105,-0.30000001192092896,0.4649484668859253,0.5393162378976746,-0.30000001192092896,-0.30000001192092896,-0.30000001192092896,-0.30000001192092896,-0.30000001192092896,-0.30000001192092896,0.30000001192092896,-0.24605810292092894,1.014219106920929,-0.30000001192092896,-0.271234060525238
1.2999999523162842,0.3330193232170105,-0.30000001192092896,0.3721649608859253,0.4794871778976746,-0.30000001192092896,-0.30000001192092896,-0.30000001192092896,-0.30000001192092896,-0.30000001192092896,-0.30000001192092896,0.30000001192092896,-0.24605810292092894,0.944194374920929,-0.30000001192092896,-0.270764595525238
1.2999999523162842,0.4817879152170105,-0.30000001192092896,0.3103092908859253,0.5307692298976746,-0.30000001192092896,-0.30000001192092896,-0.30000001192092896,-0.30000001192092896,-0.30000001192092896,-0.30000001192092896,0.30000001192092896,-0.30000001192092896,0.30000001192092896,-0.30000001192092896,-0.299900661325238
1.2999999523162842,0.5129820622170105,-0.30000001192092896,0.3103092908859253,0.5222222208976746,-0.30000001192092896,-0.30000001192092896,-0.30000001192092896,-0.30000001192092896,-0.30000001192092896,-0.30000001192092896,0.30000001192092896,-0.29170125692092896,0.9714153699209289,-0.30000001192092896,-0.29924913252523805
1.2999999523162842,1.0573536352170105,-0.30000001192092896,0.3103092908859253,0.3769230758976746,-0.30000001192092896,-0.30000001192092896,-0.30000001192092896,-0.30000001192092896,-0.30000001192092896,-0.30000001192092896,0.30000001192092896,-0.30000001192092896,0.30000001192092896,-0.30000001192092896,-0.29990465302523805
1.2999999523162842,0.4530096292170105,-0.30000001192092896,0.3103092908859253,0.5136752128976746,-0.30000001192092896,-0.30000001192092896,-0.30000001192092896,-0.30000001192092896,-0.30000001192092896,-0.30000001192092896,0.30000001192092896,-0.30000001192092896,0.30000001192092896,-0.30000001192092896,-0.299435632525238
1.2999999523162842,0.42150497921701047,-0.30000001192092896,0.3103092908859253,0.5136752128976746,-0.30000001192092896,-0.30000001192092896,-0.30000001192092896,-0.30000001192092896,-0.30000001192092896,-0.30000001192092896,0.30000001192092896,-0.30000001192092896,0.30000001192092896,-0.30000001192092896,-0.29979998252523804
1.2999999523162842,0.4820908442170105,-0.30000001192092896,0.3103092908859253,0.5222222208976746,-0.30000001192092896,-0.30000001192092896,-0.30000001192092896,-0.30000001192092896,-0.30000001192092896,-0.30000001192092896,0.30000001192092896,-0.30000001192092896,0.30000001192092896,-0.30000001192092896,-0.299038017525238
1.2999999523162842,0.4524037702170105,-0.30000001192092896,0.3103092908859253,0.5222222208976746,-0.30000001192092896,-0.30000001192092896,-0.30000001192092896,-0.30000001192092896,-0.30000001192092896,-0.30000001192092896,0.30000001192092896,-0.30000001192092896,0.30000001192092896,-0.30000001192092896,-0.299530101525238
1.2999999523162842,0.3048593152170105,-0.30000001192092896,0.3103092908859253,0.33418803289767457,-0.30000001192092896,-0.017741946920928953,-0.28989900192092893,-0.30000001192092896,-0.30000001192092896,-0.30000001192092896,1.142246000920929,-0.22531121492092895,0.869510518920929,-0.30000001192092896,-0.25056565052523805
0.2999999523162842,0.3012253752170105,-0.18862709292092894,0.3000000128859253,0.33418803289767457,0.699999988079071,-0.30000001192092896,-0.30000001192092896,0.699999988079071,-0.20909092092092896,-0.12572615292092895,0.30000001192092896,-0.30000001192092896,0.30000001192092896,-0.03333334492092893,-0.29835522052523805
1.2999999523162842,0.4224137672170105,-0.30000001192092896,0.3103092908859253,0.5222222208976746,-0.30000001192092896,-0.30000001192092896,-0.30000001192092896,-0.30000001192092896,-0.30000001192092896,-0.30000001192092896,0.30000001192092896,-0.27095436892092895,1.046923599920929,-0.30000001192092896,-0.29819732852523806
1.2999999523162842,0.7547272382170105,-0.30000001192092896,0.3103092908859253,0.3598290588976746,-0.30000001192092896,-0.30000001192092896,-0.30000001192092896,-0.30000001192092896,-0.30000001192092896,-0.30000001192092896,0.30000001192092896,-0.30000001192092896,0.30000001192092896,-0.30000001192092896,-0.29986163152523804
1.2999999523162842,0.3000291074170105,-0.30000001192092896,0.7536082598859253,0.2999999988976746,-0.30000001192092896,0.490322569079071,-0.28989900192092893,-0.30000001192092896,-0.30000001192092896,-0.30000001192092896,1.217112310920929,-0.24190872592092896,0.808402569920929,-0.30000001192092896,-0.24940274552523803
1.2999999523162842,0.4521008412170105,-0.30000001192092896,0.3103092908859253,0.5136752128976746,-0.30000001192092896,-0.30000001192092896,-0.30000001192092896,-0.30000001192092896,-0.30000001192092896,-0.30000001192092896,0.30000001192092896,-0.29170125692092896,0.860955634920929,-0.30000001192092896,-0.29932430852523806
1.2999999523162842,0.3915022532170105,-0.30000001192092896,0.3103092908859253,0.4794871778976746,-0.30000001192092896,-0.30000001192092896,-0.30000001192092896,-0.30000001192092896,-0.30000001192092896,-0.30000001192092896,0.30000001192092896,-0.30000001192092896,0.30000001192092896,-0.30000001192092896,-0.299870723525238
1.2999999523162842,0.3015376952170105,-0.30000001192092896,0.3618556828859253,0.5393162378976746,-0.30000001192092896,-0.30000001192092896,-0.30000001192092896,0.699999988079071,-0.30000001192092896,-0.30000001192092896,0.777272738920929,-0.24605810292092894,0.766034467920929,-0.30000001192092896,-0.23806463652523802
1.2999999523162842,0.5432825682170105,-0.30000001192092896,0.3103092908859253,0.5136752128976746,-0.30000001192092896,-0.30000001192092896,-0.30000001192092896,-0.30000001192092896,-0.30000001192092896,-0.30000001192092896,0.30000001192092896,-0.30000001192092896,0.30000001192092896,-0.30000001192092896,-0.29940015052523805
1.2999999523162842,0.5426730742170105,-0.30000001192092896,0.7742268168859253,0.5393162378976746,-0.30000001192092896,-0.30000001192092896,-0.30000001192092896,-0.30000001192092896,-0.30000001192092896,-0.30000001192092896,0.30000001192092896,-0.24605810292092894,0.7381502899209289,-0.30000001192092896,-0.295034819525238
1.2999999523162842,0.3915149762170105,-0.30000001192092896,0.3103092908859253,0.3683760668976746,-0.30000001192092896,-0.28387097992092897,-0.28989900192092893,-0.30000001192092896,-0.30000001192092896,-0.30000001192092896,0.575401081920929,0.14398339007907107,0.8920587219209289,-0.30000001192092896,-0.257290501525238
1.2999999523162842,0.3039465892170105,-0.30000001192092896,0.3103092908859253,0.3512820498976746,-0.30000001192092896,-0.13064517292092895,-0.28989900192092893,-0.30000001192092896,-0.30000001192092896,-0.30000001192092896,1.072058835920929,-0.18796681692092895,1.1082968329209288,-0.30000001192092896,-0.24917167252523803
1.2999999523162842,0.48328075121701053,-0.30000001192092896,0.3103092908859253,0.5222222208976746,-0.30000001192092896,-0.30000001192092896,-0.30000001192092896,-0.30000001192092896,-0.30000001192092896,-0.30000001192092896,0.30000001192092896,-0.295850633920929,0.927516626920929,-0.30000001192092896,-0.29937553552523805
1.2999999523162842,0.5135954942170105,-0.30000001192092896,0.3103092908859253,0.5222222208976746,-0.30000001192092896,-0.30000001192092896,-0.30000001192092896,-0.30000001192092896,-0.30000001192092896,-0.30000001192092896,0.30000001192092896,-0.30000001192092896,0.30000001192092896,-0.30000001192092896,-0.299900661325238
1.2999999523162842,0.3339532542170105,-0.30000001192092896,0.3103092908859253,0.34273504189767456,-0.30000001192092896,-0.24354839892092894,-0.22929294092092894,-0.30000001192092896,-0.30000001192092896,-0.30000001192092896,0.38021391592092896,0.19792529907907103,0.708840948920929,-0.30000001192092896,-0.25794624352523804
1.2999999523162842,0.4236070052170105,-0.30000001192092896,0.3103092908859253,0.3512820498976746,-0.30000001192092896,-0.20322581792092898,-0.28989900192092893,-0.30000001192092896,-0.30000001192092896,-0.30000001192092896,0.981818193920929,-0.10912864292092894,0.7712671929209289,-0.30000001192092896,-0.25487132952523806
1.2999999523162842,0.48208084821701047,-0.30000001192092896,0.3103092908859253,0.5051282038976745,-0.30000001192092896,-0.30000001192092896,-0.30000001192092896,-0.30000001192092896,-0.30000001192092896,-0.30000001192092896,0.30000001192092896,-0.30000001192092896,0.30000001192092896,-0.30000001192092896,-0.299507260525238
1.2999999523162842,0.4530096292170105,-0.30000001192092896,0.3103092908859253,0.5051282038976745,-0.30000001192092896,-0.30000001192092896,-0.30000001192092896,-0.30000001192092896,-0.30000001192092896,-0.30000001192092896,0.30000001192092896,-0.30000001192092896,0.30000001192092896,-0.30000001192092896,-0.29932785752523805
1.2999999523162842,0.5429796392170105,-0.30000001192092896,0.3103092908859253,0.5222222208976746,-0.30000001192092896,-0.30000001192092896,-0.30000001192092896,-0.30000001192092896,-0.30000001192092896,-0.30000001192092896,0.30000001192092896,-0.295850633920929,0.891385137920929,-0.30000001192092896,-0.29973966452523804
1.2999999523162842,0.3039465892170105,-0.30000001192092896,0.3103092908859253,0.3170940158976746,-0.30000001192092896,0.022580633079071044,-0.28989900192092893,-0.30000001192092896,-0.30000001192092896,-0.30000001192092896,1.155614984920929,-0.30000001192092896,0.30000001192092896,-0.30000001192092896,-0.29983945552523805
1.2999999523162842,0.3045460862170105,-0.30000001192092896,0.3103092908859253,0.33418803289767457,-0.30000001192092896,-0.041935495920928934,0.023232311079071033,-0.30000001192092896,-0.30000001192092896,-0.30000001192092896,0.30000001192092896,-0.30000001192092896,0.30000001192092896,-0.30000001192092896,-0.29983923452523803
1.2999999523162842,0.42150497921701047,-0.30000001192092896,0.3103092908859253,0.3940170928976746,-0.30000001192092896,-0.25161291492092897,-0.23939395092092897,-0.30000001192092896,-0.30000001192092896,-0.30000001192092896,0.30000001192092896,-0.30000001192092896,0.30000001192092896,-0.30000001192092896,-0.29985564452523805
1.2999999523162842,0.4530096292170105,-0.30000001192092896,0.3103092908859253,0.5222222208976746,-0.30000001192092896,-0.30000001192092896,-0.30000001192092896,-0.30000001192092896,-0.30000001192092896,-0.30000001192092896,0.30000001192092896,-0.30000001192092896,0.30000001192092896,-0.30000001192092896,-0.299901104925238
1.2999999523162842,0.3039505272170105,-0.30000001192092896,0.3103092908859253,0.34273504189767456,-0.30000001192092896,-0.09838710892092895,-0.28989900192092893,-0.30000001192092896,-0.30000001192092896,-0.30000001192092896,1.1021390489209288,-0.30000001192092896,0.30000001192092896,-0.30000001192092896,-0.29984078652523805
1.2999999523162842,0.3054666892170105,-0.30000001192092896,0.3103092908859253,0.34273504189767456,-0.30000001192092896,-0.20322581792092898,-0.28989900192092893,-0.30000001192092896,-0.30000001192092896,-0.30000001192092896,0.981818193920929,-0.13402490792092894,0.798222310920929,-0.30000001192092896,-0.250500675525238
1.2999999523162842,0.5435854982170105,-0.30000001192092896,0.3103092908859253,0.5222222208976746,-0.30000001192092896,-0.30000001192092896,-0.30000001192092896,-0.30000001192092896,-0.30000001192092896,-0.30000001192092896,0.30000001192092896,-0.30000001192092896,0.30000001192092896,-0.30000001192092896,-0.29950770352523803
1.2999999523162842,0.5732725722170104,-0.30000001192092896,0.3103092908859253,0.5051282038976745,-0.30000001192092896,-0.30000001192092896,-0.30000001192092896,-0.30000001192092896,-0.30000001192092896,-0.30000001192092896,0.30000001192092896,-0.295850633920929,0.830881789920929,-0.30000001192092896,-0.299778471525238
1.2999999523162842,0.5432825682170105,-0.30000001192092896,0.3103092908859253,0.5222222208976746,-0.30000001192092896,-0.30000001192092896,-0.30000001192092896,-0.30000001192092896,-0.30000001192092896,-0.30000001192092896,0.30000001192092896,-0.29170125692092896,0.905518600920929,-0.30000001192092896,-0.299178834525238
1.2999999523162842,0.3621308312170105,-0.30000001192092896,0.3103092908859253,0.5222222208976746,-0.30000001192092896,-0.30000001192092896,-0.30000001192092896,-0.30000001192092896,-0.30000001192092896,-0.30000001192092896,0.30000001192092896,-0.30000001192092896,0.30000001192092896,-0.30000001192092896,-0.29513882452523804
1.2999999523162842,0.42150497921701047,-0.30000001192092896,0.3103092908859253,0.5051282038976745,-0.30000001192092896,-0.30000001192092896,-0.30000001192092896,-0.30000001192092896,-0.30000001192092896,-0.30000001192092896,0.30000001192092896,-0.29170125692092896,0.981370357920929,-0.30000001192092896,-0.298851074525238
1.2999999523162842,0.5120581282170105,-0.30000001192092896,0.3103092908859253,0.33418803289767457,-0.30000001192092896,-0.30000001192092896,-0.30000001192092896,-0.30000001192092896,-0.30000001192092896,-0.30000001192092896,0.30000001192092896,-0.30000001192092896,0.30000001192092896,-0.30000001192092896,-0.29940436452523805
1.2999999523162842,0.4817879152170105,-0.30000001192092896,0.3103092908859253,0.3769230758976746,-0.30000001192092896,-0.30000001192092896,-0.30000001192092896,-0.30000001192092896,-0.30000001192092896,-0.30000001192092896,0.30000001192092896,-0.30000001192092896,0.30000001192092896,-0.30000001192092896,-0.29990465302523805
1.2999999523162842,0.3612220432170105,-0.30000001192092896,0.3103092908859253,0.3512820498976746,-0.30000001192092896,-0.28387097992092897,-0.28989900192092893,-0.30000001192092896,-0.30000001192092896,-0.30000001192092896,0.575401081920929,-0.30000001192092896,0.30000001192092896,-0.30000001192092896,-0.29985963552523803
1.2999999523162842,0.4224137672170105,-0.30000001192092896,0.3103092908859253,0.5136752128976746,-0.30000001192092896,-0.30000001192092896,-0.30000001192092896,-0.30000001192092896,-0.30000001192092896,-0.30000001192092896,0.30000001192092896,-0.29170125692092896,1.159883051920929,-0.30000001192092896,-0.27801191052523805
1.2999999523162842,0.4521008412170105,-0.30000001192092896,0.3103092908859253,0.5222222208976746,-0.30000001192092896,-0.30000001192092896,-0.30000001192092896,-0.30000001192092896,-0.30000001192092896,-0.30000001192092896,0.30000001192092896,-0.30000001192092896,0.30000001192092896,-0.30000001192092896,-0.29127755152523804
1.2999999523162842,0.5126867062170105,-0.30000001192092896,0.3103092908859253,0.5222222208976746,-0.30000001192092896,-0.30000001192092896,-0.30000001192092896,-0.30000001192092896,-0.30000001192092896,-0.30000001192092896,0.30000001192092896,-0.30000001192092896,0.30000001192092896,-0.30000001192092896,-0.299733676525238
1.2999999523162842,0.4212020502170105,-0.30000001192092896,0.3103092908859253,0.34273504189767456,-0.30000001192092896,-0.20322581792092898,-0.17878789092092895,-0.30000001192092896,-0.30000001192092896,-0.30000001192092896,0.30000001192092896,-0.30000001192092896,0.30000001192092896,-0.30000001192092896,-0.29985542252523806
1.2999999523162842,0.3009375922170105,-0.30000001192092896,0.4649484668859253,0.4025641018976746,-0.30000001192092896,-0.29193549592092893,-0.28989900192092893,-0.30000001192092896,-0.30000001192092896,-0.30000001192092896,0.4610962689209289,0.699999988079071,0.7939963459209289,-0.30000001192092896,-0.27089853852523804
1.2999999523162842,0.45237378021701047,-0.30000001192092896,0.3103092908859253,0.4965811958976746,-0.30000001192092896,-0.30000001192092896,-0.30000001192092896,-0.30000001192092896,-0.30000001192092896,-0.30000001192092896,0.30000001192092896,-0.30000001192092896,0.30000001192092896,-0.30000001192092896,-0.29918482252523804
1.2999999523162842,0.3018248722170105,-0.30000001192092896,0.3103092908859253,0.3512820498976746,-0.30000001192092896,-0.21935485092092893,-0.28989900192092893,-0.30000001192092896,-0.30000001192092896,-0.30000001192092896,0.9417112419209289,-0.11327801992092895,0.9832251139209289,-0.30000001192092896,-0.24937857352523804
1.2999999523162842,0.5429547992170105,-0.30000001192092896,0.3103092908859253,0.5136752128976746,-0.30000001192092896,-0.30000001192092896,-0.30000001192092896,-0.30000001192092896,-0.30000001192092896,-0.30000001192092896,0.30000001192092896,-0.30000001192092896,0.30000001192092896,-0.30000001192092896,-0.29990088312523805
1.2999999523162842,0.4832931712170105,-0.30000001192092896,0.3103092908859253,0.5222222208976746,-0.30000001192092896,-0.30000001192092896,-0.30000001192092896,-0.30000001192092896,-0.30000001192092896,-0.30000001192092896,0.30000001192092896,-0.30000001192092896,0.30000001192092896,-0.30000001192092896,-0.29990088312523805
1.2999999523162842,0.6638484402170105,-0.30000001192092896,0.3103092908859253,0.3769230758976746,-0.30000001192092896,-0.30000001192092896,-0.30000001192092896,-0.30000001192092896,-0.30000001192092896,-0.30000001192092896,0.30000001192092896,-0.30000001192092896,0.30000001192092896,-0.30000001192092896,-0.299904431225238
1.2999999523162842,0.4823843832170105,-0.30000001192092896,0.3103092908859253,0.5222222208976746,-0.30000001192092896,-0.30000001192092896,-0.30000001192092896,-0.30000001192092896,-0.30000001192092896,-0.30000001192092896,0.30000001192092896,-0.30000001192092896,0.30000001192092896,-0.30000001192092896,-0.29990088312523805
1.2999999523162842,0.3612153782170105,-0.30000001192092896,0.3103092908859253,0.33418803289767457,-0.30000001192092896,-0.19516130192092895,-0.28989900192092893,-0.30000001192092896,-0.30000001192092896,-0.30000001192092896,0.9951871779209289,-0.30000001192092896,0.30000001192092896,-0.30000001192092896,-0.253699774525238
1.2999999523162842,0.4826967032170105,-0.30000001192092896,0.3103092908859253,0.5222222208976746,-0.30000001192092896,-0.30000001192092896,-0.30000001192092896,-0.30000001192092896,-0.30000001192092896,-0.30000001192092896,0.30000001192092896,-0.30000001192092896,0.30000001192092896,-0.30000001192092896,-0.29932430852523806
1.2999999523162842,0.36061618421701047,-0.30000001192092896,0.3103092908859253,0.3769230758976746,-0.30000001192092896,-0.30000001192092896,-0.30000001192092896,-0.30000001192092896,-0.30000001192092896,-0.30000001192092896,0.30000001192092896,-0.2875518789209289,0.8365443559209289,-0.30000001192092896,-0.285095789525238
1.2999999523162842,0.4520926622170105,-0.30000001192092896,0.3103092908859253,0.46239316089767457,-0.30000001192092896,-0.30000001192092896,-0.30000001192092896,-0.30000001192092896,-0.30000001192092896,-0.30000001192092896,0.30000001192092896,-0.30000001192092896,0.30000001192092896,-0.30000001192092896,-0.299870723525238
1.2999999523162842,0.33089972621701047,-0.30000001192092896,0.3103092908859253,0.38547008389767456,-0.30000001192092896,-0.29193549592092893,-0.28989900192092893,-0.30000001192092896,-0.30000001192092896,-0.30000001192092896,0.4610962689209289,-0.30000001192092896,0.30000001192092896,-0.30000001192092896,-0.27422869752523804
1.2999999523162842,0.4823740832170105,-0.30000001192092896,0.3103092908859253,0.5222222208976746,-0.30000001192092896,-0.30000001192092896,-0.30000001192092896,-0.30000001192092896,-0.30000001192092896,-0.30000001192092896,0.30000001192092896,-0.30000001192092896,0.30000001192092896,-0.30000001192092896,-0.299900217825238
1.2999999523162842,0.4224137672170105,-0.30000001192092896,0.3103092908859253,0.5136752128976746,-0.30000001192092896,-0.30000001192092896,-0.30000001192092896,-0.30000001192092896,-0.30000001192092896,-0.30000001192092896,0.30000001192092896,-0.30000001192092896,0.30000001192092896,-0.30000001192092896,-0.299895560525238
1.2999999523162842,0.8758989692170105,-0.30000001192092896,0.3103092908859253,0.3769230758976746,-0.30000001192092896,-0.30000001192092896,-0.30000001192092896,-0.30000001192092896,-0.30000001192092896,-0.30000001192092896,0.30000001192092896,-0.30000001192092896,0.30000001192092896,-0.30000001192092896,-0.29990465302523805
1.2999999523162842,0.3009103292170105,-0.30000001192092896,0.3103092908859253,0.3512820498976746,-0.30000001192092896,-0.15483872192092896,-0.11818182992092896,-0.30000001192092896,-0.30000001192092896,-0.30000001192092896,0.30000001192092896,-0.30000001192092896,0.30000001192092896,-0.30000001192092896,-0.29984034252523806
1.2999999523162842,0.3012356752170105,-0.30000001192092896,0.3103092908859253,0.33418803289767457,-0.30000001192092896,-0.17903226992092897,-0.14848485992092897,-0.30000001192092896,-0.30000001192092896,-0.30000001192092896,0.30000001192092896,-0.30000001192092896,0.30000001192092896,-0.30000001192092896,-0.29983967752523805
1.2999999523162842,0.39242376421701053,-0.30000001192092896,0.3103092908859253,0.5051282038976745,-0.30000001192092896,-0.30000001192092896,-0.30000001192092896,-0.30000001192092896,-0.30000001192092896,-0.30000001192092896,0.30000001192092896,-0.30000001192092896,0.30000001192092896,-0.30000001192092896,-0.29990088312523805
1.2999999523162842,0.3051801172170105,-0.30000001192092896,0.3103092908859253,0.3256410248976746,-0.30000001192092896,-0.21129033492092897,-0.28989900192092893,-0.30000001192092896,-0.30000001192092896,-0.30000001192092896,0.961764717920929,-0.12157677492092894,1.159883051920929,-0.30000001192092896,-0.25058982252523804
1.2999999523162842,0.4221108382170105,-0.30000001192092896,0.3103092908859253,0.5307692298976746,-0.30000001192092896,-0.30000001192092896,-0.30000001192092896,-0.30000001192092896,-0.30000001192092896,-0.30000001192092896,0.30000001192092896,-0.30000001192092896,0.30000001192092896,-0.30000001192092896,-0.29960217352523805
1.2999999523162842,0.3606080052170105,-0.30000001192092896,0.6092783638859254,0.5393162378976746,-0.30000001192092896,-0.30000001192092896,-0.30000001192092896,-0.30000001192092896,-0.30000001192092896,-0.30000001192092896,0.30000001192092896,-0.24605810292092894,0.973676295920929,-0.30000001192092896,-0.295053446525238
1.2999999523162842,0.5123837772170106,-0.30000001192092896,0.3103092908859253,0.3769230758976746,-0.30000001192092896,-0.30000001192092896,-0.30000001192092896,-0.30000001192092896,-0.30000001192092896,-0.30000001192092896,0.30000001192092896,-0.29170125692092896,0.990216424920929,-0.30000001192092896,-0.29982481952523804
1.2999999523162842,0.3621308312170105,-0.30000001192092896,0.3103092908859253,0.5222222208976746,-0.30000001192092896,-0.30000001192092896,-0.30000001192092896,-0.30000001192092896,-0.30000001192092896,-0.30000001192092896,0.30000001192092896,-0.30000001192092896,0.30000001192092896,-0.30000001192092896,-0.29513638452523805
0.2999999523162842,0.3018300222170105,-0.16127616292092894,0.3000000128859253,0.3940170928976746,0.699999988079071,-0.30000001192092896,-0.30000001192092896,0.699999988079071,-0.18888890092092897,-0.16721992892092896,0.30000001192092896,-0.30000001192092896,0.30000001192092896,0.033333321079071054,-0.298679211525238
1.2999999523162842,0.3021211372170105,-0.30000001192092896,0.3103092908859253,0.3170940158976746,-0.30000001192092896,-0.21129033492092897,-0.18888890092092897,-0.30000001192092896,-0.30000001192092896,-0.30000001192092896,0.961764717920929,0.07344397107907102,0.831649561920929,-0.30000001192092896,-0.25085615552523804
1.2999999523162842,0.5438884272170105,-0.30000001192092896,0.3103092908859253,0.5222222208976746,-0.30000001192092896,-0.30000001192092896,-0.30000001192092896,-0.30000001192092896,-0.30000001192092896,-0.30000001192092896,0.30000001192092896,-0.30000001192092896,0.30000001192092896,-0.30000001192092896,-0.29990132662523805
1.2999999523162842,0.4221108382170105,-0.30000001192092896,0.3103092908859253,0.5051282038976745,-0.30000001192092896,-0.30000001192092896,-0.30000001192092896,-0.30000001192092896,-0.30000001192092896,-0.30000001192092896,0.30000001192092896,-0.30000001192092896,0.30000001192092896,-0.30000001192092896,-0.29943585352523805
1.2999999523162842,0.4524037702170105,-0.30000001192092896,0.3103092908859253,0.5222222208976746,-0.30000001192092896,-0.30000001192092896,-0.30000001192092896,-0.30000001192092896,-0.30000001192092896,-0.30000001192092896,0.30000001192092896,-0.30000001192092896,0.30000001192092896,-0.30000001192092896,-0.299900661325238
1.2999999523162842,0.45149498221701045,-0.30000001192092896,0.3103092908859253,0.5136752128976746,-0.30000001192092896,-0.30000001192092896,-0.30000001192092896,-0.30000001192092896,-0.30000001192092896,-0.30000001192092896,0.30000001192092896,-0.30000001192092896,0.30000001192092896,-0.30000001192092896,-0.29961437052523804
1.2999999523162842,0.3630396192170105,-0.30000001192092896,0.3103092908859253,0.33418803289767457,-0.30000001192092896,-0.21935485092092893,-0.28989900192092893,-0.30000001192092896,-0.30000001192092896,-0.30000001192092896,0.9417112419209289,-0.30000001192092896,0.30000001192092896,-0.30000001192092896,-0.251376624525238
1.2999999523162842,0.3614961942170105,-0.30000001192092896,0.3103092908859253,0.46239316089767457,-0.30000001192092896,-0.30000001192092896,-0.30000001192092896,-0.30000001192092896,-0.30000001192092896,-0.30000001192092896,0.30000001192092896,-0.295850633920929,0.981370357920929,-0.30000001192092896,-0.264694600525238
1.2999999523162842,0.4527067002170105,-0.30000001192092896,0.3103092908859253,0.5051282038976745,-0.30000001192092896,-0.30000001192092896,-0.30000001192092896,-0.30000001192092896,-0.30000001192092896,-0.30000001192092896,0.30000001192092896,-0.30000001192092896,0.30000001192092896,-0.30000001192092896,-0.29990132662523805
1.2999999523162842,0.4217894302170105,-0.30000001192092896,0.3103092908859253,0.34273504189767456,-0.30000001192092896,-0.25161291492092897,-0.28989900192092893,-0.30000001192092896,-0.30000001192092896,-0.30000001192092896,0.825401081920929,0.01535268507907106,0.7712671929209289,-0.30000001192092896,-0.25215344752523805
1.2999999523162842,0.3036491132170105,-0.30000001192092896,0.3103092908859253,0.3170940158976746,-0.30000001192092896,-0.09838710892092895,-0.28989900192092893,-0.30000001192092896,-0.30000001192092896,-0.30000001192092896,1.1021390489209288,-0.30000001192092896,0.30000001192092896,-0.30000001192092896,-0.29983923452523803
1.2999999523162842,0.4817879152170105,-0.30000001192092896,0.3103092908859253,0.5307692298976746,-0.30000001192092896,-0.30000001192092896,-0.30000001192092896,-0.30000001192092896,-0.30000001192092896,-0.30000001192092896,0.30000001192092896,-0.30000001192092896,0.30000001192092896,-0.30000001192092896,-0.299900661325238
1.2999999523162842,0.4214810472170105,-0.30000001192092896,0.3103092908859253,0.3683760668976746,-0.30000001192092896,-0.25967743092092893,-0.28989900192092893,-0.30000001192092896,-0.30000001192092896,-0.30000001192092896,0.7812834339209289,-0.30000001192092896,0.30000001192092896,-0.30000001192092896,-0.29986052252523804
1.2999999523162842,0.3048599212170105,-0.30000001192092896,0.3103092908859253,0.3598290588976746,-0.30000001192092896,-0.18709678592092896,-0.15858587092092896,-0.30000001192092896,-0.30000001192092896,-0.30000001192092896,0.30000001192092896,-0.30000001192092896,0.30000001192092896,-0.30000001192092896,-0.29984012152523803
1.2999999523162842,0.3000085082370105,-0.30000001192092896,0.3103092908859253,0.2999999988976746,-0.30000001192092896,-0.19516130192092895,-0.16868688092092896,-0.30000001192092896,-0.30000001192092896,-0.30000001192092896,0.35347594792092896,0.03195019507907104,1.1082968329209288,-0.30000001192092896,-0.250584722525238
1.2999999523162842,0.4829996322170105,-0.30000001192092896,0.3103092908859253,0.5136752128976746,-0.30000001192092896,-0.30000001192092896,-0.30000001192092896,-0.30000001192092896,-0.30000001192092896,-0.30000001192092896,0.30000001192092896,-0.29170125692092896,1.003730975920929,-0.30000001192092896,-0.29922052552523803
1.2999999523162842,0.3302944732170105,-0.30000001192092896,0.3103092908859253,0.3598290588976746,-0.30000001192092896,-0.26774194692092895,-0.259595971920929,-0.30000001192092896,-0.30000001192092896,-0.30000001192092896,0.30000001192092896,-0.30000001192092896,0.30000001192092896,-0.30000001192092896,-0.29983967752523805
1.2999999523162842,0.4211938702170105,-0.30000001192092896,0.6711340338859253,0.5393162378976746,-0.30000001192092896,-0.30000001192092896,-0.30000001192092896,-0.30000001192092896,-0.30000001192092896,-0.30000001192092896,0.30000001192092896,-0.24605810292092894,0.973676295920929,-0.30000001192092896,-0.29505211652523805
1.2999999523162842,0.3918179052170105,-0.30000001192092896,0.3103092908859253,0.4367521358976746,-0.30000001192092896,-0.28387097992092897,-0.28989900192092893,-0.30000001192092896,-0.30000001192092896,-0.30000001192092896,0.30000001192092896,-0.30000001192092896,0.30000001192092896,-0.30000001192092896,-0.299856974525238
1.2999999523162842,0.3921208342170105,-0.30000001192092896,0.3103092908859253,0.5051282038976745,-0.30000001192092896,-0.30000001192092896,-0.30000001192092896,-0.30000001192092896,-0.30000001192092896,-0.30000001192092896,0.30000001192092896,-0.295850633920929,0.856131456920929,-0.30000001192092896,-0.29968599852523803
1.2999999523162842,0.5423737802170105,-0.30000001192092896,0.3103092908859253,0.5136752128976746,-0.30000001192092896,-0.30000001192092896,-0.30000001192092896,-0.30000001192092896,-0.30000001192092896,-0.30000001192092896,0.30000001192092896,-0.30000001192092896,0.30000001192092896,-0.30000001192092896,-0.29943541052523803
1.2999999523162842,0.3003223432170105,-0.30000001192092896,0.3103092908859253,0.33418803289767457,-0.30000001192092896,-0.05806452792092895,-0.28989900192092893,-0.30000001192092896,-0.30000001192092896,-0.30000001192092896,1.122192524920929,-0.30000001192092896,0.30000001192092896,-0.30000001192092896,-0.29984100852523804
1.2999999523162842,0.42150497921701047,-0.30000001192092896,0.3103092908859253,0.5136752128976746,-0.30000001192092896,-0.30000001192092896,-0.30000001192092896,-0.30000001192092896,-0.30000001192092896,-0.30000001192092896,0.30000001192092896,-0.30000001192092896,0.30000001192092896,-0.30000001192092896,-0.29957844552523805
1.2999999523162842,0.3606022502170105,-0.30000001192092896,0.4030927968859253,0.5393162378976746,-0.30000001192092896,-0.30000001192092896,-0.30000001192092896,-0.30000001192092896,-0.30000001192092896,-0.30000001192092896,0.30000001192092896,-0.24605810292092894,1.300000011920929,-0.30000001192092896,-0.293588283525238
1.2999999523162842,0.5432765102170105,-0.30000001192092896,0.3103092908859253,0.5051282038976745,-0.30000001192092896,-0.30000001192092896,-0.30000001192092896,-0.30000001192092896,-0.30000001192092896,-0.30000001192092896,0.30000001192092896,-0.295850633920929,1.094716369920929,-0.30000001192092896,-0.29928660952523806
1.2999999523162842,0.4833025622170105,-0.30000001192092896,0.3103092908859253,0.5222222208976746,-0.30000001192092896,-0.30000001192092896,-0.30000001192092896,-0.30000001192092896,-0.30000001192092896,-0.30000001192092896,0.30000001192092896,-0.30000001192092896,0.30000001192092896,-0.30000001192092896,-0.299149340525238
1.2999999523162842,0.3021262872170105,-0.30000001192092896,0.3103092908859253,0.3512820498976746,-0.30000001192092896,-0.25967743092092893,-0.24949496092092896,-0.30000001192092896,-0.30000001192092896,-0.30000001192092896,0.779278086920929,0.29751036107907103,0.727806858920929,-0.30000001192092896,-0.251115170525238
1.2999999523162842,0.33425224521701047,-0.30000001192092896,0.3103092908859253,0.34273504189767456,-0.30000001192092896,-0.03387097992092897,-0.28989900192092893,-0.30000001192092896,-0.30000001192092896,-0.30000001192092896,1.138235305920929,-0.30000001192092896,0.30000001192092896,-0.30000001192092896,-0.299846108525238
1.2999999523162842,0.36061618421701047,-0.30000001192092896,0.3103092908859253,0.3683760668976746,-0.30000001192092896,-0.30000001192092896,-0.30000001192092896,-0.30000001192092896,-0.30000001192092896,-0.30000001192092896,0.30000001192092896,-0.30000001192092896,0.30000001192092896,-0.30000001192092896,-0.29989955252523803
1.2999999523162842,0.3303232522170105,-0.30000001192092896,0.3103092908859253,0.3512820498976746,-0.30000001192092896,-0.28387097992092897,-0.28989900192092893,-0.30000001192092896,-0.30000001192092896,-0.30000001192092896,0.575401081920929,0.13153525807907107,0.798222310920929,-0.30000001192092896,-0.26298040152523805
1.2999999523162842,0.45149498221701045,-0.30000001192092896,0.3103092908859253,0.5136752128976746,-0.30000001192092896,-0.30000001192092896,-0.30000001192092896,-0.30000001192092896,-0.30000001192092896,-0.30000001192092896,0.30000001192092896,-0.30000001192092896,0.30000001192092896,-0.30000001192092896,-0.29922074752523803
1.2999999523162842,0.3012281012170105,-0.30000001192092896,0.5680412498859253,0.5222222208976746,-0.30000001192092896,-0.30000001192092896,-0.30000001192092896,-0.30000001192092896,-0.30000001192092896,-0.30000001192092896,0.30000001192092896,-0.24605810292092894,1.300000011920929,-0.30000001192092896,-0.281672934525238
1.2999999523162842,0.3912120462170105,-0.30000001192092896,0.3103092908859253,0.5051282038976745,-0.30000001192092896,-0.30000001192092896,-0.30000001192092896,-0.30000001192092896,-0.30000001192092896,-0.30000001192092896,0.30000001192092896,-0.30000001192092896,0.30000001192092896,-0.30000001192092896,-0.29887945952523803
1.2999999523162842,0.5432825682170105,-0.30000001192092896,0.3103092908859253,0.5222222208976746,-0.30000001192092896,-0.30000001192092896,-0.30000001192092896,-0.30000001192092896,-0.30000001192092896,-0.30000001192092896,0.30000001192092896,-0.30000001192092896,0.30000001192092896,-0.30000001192092896,-0.29990088312523805
1.2999999523162842,0.5726667132170105,-0.30000001192092896,0.3103092908859253,0.5136752128976746,-0.30000001192092896,-0.30000001192092896,-0.30000001192092896,-0.30000001192092896,-0.30000001192092896,-0.30000001192092896,0.30000001192092896,-0.30000001192092896,0.30000001192092896,-0.30000001192092896,-0.29990043962523805
1.2999999523162842,0.4233225552170105,-0.30000001192092896,0.3103092908859253,0.5051282038976745,-0.30000001192092896,-0.30000001192092896,-0.30000001192092896,-0.30000001192092896,-0.30000001192092896,-0.30000001192092896,0.30000001192092896,-0.30000001192092896,0.30000001192092896,-0.30000001192092896,-0.292526499525238
1.2999999523162842,0.3618045762170105,-0.30000001192092896,0.3103092908859253,0.3512820498976746,-0.30000001192092896,-0.16290323792092895,-0.28989900192092893,-0.30000001192092896,-0.30000001192092896,-0.30000001192092896,1.038636375920929,-0.17136930692092894,1.026060097920929,-0.30000001192092896,-0.252078714525238
1.2999999523162842,0.36061618421701047,-0.30000001192092896,0.3103092908859253,0.34273504189767456,-0.30000001192092896,-0.28387097992092897,-0.27979799192092897,-0.30000001192092896,-0.30000001192092896,-0.30000001192092896,0.388235305920929,-0.30000001192092896,0.30000001192092896,-0.30000001192092896,-0.27239541352523805
1.2999999523162842,0.3327385072170105,-0.30000001192092896,0.3515464048859253,0.5393162378976746,-0.30000001192092896,-0.30000001192092896,-0.30000001192092896,0.699999988079071,-0.30000001192092896,-0.30000001192092896,0.30000001192092896,-0.24605810292092894,0.973676295920929,-0.30000001192092896,-0.22779385452523804
1.2999999523162842,1.1485317282170104,-0.30000001192092896,0.3103092908859253,0.3769230758976746,-0.30000001192092896,-0.30000001192092896,-0.30000001192092896,-0.30000001192092896,-0.30000001192092896,-0.30000001192092896,0.30000001192092896,-0.30000001192092896,0.30000001192092896,-0.30000001192092896,-0.29990465302523805
1.2999999523162842,0.3609018472170105,-0.30000001192092896,0.5268041368859253,0.5393162378976746,-0.30000001192092896,-0.30000001192092896,-0.30000001192092896,0.699999988079071,-0.30000001192092896,-0.30000001192092896,0.47446525292092895,-0.24605810292092894,1.046923599920929,-0.30000001192092896,-0.26660993552523804
1.2999999523162842,0.3051789062170105,-0.30000001192092896,0.3103092908859253,0.3256410248976746,-0.30000001192092896,-0.29193549592092893,-0.28989900192092893,-0.30000001192092896,-0.30000001192092896,-0.30000001192092896,0.4610962689209289,0.699999988079071,0.748362389920929,-0.30000001192092896,-0.257601186525238
1.2999999523162842,0.3342398252170105,-0.30000001192092896,0.3103092908859253,0.3256410248976746,-0.30000001192092896,-0.10645162492092897,-0.05757576992092894,-0.30000001192092896,-0.30000001192092896,-0.30000001192092896,0.32339573392092896,-0.30000001192092896,0.30000001192092896,-0.30000001192092896,-0.29984256052523806
1.2999999523162842,0.3915149762170105,-0.30000001192092896,0.3103092908859253,0.3683760668976746,-0.30000001192092896,-0.28387097992092897,-0.28989900192092893,-0.30000001192092896,-0.30000001192092896,-0.30000001192092896,0.575401081920929,0.16058090107907103,0.8631749139209289,-0.30000001192092896,-0.264262169525238
1.2999999523162842,0.3921208342170105,-0.30000001192092896,0.3103092908859253,0.34273504189767456,-0.30000001192092896,-0.23548388292092895,-0.28989900192092893,-0.30000001192092896,-0.30000001192092896,-0.30000001192092896,0.819385038920929,-0.07593362192092895,1.110981954920929,-0.30000001192092896,-0.251616124525238
1.2999999523162842,0.3606073992170105,-0.30000001192092896,0.4752577448859253,0.5393162378976746,-0.30000001192092896,-0.30000001192092896,-0.30000001192092896,-0.30000001192092896,-0.30000001192092896,-0.30000001192092896,0.30000001192092896,-0.24605810292092894,0.891385137920929,-0.30000001192092896,-0.276274205525238
1.2999999523162842,0.3342358872170105,-0.30000001192092896,0.3103092908859253,0.33418803289767457,-0.30000001192092896,-0.18709678592092896,-0.28989900192092893,-0.30000001192092896,-0.30000001192092896,-0.30000001192092896,1.011229958920929,-0.12572615292092895,0.9164036419209289,-0.30000001192092896,-0.24754950252523802
1.2999999523162842,0.3912120462170105,-0.30000001192092896,0.3103092908859253,0.5222222208976746,-0.30000001192092896,-0.30000001192092896,-0.30000001192092896,-0.30000001192092896,-0.30000001192092896,-0.30000001192092896,0.30000001192092896,-0.30000001192092896,0.30000001192092896,-0.30000001192092896,-0.299901104925238
1.2999999523162842,0.3009191142170105,-0.30000001192092896,0.3103092908859253,0.3256410248976746,-0.30000001192092896,-0.041935495920928934,0.023232311079071033,-0.30000001192092896,-0.30000001192092896,-0.30000001192092896,0.30000001192092896,-0.30000001192092896,0.30000001192092896,-0.30000001192092896,-0.29983945552523805
1.2999999523162842,0.4236033702170105,-0.30000001192092896,0.3103092908859253,0.5222222208976746,-0.30000001192092896,-0.30000001192092896,-0.30000001192092896,-0.30000001192092896,-0.30000001192092896,-0.30000001192092896,0.30000001192092896,-0.295850633920929,0.911283526920929,-0.30000001192092896,-0.29884974452523805
1.2999999523162842,0.6335555082170106,-0.30000001192092896,0.3103092908859253,0.3769230758976746,-0.30000001192092896,-0.30000001192092896,-0.30000001192092896,-0.30000001192092896,-0.30000001192092896,-0.30000001192092896,0.30000001192092896,-0.30000001192092896,0.30000001192092896,-0.30000001192092896,-0.29990465302523805
1.2999999523162842,1.0270594912170106,-0.30000001192092896,0.3103092908859253,0.3769230758976746,-0.30000001192092896,-0.30000001192092896,-0.30000001192092896,-0.30000001192092896,-0.30000001192092896,-0.30000001192092896,0.30000001192092896,-0.30000001192092896,0.30000001192092896,-0.30000001192092896,-0.29972547152523804
1.2999999523162842,0.3918179052170105,-0.30000001192092896,0.3103092908859253,0.5222222208976746,-0.30000001192092896,-0.30000001192092896,-0.30000001192092896,-0.30000001192092896,-0.30000001192092896,-0.30000001192092896,0.30000001192092896,-0.295850633920929,0.766397456920929,-0.30000001192092896,-0.299179056525238
1.2999999523162842,0.3027566832170105,-0.30000001192092896,0.3103092908859253,0.4025641018976746,-0.30000001192092896,-0.30000001192092896,-0.30000001192092896,-0.30000001192092896,-0.30000001192092896,-0.30000001192092896,0.30000001192092896,-0.24605810292092894,0.991112059920929,-0.30000001192092896,-0.25333742052523806
1.2999999523162842,0.3057693152170105,-0.30000001192092896,0.3103092908859253,0.34273504189767456,-0.30000001192092896,-0.050000011920928955,0.013131301079071067,-0.30000001192092896,-0.30000001192092896,-0.30000001192092896,1.1288770169209288,-0.13402490792092894,0.8893623089209289,-0.30000001192092896,-0.24606526752523802
1.2999999523162842,0.3027403252170105,-0.30000001192092896,0.3103092908859253,0.3598290588976746,-0.30000001192092896,-0.21129033492092897,-0.28989900192092893,-0.30000001192092896,-0.30000001192092896,-0.30000001192092896,0.961764717920929,-0.30000001192092896,0.30000001192092896,-0.30000001192092896,-0.29983901252523804
1.2999999523162842,0.4826967032170105,-0.30000001192092896,0.3103092908859253,0.5136752128976746,-0.30000001192092896,-0.30000001192092896,-0.30000001192092896,-0.30000001192092896,-0.30000001192092896,-0.30000001192092896,0.30000001192092896,-0.29170125692092896,0.755274616920929,-0.30000001192092896,-0.29918460052523804
1.2999999523162842,0.3315267902170105,-0.30000001192092896,0.4030927968859253,0.5393162378976746,-0.30000001192092896,-0.30000001192092896,-0.30000001192092896,0.699999988079071,-0.30000001192092896,-0.30000001192092896,0.4905080329209289,-0.24605810292092894,0.973676295920929,-0.30000001192092896,-0.23013097652523803
1.2999999523162842,0.5129896362170105,-0.30000001192092896,0.3103092908859253,0.5136752128976746,-0.30000001192092896,-0.30000001192092896,-0.30000001192092896,-0.30000001192092896,-0.30000001192092896,-0.30000001192092896,0.30000001192092896,-0.2875518789209289,0.7509791739209289,-0.30000001192092896,-0.299572901525238
1.2999999523162842,0.3627366902170105,-0.30000001192092896,0.3103092908859253,0.38547008389767456,-0.30000001192092896,-0.25161291492092897,-0.28989900192092893,-0.30000001192092896,-0.30000001192092896,-0.30000001192092896,0.825401081920929,-0.02199171292092894,1.072055110920929,-0.30000001192092896,-0.256017824525238
1.2999999523162842,0.4530096292170105,-0.30000001192092896,0.3103092908859253,0.5222222208976746,-0.30000001192092896,-0.30000001192092896,-0.30000001192092896,-0.30000001192092896,-0.30000001192092896,-0.30000001192092896,0.30000001192092896,-0.2875518789209289,0.990216424920929,-0.30000001192092896,-0.29946290852523805
1.2999999523162842,0.3921208342170105,-0.30000001192092896,0.3103092908859253,0.5307692298976746,-0.30000001192092896,-0.30000001192092896,-0.30000001192092896,-0.30000001192092896,-0.30000001192092896,-0.30000001192092896,0.30000001192092896,-0.295850633920929,1.077346022920929,-0.30000001192092896,-0.29914557052523805
1.2999999523162842,0.3912120462170105,-0.30000001192092896,0.3103092908859253,0.5222222208976746,-0.30000001192092896,-0.30000001192092896,-0.30000001192092896,-0.30000001192092896,-0.30000001192092896,-0.30000001192092896,0.30000001192092896,-0.30000001192092896,0.30000001192092896,-0.30000001192092896,-0.299901104925238
1.2999999523162842,0.39088427721701047,-0.30000001192092896,0.4752577448859253,0.5393162378976746,-0.30000001192092896,-0.30000001192092896,-0.30000001192092896,-0.30000001192092896,-0.30000001192092896,-0.30000001192092896,0.30000001192092896,-0.24605810292092894,0.713624865920929,-0.30000001192092896,-0.28574310452523805
1.2999999523162842,0.3006273932170105,-0.30000001192092896,0.3103092908859253,0.34273504189767456,-0.30000001192092896,0.07096773007907103,0.16464645307907105,-0.30000001192092896,-0.30000001192092896,-0.30000001192092896,0.30000001192092896,-0.30000001192092896,0.30000001192092896,-0.30000001192092896,-0.29983768152523804
1.2999999523162842,0.3618112402170105,-0.30000001192092896,0.4134020748859253,0.5393162378976746,-0.30000001192092896,-0.30000001192092896,-0.30000001192092896,-0.30000001192092896,-0.30000001192092896,-0.30000001192092896,0.30000001192092896,-0.24605810292092894,0.766397456920929,-0.30000001192092896,-0.28664588652523804
1.2999999523162842,0.5129896362170105,-0.30000001192092896,0.3103092908859253,0.5222222208976746,-0.30000001192092896,-0.30000001192092896,-0.30000001192092896,-0.30000001192092896,-0.30000001192092896,-0.30000001192092896,0.30000001192092896,-0.30000001192092896,0.30000001192092896,-0.30000001192092896,-0.29990088312523805
1.2999999523162842,0.4230196262170105,-0.30000001192092896,0.3103092908859253,0.38547008389767456,-0.30000001192092896,-0.29193549592092893,-0.28989900192092893,-0.30000001192092896,-0.30000001192092896,-0.30000001192092896,0.460427818920929,0.695850610079071,0.973676295920929,-0.30000001192092896,-0.254108477525238
1.2999999523162842,0.4221108382170105,-0.30000001192092896,0.3103092908859253,0.4025641018976746,-0.30000001192092896,-0.30000001192092896,-0.30000001192092896,-0.30000001192092896,-0.30000001192092896,-0.30000001192092896,0.30000001192092896,-0.30000001192092896,0.30000001192092896,-0.30000001192092896,-0.272189177525238
1.2999999523162842,0.3309291102170105,-0.30000001192092896,0.3103092908859253,0.3683760668976746,-0.30000001192092896,-0.30000001192092896,-0.30000001192092896,-0.30000001192092896,-0.30000001192092896,-0.30000001192092896,0.30000001192092896,-0.30000001192092896,0.30000001192092896,-0.30000001192092896,-0.29905442752523803
1.2999999523162842,0.4517979122170105,-0.30000001192092896,0.3103092908859253,0.5222222208976746,-0.30000001192092896,-0.30000001192092896,-0.30000001192092896,-0.30000001192092896,-0.30000001192092896,-0.30000001192092896,0.30000001192092896,-0.29170125692092896,0.897441642920929,-0.30000001192092896,-0.29880960552523805
1.2999999523162842,0.5726667132170105,-0.30000001192092896,0.3103092908859253,0.5222222208976746,-0.30000001192092896,-0.30000001192092896,-0.30000001192092896,-0.30000001192092896,-0.30000001192092896,-0.30000001192092896,0.30000001192092896,-0.30000001192092896,0.30000001192092896,-0.30000001192092896,-0.299328522525238
1.2999999523162842,0.3033325522170105,-0.30000001192092896,0.3103092908859253,0.33418803289767457,-0.30000001192092896,-0.12258065692092895,-0.07777778992092896,-0.30000001192092896,-0.30000001192092896,-0.30000001192092896,0.30000001192092896,-0.30000001192092896,0.30000001192092896,-0.30000001192092896,-0.273922226525238
1.2999999523162842,0.4829996322170105,-0.30000001192092896,0.3103092908859253,0.5136752128976746,-0.30000001192092896,-0.30000001192092896,-0.30000001192092896,-0.30000001192092896,-0.30000001192092896,-0.30000001192092896,0.30000001192092896,-0.30000001192092896,0.30000001192092896,-0.30000001192092896,-0.299471335525238
1.2999999523162842,0.5129896362170105,-0.30000001192092896,0.3103092908859253,0.5222222208976746,-0.30000001192092896,-0.30000001192092896,-0.30000001192092896,-0.30000001192092896,-0.30000001192092896,-0.30000001192092896,0.30000001192092896,-0.30000001192092896,0.30000001192092896,-0.30000001192092896,-0.29990088312523805
1.2999999523162842,0.45149498221701045,-0.30000001192092896,0.3103092908859253,0.5307692298976746,-0.30000001192092896,-0.30000001192092896,-0.30000001192092896,-0.30000001192092896,-0.30000001192092896,-0.30000001192092896,0.30000001192092896,-0.30000001192092896,0.30000001192092896,-0.30000001192092896,-0.299897113525238
1.2999999523162842,0.5438884272170105,-0.30000001192092896,0.3103092908859253,0.5222222208976746,-0.30000001192092896,-0.30000001192092896,-0.30000001192092896,-0.30000001192092896,-0.30000001192092896,-0.30000001192092896,0.30000001192092896,-0.295850633920929,0.9747591699209289,-0.30000001192092896,-0.29965184752523805
1.2999999523162842,0.3051628512170105,-0.30000001192092896,0.3103092908859253,0.33418803289767457,-0.30000001192092896,-0.08225807692092896,-0.027272738920928963,-0.30000001192092896,-0.30000001192092896,-0.30000001192092896,0.30000001192092896,-0.30000001192092896,0.30000001192092896,-0.30000001192092896,-0.29984012152523803
1.2999999523162842,0.3609042702170105,-0.30000001192092896,0.3103092908859253,0.33418803289767457,-0.30000001192092896,-0.15483872192092896,-0.28989900192092893,-0.30000001192092896,-0.30000001192092896,-0.30000001192092896,0.989839583920929,-0.30000001192092896,0.30000001192092896,-0.30000001192092896,-0.255023677525238
1.2999999523162842,0.33456214221701047,-0.30000001192092896,0.3103092908859253,0.3598290588976746,-0.30000001192092896,-0.23548388292092895,-0.21919193092092895,-0.30000001192092896,-0.30000001192092896,-0.30000001192092896,0.8929144509209289,0.16058090107907103,1.077346022920929,-0.30000001192092896,-0.23734081452523803
1.2999999523162842,0.4820908442170105,-0.30000001192092896,0.3103092908859253,0.5307692298976746,-0.30000001192092896,-0.30000001192092896,-0.30000001192092896,-0.30000001192092896,-0.30000001192092896,-0.30000001192092896,0.30000001192092896,-0.295850633920929,0.7165446179209289,-0.30000001192092896,-0.29971216552523805
1.2999999523162842,0.4820887242170105,-0.30000001192092896,0.3103092908859253,0.5307692298976746,-0.30000001192092896,-0.30000001192092896,-0.30000001192092896,-0.30000001192092896,-0.30000001192092896,-0.30000001192092896,0.30000001192092896,-0.30000001192092896,0.30000001192092896,-0.30000001192092896,-0.29990043962523805
1.2999999523162842,0.7544206742170105,-0.30000001192092896,0.3103092908859253,0.3769230758976746,-0.30000001192092896,-0.30000001192092896,-0.30000001192092896,-0.30000001192092896,-0.30000001192092896,-0.30000001192092896,0.30000001192092896,-0.30000001192092896,0.30000001192092896,-0.30000001192092896,-0.29990487482523803
1.2999999523162842,0.4217951852170105,-0.30000001192092896,0.3103092908859253,0.5307692298976746,-0.30000001192092896,-0.30000001192092896,-0.30000001192092896,-0.30000001192092896,-0.30000001192092896,-0.30000001192092896,0.30000001192092896,-0.283402501920929,0.897441642920929,-0.30000001192092896,-0.299016950525238
1.2999999523162842,0.4833019562170105,-0.30000001192092896,0.3103092908859253,0.5222222208976746,-0.30000001192092896,-0.30000001192092896,-0.30000001192092896,-0.30000001192092896,-0.30000001192092896,-0.30000001192092896,0.30000001192092896,-0.30000001192092896,0.30000001192092896,-0.30000001192092896,-0.29127267252523803
1.2999999523162842,0.4820908442170105,-0.30000001192092896,0.3103092908859253,0.5307692298976746,-0.30000001192092896,-0.30000001192092896,-0.30000001192092896,-0.30000001192092896,-0.30000001192092896,-0.30000001192092896,0.30000001192092896,-0.30000001192092896,0.30000001192092896,-0.30000001192092896,-0.299012293525238
1.2999999523162842,0.33123204021701047,-0.30000001192092896,0.3103092908859253,0.3940170928976746,-0.30000001192092896,-0.27580646392092895,-0.26969698192092895,-0.30000001192092896,-0.30000001192092896,-0.30000001192092896,0.30000001192092896,-0.30000001192092896,0.30000001192092896,-0.30000001192092896,-0.298961288525238
0.2999999523162842,0.3302953822170105,-0.20169065592092894,0.3000000128859253,0.3512820498976746,0.699999988079071,-0.30000001192092896,-0.30000001192092896,0.699999988079071,-0.23939395092092897,0.16058090107907103,0.30000001192092896,-0.30000001192092896,0.30000001192092896,-0.10000001192092894,-0.29587528652523803
1.2999999523162842,0.3912120462170105,-0.30000001192092896,0.3103092908859253,0.3512820498976746,-0.30000001192092896,-0.25967743092092893,-0.24949496092092896,-0.30000001192092896,-0.30000001192092896,-0.30000001192092896,0.30000001192092896,-0.30000001192092896,0.30000001192092896,-0.30000001192092896,-0.299854978525238
1.2999999523162842,0.3036424482170105,-0.30000001192092896,0.3103092908859253,0.3256410248976746,-0.30000001192092896,0.03870966507907103,-0.28989900192092893,-0.30000001192092896,-0.30000001192092896,-0.30000001192092896,1.142246000920929,-0.30000001192092896,0.30000001192092896,-0.30000001192092896,-0.29983989952523804
1.2999999523162842,0.3021281052170105,-0.30000001192092896,0.3103092908859253,0.34273504189767456,-0.30000001192092896,-0.11451614092092896,-0.06767677992092896,-0.30000001192092896,-0.30000001192092896,-0.30000001192092896,0.30000001192092896,-0.30000001192092896,0.30000001192092896,-0.30000001192092896,-0.29983790352523804
1.2999999523162842,0.42271669621701047,-0.30000001192092896,0.3103092908859253,0.5136752128976746,-0.30000001192092896,-0.30000001192092896,-0.30000001192092896,-0.30000001192092896,-0.30000001192092896,-0.30000001192092896,0.30000001192092896,-0.30000001192092896,0.30000001192092896,-0.30000001192092896,-0.299900661325238
0.2999999523162842,0.3000115375170105,-0.15945616192092896,0.3000000128859253,0.3170940158976746,0.699999988079071,-0.30000001192092896,-0.30000001192092896,0.699999988079071,-0.26969698192092895,-0.14647304092092894,0.30000001192092896,-0.30000001192092896,0.30000001192092896,-0.23333334492092894,-0.298627097525238
1.2999999523162842,0.48239377421701046,-0.30000001192092896,0.3103092908859253,0.5222222208976746,-0.30000001192092896,-0.30000001192092896,-0.30000001192092896,-0.30000001192092896,-0.30000001192092896,-0.30000001192092896,0.30000001192092896,-0.30000001192092896,0.30000001192092896,-0.30000001192092896,-0.299901104925238
1.2999999523162842,0.4817879152170105,-0.30000001192092896,0.3103092908859253,0.5222222208976746,-0.30000001192092896,-0.30000001192092896,-0.30000001192092896,-0.30000001192092896,-0.30000001192092896,-0.30000001192092896,0.30000001192092896,-0.295850633920929,0.944194374920929,-0.30000001192092896,-0.299694203525238
1.2999999523162842,0.3309291102170105,-0.30000001192092896,0.3103092908859253,0.3769230758976746,-0.30000001192092896,-0.29193549592092893,-0.28989900192092893,-0.30000001192092896,-0.30000001192092896,-0.30000001192092896,0.4610962689209289,-0.30000001192092896,0.30000001192092896,-0.30000001192092896,-0.27887832452523803
1.2999999523162842,0.7850201712170105,-0.30000001192092896,0.3103092908859253,0.3769230758976746,-0.30000001192092896,-0.30000001192092896,-0.30000001192092896,-0.30000001192092896,-0.30000001192092896,-0.30000001192092896,0.30000001192092896,-0.30000001192092896,0.30000001192092896,-0.30000001192092896,-0.29990487482523803
1.2999999523162842,0.5120808482170105,-0.30000001192092896,0.3103092908859253,0.5222222208976746,-0.30000001192092896,-0.30000001192092896,-0.30000001192092896,-0.30000001192092896,-0.30000001192092896,-0.30000001192092896,0.30000001192092896,-0.30000001192092896,0.30000001192092896,-0.30000001192092896,-0.299901104925238
1.2999999523162842,0.3909091172170105,-0.30000001192092896,0.3103092908859253,0.5222222208976746,-0.30000001192092896,-0.30000001192092896,-0.30000001192092896,-0.30000001192092896,-0.30000001192092896,-0.30000001192092896,0.30000001192092896,-0.29170125692092896,0.973676295920929,-0.30000001192092896,-0.299292597525238
1.2999999523162842,0.3606019472170105,-0.30000001192092896,0.3618556828859253,0.5393162378976746,-0.30000001192092896,-0.30000001192092896,-0.30000001192092896,0.699999988079071,-0.30000001192092896,-0.30000001192092896,0.30000001192092896,-0.24605810292092894,1.0696440369209288,-0.30000001192092896,-0.27375856752523803
1.2999999523162842,0.4221108382170105,-0.30000001192092896,0.3103092908859253,0.5222222208976746,-0.30000001192092896,-0.30000001192092896,-0.30000001192092896,0.699999988079071,-0.30000001192092896,-0.30000001192092896,0.30000001192092896,-0.30000001192092896,0.30000001192092896,-0.30000001192092896,-0.29889431752523804
1.2999999523162842,0.3612220432170105,-0.30000001192092896,0.3103092908859253,0.3683760668976746,-0.30000001192092896,-0.25967743092092893,-0.24949496092092896,-0.30000001192092896,-0.30000001192092896,-0.30000001192092896,0.30000001192092896,-0.30000001192092896,0.30000001192092896,-0.30000001192092896,-0.29985431352523806
1.2999999523162842,0.5438884272170105,-0.30000001192092896,0.3103092908859253,0.5222222208976746,-0.30000001192092896,-0.30000001192092896,-0.30000001192092896,-0.30000001192092896,-0.30000001192092896,-0.30000001192092896,0.30000001192092896,-0.30000001192092896,0.30000001192092896,-0.30000001192092896,-0.299901104925238
1.2999999523162842,0.5132925652170105,-0.30000001192092896,0.3103092908859253,0.5222222208976746,-0.30000001192092896,-0.30000001192092896,-0.30000001192092896,-0.30000001192092896,-0.30000001192092896,-0.30000001192092896,0.30000001192092896,-0.30000001192092896,0.30000001192092896,-0.30000001192092896,-0.299900661325238
1.2999999523162842,0.3036618362170105,-0.30000001192092896,0.3515464048859253,0.4880341868976746,-0.30000001192092896,-0.30000001192092896,-0.30000001192092896,0.699999988079071,-0.30000001192092896,-0.30000001192092896,0.30000001192092896,-0.24605810292092894,0.7381502899209289,-0.30000001192092896,-0.276447177525238
1.2999999523162842,0.4530096292170105,-0.30000001192092896,0.3103092908859253,0.5222222208976746,-0.30000001192092896,-0.30000001192092896,-0.30000001192092896,-0.30000001192092896,-0.30000001192092896,-0.30000001192092896,0.30000001192092896,-0.2875518789209289,1.1746556309209288,-0.30000001192092896,-0.291725061525238
1.2999999523162842,0.3027312372170105,-0.30000001192092896,0.3103092908859253,0.3256410248976746,-0.30000001192092896,0.240322569079071,-0.28989900192092893,-0.30000001192092896,-0.30000001192092896,-0.30000001192092896,1.195721936920929,-0.30000001192092896,0.30000001192092896,-0.30000001192092896,-0.29983989952523804
1.2999999523162842,0.4820893302170105,-0.30000001192092896,0.3103092908859253,0.38547008389767456,-0.30000001192092896,-0.29193549592092893,-0.28989900192092893,-0.30000001192092896,-0.30000001192092896,-0.30000001192092896,0.4597593699209289,0.691701233079071,0.7939963459209289,-0.30000001192092896,-0.26166891652523805
1.2999999523162842,0.3345403312170105,-0.30000001192092896,0.3103092908859253,0.3598290588976746,-0.30000001192092896,-0.20322581792092898,-0.17878789092092895,-0.30000001192092896,-0.30000001192092896,-0.30000001192092896,0.30000001192092896,-0.30000001192092896,0.30000001192092896,-0.30000001192092896,-0.29984278252523805
1.2999999523162842,0.4517979122170105,-0.30000001192092896,0.3103092908859253,0.5222222208976746,-0.30000001192092896,-0.30000001192092896,-0.30000001192092896,-0.30000001192092896,-0.30000001192092896,-0.30000001192092896,0.30000001192092896,-0.30000001192092896,0.30000001192092896,-0.30000001192092896,-0.299901104925238
1.2999999523162842,0.7241313762170105,-0.30000001192092896,0.3103092908859253,0.3769230758976746,-0.30000001192092896,-0.30000001192092896,-0.30000001192092896,-0.30000001192092896,-0.30000001192092896,-0.30000001192092896,0.30000001192092896,-0.30000001192092896,0.30000001192092896,-0.30000001192092896,-0.29972569352523803
1.2999999523162842,0.5120808482170105,-0.30000001192092896,0.3103092908859253,0.5222222208976746,-0.30000001192092896,-0.30000001192092896,-0.30000001192092896,-0.30000001192092896,-0.30000001192092896,-0.30000001192092896,0.30000001192092896,-0.30000001192092896,0.30000001192092896,-0.30000001192092896,-0.29990132662523805
1.2999999523162842,0.4236254842170105,-0.30000001192092896,0.3103092908859253,0.33418803289767457,-0.30000001192092896,-0.21935485092092893,-0.19898991092092894,-0.30000001192092896,-0.30000001192092896,-0.30000001192092896,0.30000001192092896,-0.30000001192092896,0.30000001192092896,-0.30000001192092896,-0.299855200525238
1.2999999523162842,0.4524037702170105,-0.30000001192092896,0.3103092908859253,0.5307692298976746,-0.30000001192092896,-0.30000001192092896,-0.30000001192092896,-0.30000001192092896,-0.30000001192092896,-0.30000001192092896,0.30000001192092896,-0.30000001192092896,0.30000001192092896,-0.30000001192092896,-0.299896891525238
1.2999999523162842,0.48239377421701046,-0.30000001192092896,0.3103092908859253,0.5051282038976745,-0.30000001192092896,-0.30000001192092896,-0.30000001192092896,-0.30000001192092896,-0.30000001192092896,-0.30000001192092896,0.30000001192092896,-0.295850633920929,1.046923599920929,-0.30000001192092896,-0.29969752952523804
1.2999999523162842,0.3306261812170105,-0.30000001192092896,0.3103092908859253,0.3512820498976746,-0.30000001192092896,-0.16290323792092895,-0.28989900192092893,-0.30000001192092896,-0.30000001192092896,-0.30000001192092896,1.038636375920929,-0.17136930692092894,0.8573142639209289,-0.30000001192092896,-0.24886630952523803
1.2999999523162842,0.3330402252170105,-0.30000001192092896,0.3824742398859253,0.5393162378976746,-0.30000001192092896,-0.30000001192092896,-0.30000001192092896,0.699999988079071,-0.30000001192092896,-0.30000001192092896,0.30000001192092896,-0.24605810292092894,0.765188056920929,-0.30000001192092896,-0.23632715252523803
1.2999999523162842,1.2394141612170104,-0.30000001192092896,0.3103092908859253,0.3769230758976746,-0.30000001192092896,-0.30000001192092896,-0.30000001192092896,-0.30000001192092896,-0.30000001192092896,-0.30000001192092896,0.30000001192092896,-0.30000001192092896,0.30000001192092896,-0.30000001192092896,-0.29983280252523803
1.2999999523162842,0.9967677702170105,-0.30000001192092896,0.3103092908859253,0.3769230758976746,-0.30000001192092896,-0.30000001192092896,-0.30000001192092896,-0.30000001192092896,-0.30000001192092896,-0.30000001192092896,0.30000001192092896,-0.30000001192092896,0.30000001192092896,-0.30000001192092896,-0.299761618525238
1.2999999523162842,0.3024537542170105,-0.30000001192092896,0.3103092908859253,0.34273504189767456,-0.30000001192092896,-0.23548388292092895,-0.28989900192092893,-0.30000001192092896,-0.30000001192092896,-0.30000001192092896,0.893582899920929,-0.03858922392092895,1.072055110920929,-0.30000001192092896,-0.25063129152523805
1.2999999523162842,0.5438884272170105,-0.30000001192092896,0.3103092908859253,0.5136752128976746,-0.30000001192092896,-0.30000001192092896,-0.30000001192092896,-0.30000001192092896,-0.30000001192092896,-0.30000001192092896,0.30000001192092896,-0.30000001192092896,0.30000001192092896,-0.30000001192092896,-0.29990088312523805
1.2999999523162842,0.4239272022170105,-0.30000001192092896,0.3103092908859253,0.5136752128976746,-0.30000001192092896,-0.30000001192092896,-0.30000001192092896,-0.30000001192092896,-0.30000001192092896,-0.30000001192092896,0.30000001192092896,-0.295850633920929,0.748362389920929,-0.30000001192092896,-0.298966389525238
1.2999999523162842,0.7850201712170105,-0.30000001192092896,0.3103092908859253,0.3683760668976746,-0.30000001192092896,-0.30000001192092896,-0.30000001192092896,-0.30000001192092896,-0.30000001192092896,-0.30000001192092896,0.30000001192092896,-0.295850633920929,0.7381502899209289,-0.30000001192092896,-0.299616365525238
1.2999999523162842,0.3051558832170105,-0.30000001192092896,0.3103092908859253,0.33418803289767457,-0.30000001192092896,-0.13064517292092895,-0.08787879992092895,-0.30000001192092896,-0.30000001192092896,-0.30000001192092896,0.30000001192092896,-0.30000001192092896,0.30000001192092896,-0.30000001192092896,-0.29984034252523806
1.2999999523162842,0.4527067002170105,-0.30000001192092896,0.3103092908859253,0.5222222208976746,-0.30000001192092896,-0.30000001192092896,-0.30000001192092896,-0.30000001192092896,-0.30000001192092896,-0.30000001192092896,0.30000001192092896,-0.30000001192092896,0.30000001192092896,-0.30000001192092896,-0.29990088312523805
1.2999999523162842,0.4221108382170105,-0.30000001192092896,0.3103092908859253,0.46239316089767457,-0.30000001192092896,-0.25967743092092893,-0.28989900192092893,-0.30000001192092896,-0.30000001192092896,-0.30000001192092896,0.753877016920929,-0.30000001192092896,0.30000001192092896,-0.30000001192092896,-0.29985764052523806
1.2999999523162842,0.4517979122170105,-0.30000001192092896,0.3103092908859253,0.5136752128976746,-0.30000001192092896,-0.30000001192092896,-0.30000001192092896,-0.30000001192092896,-0.30000001192092896,-0.30000001192092896,0.30000001192092896,-0.30000001192092896,0.30000001192092896,-0.30000001192092896,-0.299896669525238
1.2999999523162842,0.5429796392170105,-0.30000001192092896,0.3103092908859253,0.5222222208976746,-0.30000001192092896,-0.30000001192092896,-0.30000001192092896,-0.30000001192092896,-0.30000001192092896,-0.30000001192092896,0.30000001192092896,-0.30000001192092896,0.30000001192092896,-0.30000001192092896,-0.299900661325238
1.2999999523162842,0.3909091172170105,-0.30000001192092896,0.3103092908859253,0.3512820498976746,-0.30000001192092896,-0.30000001192092896,-0.30000001192092896,-0.30000001192092896,-0.30000001192092896,-0.30000001192092896,0.30000001192092896,-0.30000001192092896,0.30000001192092896,-0.30000001192092896,-0.299439623525238
1.2999999523162842,0.3921208342170105,-0.30000001192092896,0.3103092908859253,0.5051282038976745,-0.30000001192092896,-0.30000001192092896,-0.30000001192092896,-0.30000001192092896,-0.30000001192092896,-0.30000001192092896,0.30000001192092896,-0.30000001192092896,0.30000001192092896,-0.30000001192092896,-0.299686220525238
1.2999999523162842,0.5123837772170106,-0.30000001192092896,0.3103092908859253,0.5136752128976746,-0.30000001192092896,-0.30000001192092896,-0.30000001192092896,-0.30000001192092896,-0.30000001192092896,-0.30000001192092896,0.30000001192092896,-0.27095436892092895,1.072055110920929,-0.30000001192092896,-0.298653265525238
1.2999999523162842,0.5429796392170105,-0.30000001192092896,0.3103092908859253,0.5222222208976746,-0.30000001192092896,-0.30000001192092896,-0.30000001192092896,-0.30000001192092896,-0.30000001192092896,-0.30000001192092896,0.30000001192092896,-0.30000001192092896,0.30000001192092896,-0.30000001192092896,-0.29990043962523805
1.2999999523162842,0.3306261812170105,-0.30000001192092896,0.3103092908859253,0.2999999988976746,-0.30000001192092896,-0.30000001192092896,-0.30000001192092896,-0.30000001192092896,-0.30000001192092896,-0.30000001192092896,0.30000001192092896,-0.30000001192092896,0.30000001192092896,-0.30000001192092896,-0.298712696525238
1.2999999523162842,0.3621059912170105,-0.30000001192092896,0.5164948578859253,0.5393162378976746,-0.30000001192092896,-0.30000001192092896,-0.30000001192092896,-0.30000001192092896,-0.30000001192092896,-0.30000001192092896,0.30000001192092896,-0.24605810292092894,0.713624865920929,-0.30000001192092896,-0.285736008525238
1.2999999523162842,0.3318378982170105,-0.30000001192092896,0.3103092908859253,0.34273504189767456,-0.30000001192092896,-0.28387097992092897,-0.27979799192092897,-0.30000001192092896,-0.30000001192092896,-0.30000001192092896,0.36082888892092896,-0.30000001192092896,0.30000001192092896,-0.30000001192092896,-0.299843225525238
1.2999999523162842,0.39333255221701047,-0.30000001192092896,0.3103092908859253,0.3256410248976746,-0.30000001192092896,-0.17096775392092894,-0.13838384992092895,-0.30000001192092896,-0.30000001192092896,-0.30000001192092896,0.30000001192092896,-0.30000001192092896,0.30000001192092896,-0.30000001192092896,-0.299855200525238
1.2999999523162842,0.4826679252170105,-0.30000001192092896,0.3103092908859253,0.5307692298976746,-0.30000001192092896,-0.30000001192092896,-0.30000001192092896,-0.30000001192092896,-0.30000001192092896,-0.30000001192092896,0.30000001192092896,-0.30000001192092896,0.30000001192092896,-0.30000001192092896,-0.299793329525238
1.2999999523162842,0.3024537542170105,-0.30000001192092896,0.3103092908859253,0.34273504189767456,-0.30000001192092896,-0.29193549592092893,-0.28989900192092893,-0.30000001192092896,-0.30000001192092896,-0.30000001192092896,0.4610962689209289,0.20622405407907107,1.003730975920929,-0.30000001192092896,-0.27660551352523804
1.2999999523162842,0.4211926592170105,-0.30000001192092896,0.3103092908859253,0.5222222208976746,-0.30000001192092896,-0.30000001192092896,-0.30000001192092896,-0.30000001192092896,-0.30000001192092896,-0.30000001192092896,0.30000001192092896,-0.30000001192092896,0.30000001192092896,-0.30000001192092896,-0.29990154842523803
1.2999999523162842,0.6044742922170105,-0.30000001192092896,0.3103092908859253,0.5222222208976746,-0.30000001192092896,-0.30000001192092896,-0.30000001192092896,-0.30000001192092896,-0.30000001192092896,-0.30000001192092896,0.30000001192092896,-0.30000001192092896,0.30000001192092896,-0.30000001192092896,-0.299364003525238
1.2999999523162842,0.3009115402170105,-0.30000001192092896,0.3103092908859253,0.33418803289767457,-0.30000001192092896,0.05483869807907105,0.14444443207907104,-0.30000001192092896,-0.30000001192092896,-0.30000001192092896,0.30000001192092896,-0.30000001192092896,0.30000001192092896,-0.30000001192092896,-0.28736505252523803
1.2999999523162842,0.3039468922170105,-0.30000001192092896,0.3103092908859253,0.3170940158976746,-0.30000001192092896,0.11129031107907106,0.21515150307907105,-0.30000001192092896,-0.30000001192092896,-0.30000001192092896,0.316711241920929,-0.19626557192092897,1.044382434920929,-0.30000001192092896,-0.267800117525238
1.2999999523162842,0.3006216372170105,-0.30000001192092896,0.3103092908859253,0.3598290588976746,-0.30000001192092896,-0.17096775392092894,-0.13838384992092895,-0.30000001192092896,-0.30000001192092896,-0.30000001192092896,0.30000001192092896,-0.30000001192092896,0.30000001192092896,-0.30000001192092896,-0.29984078652523805
1.2999999523162842,0.45149498221701045,-0.30000001192092896,0.3103092908859253,0.5222222208976746,-0.30000001192092896,-0.30000001192092896,-0.30000001192092896,-0.30000001192092896,-0.30000001192092896,-0.30000001192092896,0.30000001192092896,-0.30000001192092896,0.30000001192092896,-0.30000001192092896,-0.299900661325238
1.2999999523162842,0.3006128522170105,-0.30000001192092896,0.4340206318859253,0.5393162378976746,-0.30000001192092896,-0.30000001192092896,-0.30000001192092896,0.699999988079071,-0.30000001192092896,-0.30000001192092896,0.30000001192092896,-0.24605810292092894,0.909611701920929,-0.30000001192092896,-0.24926015352523803
1.2999999523162842,0.3618279022170105,-0.30000001192092896,0.3103092908859253,0.3769230758976746,-0.30000001192092896,-0.28387097992092897,-0.28989900192092893,-0.30000001192092896,-0.30000001192092896,-0.30000001192092896,0.5747326319209289,0.08589210407907105,0.976949329920929,-0.30000001192092896,-0.24773888552523804
0.2999999523162842,0.3006289072170105,-0.23837549492092897,0.3000000128859253,0.33418803289767457,0.699999988079071,-0.30000001192092896,-0.30000001192092896,0.699999988079071,-0.06767677992092896,-0.09668050992092894,0.30000001192092896,-0.30000001192092896,0.30000001192092896,-0.23333334492092894,-0.298138340525238
1.2999999523162842,0.4224137672170105,-0.30000001192092896,0.3103092908859253,0.5222222208976746,-0.30000001192092896,-0.30000001192092896,-0.30000001192092896,-0.30000001192092896,-0.30000001192092896,-0.30000001192092896,0.30000001192092896,-0.30000001192092896,0.30000001192092896,-0.30000001192092896,-0.299870723525238
1.2999999523162842,0.3309218402170105,-0.30000001192092896,0.5474226928859254,0.5393162378976746,-0.30000001192092896,-0.30000001192092896,-0.30000001192092896,0.699999988079071,-0.30000001192092896,-0.30000001192092896,0.30000001192092896,-0.24605810292092894,0.766034467920929,-0.30000001192092896,-0.297936539525238
1.2999999523162842,0.5432825682170105,-0.30000001192092896,0.3103092908859253,0.5222222208976746,-0.30000001192092896,-0.30000001192092896,-0.30000001192092896,-0.30000001192092896,-0.30000001192092896,-0.30000001192092896,0.30000001192092896,-0.29170125692092896,1.124763670920929,-0.30000001192092896,-0.29927396952523805
1.2999999523162842,0.36391902321701053,-0.30000001192092896,0.3103092908859253,0.3256410248976746,-0.30000001192092896,-0.27580646392092895,-0.28989900192092893,-0.30000001192092896,-0.30000001192092896,-0.30000001192092896,0.6629679259209289,-0.30000001192092896,0.30000001192092896,-0.30000001192092896,-0.276686233525238
1.2999999523162842,1.1785253662170105,-0.30000001192092896,0.3103092908859253,0.3769230758976746,-0.30000001192092896,-0.30000001192092896,-0.30000001192092896,-0.30000001192092896,-0.30000001192092896,-0.30000001192092896,0.30000001192092896,-0.30000001192092896,0.30000001192092896,-0.30000001192092896,-0.299904431225238
1.2999999523162842,0.9967677702170105,-0.30000001192092896,0.3103092908859253,0.3769230758976746,-0.30000001192092896,-0.30000001192092896,-0.30000001192092896,-0.30000001192092896,-0.30000001192092896,-0.30000001192092896,0.30000001192092896,-0.30000001192092896,0.30000001192092896,-0.30000001192092896,-0.29979310852523805
1.2999999523162842,0.5435854982170105,-0.30000001192092896,0.3103092908859253,0.5136752128976746,-0.30000001192092896,-0.30000001192092896,-0.30000001192092896,-0.30000001192092896,-0.30000001192092896,-0.30000001192092896,0.30000001192092896,-0.30000001192092896,0.30000001192092896,-0.30000001192092896,-0.299900661325238
1.2999999523162842,0.3339368962170105,-0.30000001192092896,0.3103092908859253,0.3256410248976746,-0.30000001192092896,-0.20322581792092898,-0.17878789092092895,-0.30000001192092896,-0.30000001192092896,-0.30000001192092896,0.30000001192092896,-0.30000001192092896,0.30000001192092896,-0.30000001192092896,-0.29983901252523804
1.2999999523162842,0.42150497921701047,-0.30000001192092896,0.3103092908859253,0.5222222208976746,-0.30000001192092896,-0.30000001192092896,-0.30000001192092896,-0.30000001192092896,-0.30000001192092896,-0.30000001192092896,0.30000001192092896,-0.30000001192092896,0.30000001192092896,-0.30000001192092896,-0.299900661325238
1.2999999523162842,0.3306180022170105,-0.30000001192092896,0.3103092908859253,0.3256410248976746,-0.30000001192092896,-0.08225807692092896,-0.027272738920928963,-0.30000001192092896,-0.30000001192092896,-0.30000001192092896,0.30000001192092896,-0.30000001192092896,0.30000001192092896,-0.30000001192092896,-0.29983989952523804
1.2999999523162842,0.4530096292170105,-0.30000001192092896,0.3103092908859253,0.5051282038976745,-0.30000001192092896,-0.30000001192092896,-0.30000001192092896,-0.30000001192092896,-0.30000001192092896,-0.30000001192092896,0.30000001192092896,-0.30000001192092896,0.30000001192092896,-0.30000001192092896,-0.299542741525238
1.2999999523162842,0.3918179052170105,-0.30000001192092896,0.3103092908859253,0.3769230758976746,-0.30000001192092896,-0.26774194692092895,-0.259595971920929,-0.30000001192092896,-0.30000001192092896,-0.30000001192092896,0.30000001192092896,-0.30000001192092896,0.30000001192092896,-0.30000001192092896,-0.29986185352523803
1.2999999523162842,0.4521008412170105,-0.30000001192092896,0.3103092908859253,0.5136752128976746,-0.30000001192092896,-0.30000001192092896,-0.30000001192092896,-0.30000001192092896,-0.30000001192092896,-0.30000001192092896,0.30000001192092896,-0.283402501920929,1.126473973920929,-0.30000001192092896,-0.297720989525238
1.2999999523162842,0.3321408282170105,-0.30000001192092896,0.3103092908859253,0.3683760668976746,-0.30000001192092896,-0.29193549592092893,-0.28989900192092893,-0.30000001192092896,-0.30000001192092896,-0.30000001192092896,0.460427818920929,0.2560165860790711,0.7089505379209289,-0.30000001192092896,-0.263346303525238
1.2999999523162842,0.3048471982170105,-0.30000001192092896,0.3103092908859253,0.34273504189767456,-0.30000001192092896,-0.08225807692092896,-0.28989900192092893,-0.30000001192092896,-0.30000001192092896,-0.30000001192092896,1.112165786920929,-0.30000001192092896,0.30000001192092896,-0.30000001192092896,-0.24877849252523804
1.2999999523162842,0.3303232522170105,-0.30000001192092896,0.3103092908859253,0.3512820498976746,-0.30000001192092896,-0.25161291492092897,-0.28989900192092893,-0.30000001192092896,-0.30000001192092896,-0.30000001192092896,0.825401081920929,-0.03443984592092897,1.003730975920929,-0.30000001192092896,-0.25525807752523805
1.2999999523162842,0.5120714572170105,-0.30000001192092896,0.3721649608859253,0.4794871778976746,-0.30000001192092896,-0.30000001192092896,-0.30000001192092896,-0.30000001192092896,-0.30000001192092896,-0.30000001192092896,0.30000001192092896,-0.24605810292092894,0.765188056920929,-0.30000001192092896,-0.295104229525238
1.2999999523162842,0.3006073992170105,-0.30000001192092896,0.3103092908859253,0.34273504189767456,-0.30000001192092896,-0.12258065692092895,-0.28989900192092893,-0.30000001192092896,-0.30000001192092896,-0.30000001192092896,1.0794117769209288,-0.30000001192092896,0.30000001192092896,-0.30000001192092896,-0.29983967752523805
1.2999999523162842,0.3936303312170105,-0.30000001192092896,0.3103092908859253,0.44529914389767455,-0.30000001192092896,-0.25967743092092893,-0.28989900192092893,-0.30000001192092896,-0.30000001192092896,-0.30000001192092896,0.684358300920929,-0.30000001192092896,0.30000001192092896,-0.30000001192092896,-0.272826735525238
1.2999999523162842,0.6035655042170105,-0.30000001192092896,0.3103092908859253,0.5136752128976746,-0.30000001192092896,-0.30000001192092896,-0.30000001192092896,-0.30000001192092896,-0.30000001192092896,-0.30000001192092896,0.30000001192092896,-0.30000001192092896,0.30000001192092896,-0.30000001192092896,-0.299292375525238
1.2999999523162842,0.3012220432170105,-0.30000001192092896,0.3515464048859253,0.4538461528976746,-0.30000001192092896,-0.23548388292092895,-0.28989900192092893,-0.30000001192092896,-0.30000001192092896,-0.30000001192092896,0.893582899920929,0.16058090107907103,1.119382977920929,-0.30000001192092896,-0.24155268852523804
1.2999999523162842,0.3318354752170105,-0.30000001192092896,0.3103092908859253,0.3256410248976746,-0.30000001192092896,-0.16290323792092895,-0.12828283992092895,-0.30000001192092896,-0.30000001192092896,-0.30000001192092896,0.30000001192092896,-0.30000001192092896,0.30000001192092896,-0.30000001192092896,-0.29984012152523803
1.2999999523162842,0.42271669621701047,-0.30000001192092896,0.3103092908859253,0.5222222208976746,-0.30000001192092896,-0.29193549592092893,-0.28989900192092893,-0.30000001192092896,-0.30000001192092896,-0.30000001192092896,0.4610962689209289,-0.30000001192092896,0.30000001192092896,-0.30000001192092896,-0.299858305525238
1.2999999523162842,0.3330420422170105,-0.30000001192092896,0.3927835178859253,0.5393162378976746,-0.30000001192092896,-0.30000001192092896,-0.30000001192092896,-0.30000001192092896,-0.30000001192092896,-0.30000001192092896,0.30000001192092896,-0.24605810292092894,0.9714153699209289,-0.30000001192092896,-0.23212193052523805
1.2999999523162842,0.4517979122170105,-0.30000001192092896,0.3103092908859253,0.41965811889767457,-0.30000001192092896,-0.27580646392092895,-0.28989900192092893,-0.30000001192092896,-0.30000001192092896,-0.30000001192092896,0.6402406539209289,0.04024895107907106,1.0151738689209289,-0.30000001192092896,-0.22595524852523802
1.2999999523162842,0.4224137672170105,-0.30000001192092896,0.3103092908859253,0.5222222208976746,-0.30000001192092896,-0.30000001192092896,-0.30000001192092896,-0.30000001192092896,-0.30000001192092896,-0.30000001192092896,0.30000001192092896,-0.295850633920929,0.737751744920929,-0.30000001192092896,-0.29967513252523803
1.2999999523162842,0.3933207372170105,-0.30000001192092896,0.3103092908859253,0.33418803289767457,-0.30000001192092896,-0.20322581792092898,-0.28989900192092893,-0.30000001192092896,-0.30000001192092896,-0.30000001192092896,0.981818193920929,-0.11742739792092896,0.965039404920929,-0.30000001192092896,-0.24912155452523804
1.2999999523162842,0.4529881212170105,-0.30000001192092896,0.3103092908859253,0.5136752128976746,-0.30000001192092896,-0.30000001192092896,-0.30000001192092896,-0.30000001192092896,-0.30000001192092896,-0.30000001192092896,0.30000001192092896,-0.30000001192092896,0.30000001192092896,-0.30000001192092896,-0.299467787525238
1.2999999523162842,0.3318230552170105,-0.30000001192092896,0.5268041368859253,0.5307692298976746,-0.30000001192092896,-0.30000001192092896,-0.30000001192092896,0.699999988079071,-0.30000001192092896,-0.30000001192092896,0.39157755192092897,-0.24605810292092894,0.828261539920929,-0.30000001192092896,-0.27038139552523804
1.2999999523162842,0.3302950792170105,-0.30000001192092896,0.3103092908859253,0.3256410248976746,-0.30000001192092896,0.14354837507907103,-0.28989900192092893,-0.30000001192092896,-0.30000001192092896,-0.30000001192092896,1.182352952920929,-0.30000001192092896,0.30000001192092896,-0.30000001192092896,-0.24852524352523803
1.2999999523162842,0.42180790821701053,-0.30000001192092896,0.3103092908859253,0.5222222208976746,-0.30000001192092896,-0.30000001192092896,-0.30000001192092896,-0.30000001192092896,-0.30000001192092896,-0.30000001192092896,0.30000001192092896,-0.30000001192092896,0.30000001192092896,-0.30000001192092896,-0.29990132662523805
1.2999999523162842,0.3030580982170105,-0.30000001192092896,0.3103092908859253,0.33418803289767457,-0.30000001192092896,0.014516117079071023,-0.28989900192092893,-0.30000001192092896,-0.30000001192092896,-0.30000001192092896,1.134224610920929,-0.30000001192092896,0.30000001192092896,-0.30000001192092896,-0.29984078652523805
1.2999999523162842,0.42150497921701047,-0.30000001192092896,0.3103092908859253,0.3683760668976746,-0.30000001192092896,-0.29193549592092893,-0.28989900192092893,-0.30000001192092896,-0.30000001192092896,-0.30000001192092896,0.4610962689209289,0.268464718079071,0.897304123920929,-0.30000001192092896,-0.27775067852523805
1.2999999523162842,0.4218063942170105,-0.30000001192092896,0.3103092908859253,0.5222222208976746,-0.30000001192092896,-0.30000001192092896,-0.30000001192092896,-0.30000001192092896,-0.30000001192092896,-0.30000001192092896,0.30000001192092896,-0.30000001192092896,0.30000001192092896,-0.30000001192092896,-0.29925622852523803
1.2999999523162842,0.3000069935870105,-0.30000001192092896,0.3103092908859253,0.2999999988976746,-0.30000001192092896,-0.26774194692092895,-0.259595971920929,-0.30000001192092896,-0.30000001192092896,-0.30000001192092896,0.30000001192092896,-0.30000001192092896,0.30000001192092896,-0.30000001192092896,-0.299949448425238
1.2999999523162842,0.3309169932170105,-0.30000001192092896,0.3103092908859253,0.3256410248976746,-0.30000001192092896,0.11129031107907106,0.21515150307907105,-0.30000001192092896,-0.30000001192092896,-0.30000001192092896,0.30000001192092896,-0.30000001192092896,0.30000001192092896,-0.30000001192092896,-0.291310815525238
1.2999999523162842,0.3918179052170105,-0.30000001192092896,0.3103092908859253,0.5051282038976745,-0.30000001192092896,-0.29193549592092893,-0.28989900192092893,-0.30000001192092896,-0.30000001192092896,-0.30000001192092896,0.4610962689209289,-0.30000001192092896,0.30000001192092896,-0.30000001192092896,-0.29989356552523805
1.2999999523162842,0.48239377421701046,-0.30000001192092896,0.3103092908859253,0.5307692298976746,-0.30000001192092896,-0.30000001192092896,-0.30000001192092896,-0.30000001192092896,-0.30000001192092896,-0.30000001192092896,0.30000001192092896,-0.30000001192092896,0.30000001192092896,-0.30000001192092896,-0.298608469525238
1.2999999523162842,0.5132925652170105,-0.30000001192092896,0.3103092908859253,0.5136752128976746,-0.30000001192092896,-0.30000001192092896,-0.30000001192092896,-0.30000001192092896,-0.30000001192092896,-0.30000001192092896,0.30000001192092896,-0.283402501920929,0.726050401920929,-0.30000001192092896,-0.29870737452523805
1.2999999523162842,0.42150497921701047,-0.30000001192092896,0.3103092908859253,0.5136752128976746,-0.30000001192092896,-0.28387097992092897,-0.28989900192092893,-0.30000001192092896,-0.30000001192092896,-0.30000001192092896,0.575401081920929,-0.30000001192092896,0.30000001192092896,-0.30000001192092896,-0.299857861525238
1.2999999523162842,0.42150497921701047,-0.30000001192092896,0.3103092908859253,0.4880341868976746,-0.30000001192092896,-0.30000001192092896,-0.30000001192092896,-0.30000001192092896,-0.30000001192092896,-0.30000001192092896,0.30000001192092896,-0.2875518789209289,0.7712671929209289,-0.30000001192092896,-0.277299841525238
1.2999999523162842,0.4227079112170105,-0.30000001192092896,0.3103092908859253,0.5136752128976746,-0.30000001192092896,-0.30000001192092896,-0.30000001192092896,-0.30000001192092896,-0.30000001192092896,-0.30000001192092896,0.30000001192092896,-0.2875518789209289,0.891385137920929,-0.30000001192092896,-0.298546820525238
1.2999999523162842,0.42271669621701047,-0.30000001192092896,0.3103092908859253,0.5222222208976746,-0.30000001192092896,-0.30000001192092896,-0.30000001192092896,-0.30000001192092896,-0.30000001192092896,-0.30000001192092896,0.30000001192092896,-0.30000001192092896,0.30000001192092896,-0.30000001192092896,-0.299256450525238
1.2999999523162842,0.4517979122170105,-0.30000001192092896,0.3103092908859253,0.5222222208976746,-0.30000001192092896,-0.30000001192092896,-0.30000001192092896,-0.30000001192092896,-0.30000001192092896,-0.30000001192092896,0.30000001192092896,-0.30000001192092896,0.30000001192092896,-0.30000001192092896,-0.29990088312523805
1.2999999523162842,0.5123743862170105,-0.30000001192092896,0.4340206318859253,0.5393162378976746,-0.30000001192092896,-0.30000001192092896,-0.30000001192092896,-0.30000001192092896,-0.30000001192092896,-0.30000001192092896,0.30000001192092896,-0.24605810292092894,0.765188056920929,-0.30000001192092896,-0.295093141525238
1.2999999523162842,0.4820908442170105,-0.30000001192092896,0.3103092908859253,0.3769230758976746,-0.30000001192092896,-0.30000001192092896,-0.30000001192092896,-0.30000001192092896,-0.30000001192092896,-0.30000001192092896,0.30000001192092896,-0.295850633920929,0.765188056920929,-0.30000001192092896,-0.299833246525238
1.2999999523162842,0.4233225552170105,-0.30000001192092896,0.3103092908859253,0.5222222208976746,-0.30000001192092896,-0.30000001192092896,-0.30000001192092896,-0.30000001192092896,-0.30000001192092896,-0.30000001192092896,0.30000001192092896,-0.30000001192092896,0.30000001192092896,-0.30000001192092896,-0.29896683252523804
1.2999999523162842,0.4239284142170105,-0.30000001192092896,0.3103092908859253,0.5222222208976746,-0.30000001192092896,-0.30000001192092896,-0.30000001192092896,-0.30000001192092896,-0.30000001192092896,-0.30000001192092896,0.30000001192092896,-0.295850633920929,0.962630361920929,-0.30000001192092896,-0.298966611525238
1.2999999523162842,0.4521008412170105,-0.30000001192092896,0.3103092908859253,0.5307692298976746,-0.30000001192092896,-0.30000001192092896,-0.30000001192092896,-0.30000001192092896,-0.30000001192092896,-0.30000001192092896,0.30000001192092896,-0.30000001192092896,0.30000001192092896,-0.30000001192092896,-0.29907416452523805
1.2999999523162842,0.3912120462170105,-0.30000001192092896,0.3103092908859253,0.34273504189767456,-0.30000001192092896,-0.29193549592092893,-0.28989900192092893,-0.30000001192092896,-0.30000001192092896,-0.30000001192092896,0.4610962689209289,0.699999988079071,0.695747523920929,-0.30000001192092896,-0.27149595752523803
1.2999999523162842,0.3012178022170105,-0.30000001192092896,0.3103092908859253,0.34273504189767456,-0.30000001192092896,-0.16290323792092895,-0.28989900192092893,-0.30000001192092896,-0.30000001192092896,-0.30000001192092896,1.038636375920929,-0.30000001192092896,0.30000001192092896,-0.30000001192092896,-0.29983989952523804
1.2999999523162842,0.5120717602170105,-0.30000001192092896,0.3103092908859253,0.5222222208976746,-0.30000001192092896,-0.30000001192092896,-0.30000001192092896,-0.30000001192092896,-0.30000001192092896,-0.30000001192092896,0.30000001192092896,-0.295850633920929,0.9734403289209289,-0.30000001192092896,-0.29947111352523803
1.2999999523162842,0.3633425482170105,-0.30000001192092896,0.3103092908859253,0.5136752128976746,-0.30000001192092896,-0.30000001192092896,-0.30000001192092896,-0.30000001192092896,-0.30000001192092896,-0.30000001192092896,0.30000001192092896,-0.27925312392092894,0.737751744920929,-0.30000001192092896,-0.29982615052523803
1.2999999523162842,0.4820908442170105,-0.30000001192092896,0.3103092908859253,0.5222222208976746,-0.30000001192092896,-0.30000001192092896,-0.30000001192092896,-0.30000001192092896,-0.30000001192092896,-0.30000001192092896,0.30000001192092896,-0.30000001192092896,0.30000001192092896,-0.30000001192092896,-0.299900661325238
1.2999999523162842,0.3309291102170105,-0.30000001192092896,0.3103092908859253,0.34273504189767456,-0.30000001192092896,-0.26774194692092895,-0.259595971920929,-0.30000001192092896,-0.30000001192092896,-0.30000001192092896,0.30000001192092896,-0.30000001192092896,0.30000001192092896,-0.30000001192092896,-0.29986140952523804
1.2999999523162842,0.4829996322170105,-0.30000001192092896,0.3103092908859253,0.5222222208976746,-0.30000001192092896,-0.30000001192092896,-0.30000001192092896,-0.30000001192092896,-0.30000001192092896,-0.30000001192092896,0.30000001192092896,-0.295850633920929,0.869510518920929,-0.30000001192092896,-0.29897060252523805
1.2999999523162842,0.5132925652170105,-0.30000001192092896,0.3103092908859253,0.5222222208976746,-0.30000001192092896,-0.30000001192092896,-0.30000001192092896,-0.30000001192092896,-0.30000001192092896,-0.30000001192092896,0.30000001192092896,-0.30000001192092896,0.30000001192092896,-0.30000001192092896,-0.29990088312523805
1.2999999523162842,0.3009360782170105,-0.30000001192092896,0.3103092908859253,0.3256410248976746,-0.30000001192092896,-0.025806463920928946,0.04343433107907102,-0.30000001192092896,-0.30000001192092896,-0.30000001192092896,0.30000001192092896,-0.30000001192092896,0.30000001192092896,-0.30000001192092896,-0.29983967752523805
1.2999999523162842,0.42150497921701047,-0.30000001192092896,0.3103092908859253,0.3940170928976746,-0.30000001192092896,-0.25161291492092897,-0.23939395092092897,-0.30000001192092896,-0.30000001192092896,-0.30000001192092896,0.30000001192092896,-0.30000001192092896,0.30000001192092896,-0.30000001192092896,-0.299862075525238
1.2999999523162842,0.5123837772170106,-0.30000001192092896,0.3103092908859253,0.5222222208976746,-0.30000001192092896,-0.30000001192092896,-0.30000001192092896,-0.30000001192092896,-0.30000001192092896,-0.30000001192092896,0.30000001192092896,-0.30000001192092896,0.30000001192092896,-0.30000001192092896,-0.299900217825238
1.2999999523162842,0.5435854982170105,-0.30000001192092896,0.3103092908859253,0.5222222208976746,-0.30000001192092896,-0.30000001192092896,-0.30000001192092896,-0.30000001192092896,-0.30000001192092896,-0.30000001192092896,0.30000001192092896,-0.30000001192092896,0.30000001192092896,-0.30000001192092896,-0.299900661325238
1.2999999523162842,0.4226912502170105,-0.30000001192092896,0.3103092908859253,0.4794871778976746,-0.30000001192092896,-0.30000001192092896,-0.30000001192092896,-0.30000001192092896,-0.30000001192092896,-0.30000001192092896,0.30000001192092896,-0.30000001192092896,0.30000001192092896,-0.30000001192092896,-0.272840262525238
1.2999999523162842,0.4817879152170105,-0.30000001192092896,0.3103092908859253,0.3769230758976746,-0.30000001192092896,-0.30000001192092896,-0.30000001192092896,-0.30000001192092896,-0.30000001192092896,-0.30000001192092896,0.30000001192092896,-0.30000001192092896,0.30000001192092896,-0.30000001192092896,-0.29982681552523804
1.2999999523162842,0.4817879152170105,-0.30000001192092896,0.3103092908859253,0.3170940158976746,-0.30000001192092896,-0.30000001192092896,-0.30000001192092896,-0.30000001192092896,-0.30000001192092896,-0.30000001192092896,0.30000001192092896,-0.295850633920929,1.0424097209209289,-0.30000001192092896,-0.29956048252523804
1.2999999523162842,0.4817879152170105,-0.30000001192092896,0.3103092908859253,0.5222222208976746,-0.30000001192092896,-0.30000001192092896,-0.30000001192092896,-0.30000001192092896,-0.30000001192092896,-0.30000001192092896,0.30000001192092896,-0.30000001192092896,0.30000001192092896,-0.30000001192092896,-0.29990088312523805
1.2999999523162842,0.4536154882170105,-0.30000001192092896,0.3103092908859253,0.5393162378976746,-0.30000001192092896,-0.30000001192092896,-0.30000001192092896,-0.30000001192092896,-0.30000001192092896,-0.30000001192092896,0.30000001192092896,-0.295850633920929,1.021004162920929,-0.30000001192092896,-0.299639428525238
1.2999999523162842,0.48239377421701046,-0.30000001192092896,0.3103092908859253,0.5222222208976746,-0.30000001192092896,-0.30000001192092896,-0.30000001192092896,-0.30000001192092896,-0.30000001192092896,-0.30000001192092896,0.30000001192092896,-0.30000001192092896,0.30000001192092896,-0.30000001192092896,-0.299364003525238
1.2999999523162842,0.3318288102170105,-0.30000001192092896,0.3103092908859253,0.3683760668976746,-0.30000001192092896,-0.16290323792092895,-0.12828283992092895,-0.30000001192092896,-0.30000001192092896,-0.30000001192092896,0.30000001192092896,-0.30000001192092896,0.30000001192092896,-0.30000001192092896,-0.29984056452523805
1.2999999523162842,0.39118811521701047,-0.30000001192092896,0.3103092908859253,0.5222222208976746,-0.30000001192092896,-0.30000001192092896,-0.30000001192092896,-0.30000001192092896,-0.30000001192092896,-0.30000001192092896,0.30000001192092896,-0.29170125692092896,0.721141444920929,-0.30000001192092896,-0.29888655652523805
1.2999999523162842,0.4514855912170105,-0.30000001192092896,0.44432990988592536,0.5393162378976746,-0.30000001192092896,-0.30000001192092896,-0.30000001192092896,-0.30000001192092896,-0.30000001192092896,-0.30000001192092896,0.30000001192092896,-0.24605810292092894,0.765188056920929,-0.30000001192092896,-0.29508471452523805
1.2999999523162842,0.3036615332170105,-0.30000001192092896,0.3103092908859253,0.3256410248976746,-0.30000001192092896,-0.25967743092092893,-0.28989900192092893,-0.30000001192092896,-0.30000001192092896,-0.30000001192092896,0.7812834339209289,-0.30000001192092896,0.30000001192092896,-0.30000001192092896,-0.29983768152523804
1.2999999523162842,0.3033337632170105,-0.30000001192092896,0.3103092908859253,0.3598290588976746,-0.30000001192092896,-0.20322581792092898,-0.17878789092092895,-0.30000001192092896,-0.30000001192092896,-0.30000001192092896,0.30000001192092896,-0.30000001192092896,0.30000001192092896,-0.30000001192092896,-0.292955825525238
1.2999999523162842,1.0573536352170105,-0.30000001192092896,0.3103092908859253,0.3769230758976746,-0.30000001192092896,-0.30000001192092896,-0.30000001192092896,-0.30000001192092896,-0.30000001192092896,-0.30000001192092896,0.30000001192092896,-0.30000001192092896,0.30000001192092896,-0.30000001192092896,-0.299797543525238
1.2999999523162842,0.3618279022170105,-0.30000001192092896,0.3103092908859253,0.4794871778976746,-0.30000001192092896,-0.30000001192092896,-0.30000001192092896,0.699999988079071,-0.30000001192092896,-0.30000001192092896,0.30000001192092896,-0.30000001192092896,0.30000001192092896,-0.30000001192092896,-0.284720129525238
1.2999999523162842,0.4212020502170105,-0.30000001192092896,0.3103092908859253,0.3769230758976746,-0.30000001192092896,-0.26774194692092895,-0.28989900192092893,-0.30000001192092896,-0.30000001192092896,-0.30000001192092896,0.7278074989209289,0.027800818079071032,1.072055110920929,-0.30000001192092896,-0.26049004452523805
1.2999999523162842,0.3915086142170105,-0.30000001192092896,0.3103092908859253,0.34273504189767456,-0.30000001192092896,-0.22741936692092896,-0.28989900192092893,-0.30000001192092896,-0.30000001192092896,-0.30000001192092896,0.919652417920929,-0.08008299992092896,0.8365443559209289,-0.30000001192092896,-0.24880222152523804
1.2999999523162842,0.4517942762170105,-0.30000001192092896,0.5474226928859254,0.4111111098976746,-0.30000001192092896,-0.30000001192092896,-0.30000001192092896,-0.30000001192092896,-0.30000001192092896,-0.30000001192092896,0.30000001192092896,-0.24605810292092894,0.7381502899209289,-0.30000001192092896,-0.29506896952523803
1.2999999523162842,0.3042616362170105,-0.30000001192092896,0.3103092908859253,0.3598290588976746,-0.30000001192092896,-0.25967743092092893,-0.24949496092092896,-0.30000001192092896,-0.30000001192092896,-0.30000001192092896,0.30000001192092896,-0.30000001192092896,0.30000001192092896,-0.30000001192092896,-0.286769850525238
1.2999999523162842,0.3618279022170105,-0.30000001192092896,0.3103092908859253,0.33418803289767457,-0.30000001192092896,-0.23548388292092895,-0.28989900192092893,-0.30000001192092896,-0.30000001192092896,-0.30000001192092896,0.893582899920929,-0.05933611192092897,0.985206940920929,-0.30000001192092896,-0.21669857252523803
1.2999999523162842,0.9058674642170105,-0.30000001192092896,0.3103092908859253,0.3769230758976746,-0.30000001192092896,-0.30000001192092896,-0.30000001192092896,-0.30000001192092896,-0.30000001192092896,-0.30000001192092896,0.30000001192092896,-0.30000001192092896,0.30000001192092896,-0.30000001192092896,-0.29973966452523804
1.2999999523162842,0.3918045762170105,-0.30000001192092896,0.3103092908859253,0.34273504189767456,-0.30000001192092896,-0.17096775392092894,-0.13838384992092895,-0.30000001192092896,-0.30000001192092896,-0.30000001192092896,0.325401081920929,-0.14232366292092896,0.940819772920929,-0.30000001192092896,-0.25691439752523804
1.2999999523162842,0.42271669621701047,-0.30000001192092896,0.3103092908859253,0.5136752128976746,-0.30000001192092896,-0.30000001192092896,-0.30000001192092896,-0.30000001192092896,-0.30000001192092896,-0.30000001192092896,0.30000001192092896,-0.295850633920929,0.979299344920929,-0.30000001192092896,-0.29896993752523804
1.2999999523162842,0.5726667132170105,-0.30000001192092896,0.3103092908859253,0.3769230758976746,-0.30000001192092896,-0.30000001192092896,-0.30000001192092896,-0.30000001192092896,-0.30000001192092896,-0.30000001192092896,0.30000001192092896,-0.30000001192092896,0.30000001192092896,-0.30000001192092896,-0.299904431225238
1.2999999523162842,0.4212020502170105,-0.30000001192092896,0.3103092908859253,0.5051282038976745,-0.30000001192092896,-0.30000001192092896,-0.30000001192092896,-0.30000001192092896,-0.30000001192092896,-0.30000001192092896,0.30000001192092896,-0.30000001192092896,0.30000001192092896,-0.30000001192092896,-0.29989955252523803
1.2999999523162842,0.3315349692170105,-0.30000001192092896,0.3103092908859253,0.3512820498976746,-0.30000001192092896,-0.25967743092092893,-0.28989900192092893,-0.30000001192092896,-0.30000001192092896,-0.30000001192092896,0.7812834339209289,-0.30000001192092896,0.30000001192092896,-0.30000001192092896,-0.252192033525238
1.2999999523162842,0.3015373922170105,-0.30000001192092896,0.3103092908859253,0.3512820498976746,-0.30000001192092896,-0.17903226992092897,-0.14848485992092897,-0.30000001192092896,-0.30000001192092896,-0.30000001192092896,0.30000001192092896,-0.30000001192092896,0.30000001192092896,-0.30000001192092896,-0.29983989952523804
1.2999999523162842,0.3321377982170105,-0.30000001192092896,0.3103092908859253,0.3256410248976746,-0.30000001192092896,-0.21935485092092893,-0.19898991092092894,-0.30000001192092896,-0.30000001192092896,-0.30000001192092896,0.30000001192092896,-0.30000001192092896,0.30000001192092896,-0.30000001192092896,-0.299841229525238
1.2999999523162842,0.3318160872170105,-0.30000001192092896,0.3103092908859253,0.3598290588976746,-0.30000001192092896,-0.13870968892092894,-0.28989900192092893,-0.30000001192092896,-0.30000001192092896,-0.30000001192092896,1.062032097920929,-0.30000001192092896,0.30000001192092896,-0.30000001192092896,-0.299844334525238
1.2999999523162842,0.3054527542170105,-0.30000001192092896,0.3103092908859253,0.34273504189767456,-0.30000001192092896,-0.25161291492092897,-0.23939395092092897,-0.30000001192092896,-0.30000001192092896,-0.30000001192092896,0.825401081920929,0.24356845307907105,1.1441927509209289,-0.30000001192092896,-0.23613422152523802
1.2999999523162842,0.5135954942170105,-0.30000001192092896,0.3103092908859253,0.5222222208976746,-0.30000001192092896,-0.30000001192092896,-0.30000001192092896,-0.30000001192092896,-0.30000001192092896,-0.30000001192092896,0.30000001192092896,-0.30000001192092896,0.30000001192092896,-0.30000001192092896,-0.299901104925238
1.2999999523162842,0.4217894302170105,-0.30000001192092896,0.3103092908859253,0.3512820498976746,-0.30000001192092896,-0.25161291492092897,-0.28989900192092893,-0.30000001192092896,-0.30000001192092896,-0.30000001192092896,0.825401081920929,-0.30000001192092896,0.30000001192092896,-0.30000001192092896,-0.299855865525238
1.2999999523162842,0.48239377421701046,-0.30000001192092896,0.3103092908859253,0.5222222208976746,-0.30000001192092896,-0.30000001192092896,-0.30000001192092896,-0.30000001192092896,-0.30000001192092896,-0.30000001192092896,0.30000001192092896,-0.30000001192092896,0.30000001192092896,-0.30000001192092896,-0.29947089152523804
1.2999999523162842,0.3612220432170105,-0.30000001192092896,0.3103092908859253,0.38547008389767456,-0.30000001192092896,-0.27580646392092895,-0.28989900192092893,-0.30000001192092896,-0.30000001192092896,-0.30000001192092896,0.661631027920929,0.09004148207907103,0.856131456920929,-0.30000001192092896,-0.258758104525238
1.2999999523162842,0.4820908442170105,-0.30000001192092896,0.3103092908859253,0.3769230758976746,-0.30000001192092896,-0.30000001192092896,-0.30000001192092896,-0.30000001192092896,-0.30000001192092896,-0.30000001192092896,0.30000001192092896,-0.30000001192092896,0.30000001192092896,-0.30000001192092896,-0.29972569352523803
1.2999999523162842,0.3630175052170105,-0.30000001192092896,0.3103092908859253,0.33418803289767457,-0.30000001192092896,-0.15483872192092896,-0.28989900192092893,-0.30000001192092896,-0.30000001192092896,-0.30000001192092896,1.0459893169209291,-0.18796681692092895,0.911283526920929,-0.30000001192092896,-0.24922223352523803
1.2999999523162842,0.3312238602170105,-0.30000001192092896,0.3103092908859253,0.3769230758976746,-0.30000001192092896,-0.30000001192092896,-0.30000001192092896,-0.30000001192092896,-0.30000001192092896,-0.30000001192092896,0.30000001192092896,-0.30000001192092896,0.30000001192092896,-0.30000001192092896,-0.299897113525238
1.2999999523162842,0.3051558832170105,-0.30000001192092896,0.3103092908859253,0.3512820498976746,-0.30000001192092896,-0.20322581792092898,-0.17878789092092895,-0.30000001192092896,-0.30000001192092896,-0.30000001192092896,0.30000001192092896,-0.30000001192092896,0.30000001192092896,-0.30000001192092896,-0.29806360752523803
1.2999999523162842,0.3000018437970105,-0.30000001192092896,0.49587630188592535,0.2999999988976746,-0.30000001192092896,0.377419343079071,-0.28989900192092893,-0.30000001192092896,-0.30000001192092896,-0.30000001192092896,1.198395733920929,-0.23360997092092894,0.800400685920929,-0.30000001192092896,-0.24988573652523804
1.2999999523162842,0.4820908442170105,-0.30000001192092896,0.3103092908859253,0.5222222208976746,-0.30000001192092896,-0.30000001192092896,-0.30000001192092896,-0.30000001192092896,-0.30000001192092896,-0.30000001192092896,0.30000001192092896,-0.30000001192092896,0.30000001192092896,-0.30000001192092896,-0.299434523525238
1.2999999523162842,0.33030628821701047,-0.30000001192092896,0.3103092908859253,0.3256410248976746,-0.30000001192092896,0.15161289107907105,-0.28989900192092893,-0.30000001192092896,-0.30000001192092896,-0.30000001192092896,1.160962578920929,-0.30000001192092896,0.30000001192092896,-0.30000001192092896,-0.29983923452523803
1.2999999523162842,0.48238105121701047,-0.30000001192092896,0.3103092908859253,0.5222222208976746,-0.30000001192092896,-0.30000001192092896,-0.30000001192092896,0.699999988079071,-0.30000001192092896,-0.30000001192092896,0.30000001192092896,-0.30000001192092896,0.30000001192092896,-0.30000001192092896,-0.299901104925238
1.2999999523162842,0.42391387321701046,-0.30000001192092896,0.3103092908859253,0.3512820498976746,-0.30000001192092896,-0.25967743092092893,-0.28989900192092893,-0.30000001192092896,-0.30000001192092896,-0.30000001192092896,0.7812834339209289,0.007053930079071069,1.019762921920929,-0.30000001192092896,-0.251654045525238
1.2999999523162842,0.4521008412170105,-0.30000001192092896,0.3103092908859253,0.5222222208976746,-0.30000001192092896,-0.30000001192092896,-0.30000001192092896,-0.30000001192092896,-0.30000001192092896,-0.30000001192092896,0.30000001192092896,-0.30000001192092896,0.30000001192092896,-0.30000001192092896,-0.299897113525238
1.2999999523162842,0.3030587032170105,-0.30000001192092896,0.3103092908859253,0.3170940158976746,-0.30000001192092896,-0.15483872192092896,-0.28989900192092893,-0.30000001192092896,-0.30000001192092896,-0.30000001192092896,1.0459893169209291,-0.14647304092092894,0.676590412920929,-0.30000001192092896,-0.25378648252523806
1.2999999523162842,0.3003102262170105,-0.30000001192092896,0.3103092908859253,0.3256410248976746,-0.30000001192092896,0.05483869807907105,-0.28989900192092893,-0.30000001192092896,-0.30000001192092896,-0.30000001192092896,1.1529411879209288,-0.30000001192092896,0.30000001192092896,-0.30000001192092896,-0.29983945552523805
1.2999999523162842,0.3333231612170105,-0.30000001192092896,0.3103092908859253,0.33418803289767457,-0.30000001192092896,-0.20322581792092898,-0.17878789092092895,-0.30000001192092896,-0.30000001192092896,-0.30000001192092896,0.30000001192092896,-0.30000001192092896,0.30000001192092896,-0.30000001192092896,-0.28047920452523806
1.2999999523162842,0.33244375721701047,-0.30000001192092896,0.3103092908859253,0.3085470078976746,-0.30000001192092896,0.06290321407907107,0.15454544307907103,-0.30000001192092896,-0.30000001192092896,-0.30000001192092896,0.31871658992092894,-0.30000001192092896,0.30000001192092896,-0.30000001192092896,-0.299846108525238
1.2999999523162842,0.3914889242170105,-0.30000001192092896,0.3103092908859253,0.5222222208976746,-0.30000001192092896,-0.30000001192092896,-0.30000001192092896,-0.30000001192092896,-0.30000001192092896,-0.30000001192092896,0.30000001192092896,-0.30000001192092896,0.30000001192092896,-0.30000001192092896,-0.29947111352523803
1.2999999523162842,0.3630120522170105,-0.30000001192092896,0.3103092908859253,0.3512820498976746,-0.30000001192092896,-0.18709678592092896,-0.15858587092092896,-0.30000001192092896,-0.30000001192092896,-0.30000001192092896,0.30000001192092896,-0.30000001192092896,0.30000001192092896,-0.30000001192092896,-0.299847439525238
1.2999999523162842,0.33302629021701047,-0.30000001192092896,0.3103092908859253,0.34273504189767456,-0.30000001192092896,-0.25161291492092897,-0.28989900192092893,-0.30000001192092896,-0.30000001192092896,-0.30000001192092896,0.7712566959209289,-0.18381743892092894,0.8631749139209289,-0.30000001192092896,-0.27768392852523804
1.2999999523162842,1.1485353632170106,-0.30000001192092896,0.3103092908859253,0.3769230758976746,-0.30000001192092896,-0.30000001192092896,-0.30000001192092896,-0.30000001192092896,-0.30000001192092896,-0.30000001192092896,0.30000001192092896,-0.30000001192092896,0.30000001192092896,-0.30000001192092896,-0.29990465302523805
1.2999999523162842,0.3045494192170105,-0.30000001192092896,0.3103092908859253,0.33418803289767457,-0.30000001192092896,-0.13870968892092894,-0.28989900192092893,-0.30000001192092896,-0.30000001192092896,-0.30000001192092896,1.062032097920929,-0.30000001192092896,0.30000001192092896,-0.30000001192092896,-0.29983391152523803
1.2999999523162842,0.3618279022170105,-0.30000001192092896,0.3103092908859253,0.5222222208976746,-0.30000001192092896,-0.30000001192092896,-0.30000001192092896,-0.30000001192092896,-0.30000001192092896,-0.30000001192092896,0.30000001192092896,-0.30000001192092896,0.30000001192092896,-0.30000001192092896,-0.299381744525238
1.2999999523162842,0.5432825682170105,-0.30000001192092896,0.3103092908859253,0.5222222208976746,-0.30000001192092896,-0.30000001192092896,-0.30000001192092896,-0.30000001192092896,-0.30000001192092896,-0.30000001192092896,0.30000001192092896,-0.2875518789209289,1.1746556309209288,-0.30000001192092896,-0.29885639652523804
1.2999999523162842,0.5729696422170105,-0.30000001192092896,0.3103092908859253,0.5222222208976746,-0.30000001192092896,-0.30000001192092896,-0.30000001192092896,-0.30000001192092896,-0.30000001192092896,-0.30000001192092896,0.30000001192092896,-0.30000001192092896,0.30000001192092896,-0.30000001192092896,-0.299507038525238
1.2999999523162842,0.8153131032170104,-0.30000001192092896,0.3103092908859253,0.3769230758976746,-0.30000001192092896,-0.30000001192092896,-0.30000001192092896,-0.30000001192092896,-0.30000001192092896,-0.30000001192092896,0.30000001192092896,-0.30000001192092896,0.30000001192092896,-0.30000001192092896,-0.29990465302523805
1.2999999523162842,0.3015413302170105,-0.30000001192092896,0.3103092908859253,0.3683760668976746,-0.30000001192092896,-0.21935485092092893,-0.19898991092092894,-0.30000001192092896,-0.30000001192092896,-0.30000001192092896,0.30000001192092896,-0.30000001192092896,0.30000001192092896,-0.30000001192092896,-0.29983879052523804
1.2999999523162842,0.39333255221701047,-0.30000001192092896,0.3103092908859253,0.3170940158976746,-0.30000001192092896,-0.22741936692092896,-0.20909092092092896,-0.30000001192092896,-0.30000001192092896,-0.30000001192092896,0.30000001192092896,-0.30000001192092896,0.30000001192092896,-0.30000001192092896,-0.29985564452523805
1.2999999523162842,0.4221108382170105,-0.30000001192092896,0.3103092908859253,0.5136752128976746,-0.30000001192092896,-0.30000001192092896,-0.30000001192092896,-0.30000001192092896,-0.30000001192092896,-0.30000001192092896,0.30000001192092896,-0.30000001192092896,0.30000001192092896,-0.30000001192092896,-0.299900217825238
1.2999999523162842,0.4517979122170105,-0.30000001192092896,0.3103092908859253,0.3512820498976746,-0.30000001192092896,-0.27580646392092895,-0.26969698192092895,-0.30000001192092896,-0.30000001192092896,-0.30000001192092896,0.41965241792092894,0.44273857707907105,0.979299344920929,-0.30000001192092896,-0.25911691052523805
1.2999999523162842,0.42271669621701047,-0.30000001192092896,0.3103092908859253,0.4794871778976746,-0.30000001192092896,-0.30000001192092896,-0.30000001192092896,-0.30000001192092896,-0.30000001192092896,-0.30000001192092896,0.30000001192092896,-0.30000001192092896,0.30000001192092896,-0.30000001192092896,-0.27490972052523804
1.2999999523162842,0.48237802121701046,-0.30000001192092896,0.3103092908859253,0.5222222208976746,-0.30000001192092896,-0.30000001192092896,-0.30000001192092896,-0.30000001192092896,-0.30000001192092896,-0.30000001192092896,0.30000001192092896,-0.30000001192092896,0.30000001192092896,-0.30000001192092896,-0.29990132662523805
1.2999999523162842,0.4833010472170105,-0.30000001192092896,0.3103092908859253,0.5222222208976746,-0.30000001192092896,-0.30000001192092896,-0.30000001192092896,-0.30000001192092896,-0.30000001192092896,-0.30000001192092896,0.30000001192092896,-0.30000001192092896,0.30000001192092896,-0.30000001192092896,-0.299006084525238
1.2999999523162842,0.3315243662170105,-0.30000001192092896,0.3103092908859253,0.3683760668976746,-0.30000001192092896,-0.21129033492092897,-0.18888890092092897,-0.30000001192092896,-0.30000001192092896,-0.30000001192092896,0.36016043992092894,0.07344397107907102,1.014219106920929,-0.30000001192092896,-0.250474729525238
1.2999999523162842,0.4820908442170105,-0.30000001192092896,0.3103092908859253,0.5222222208976746,-0.30000001192092896,-0.30000001192092896,-0.30000001192092896,-0.30000001192092896,-0.30000001192092896,-0.30000001192092896,0.30000001192092896,-0.30000001192092896,0.30000001192092896,-0.30000001192092896,-0.29932785752523805
1.2999999523162842,1.1182424302170104,-0.30000001192092896,0.3103092908859253,0.3769230758976746,-0.30000001192092896,-0.30000001192092896,-0.30000001192092896,-0.30000001192092896,-0.30000001192092896,-0.30000001192092896,0.30000001192092896,-0.30000001192092896,0.30000001192092896,-0.30000001192092896,-0.29979310852523805
1.2999999523162842,0.3021253782170105,-0.30000001192092896,0.3103092908859253,0.3085470078976746,-0.30000001192092896,0.09516127807907104,0.19494948307907106,-0.30000001192092896,-0.30000001192092896,-0.30000001192092896,0.31737969092092894,-0.19211619492092896,0.9164036419209289,-0.30000001192092896,-0.27349023952523804
1.2999999523162842,0.4221047792170105,-0.30000001192092896,0.3103092908859253,0.5307692298976746,-0.30000001192092896,-0.30000001192092896,-0.30000001192092896,-0.30000001192092896,-0.30000001192092896,-0.30000001192092896,0.30000001192092896,-0.295850633920929,1.094716369920929,-0.30000001192092896,-0.29925622852523803
1.2999999523162842,0.4224137672170105,-0.30000001192092896,0.3103092908859253,0.5051282038976745,-0.30000001192092896,-0.30000001192092896,-0.30000001192092896,-0.30000001192092896,-0.30000001192092896,-0.30000001192092896,0.30000001192092896,-0.30000001192092896,0.30000001192092896,-0.30000001192092896,-0.299905540025238
1.2999999523162842,0.30243527521701047,-0.30000001192092896,0.3103092908859253,0.3598290588976746,-0.30000001192092896,-0.15483872192092896,-0.28989900192092893,-0.30000001192092896,-0.30000001192092896,-0.30000001192092896,1.0459893169209291,-0.18796681692092895,0.7712671929209289,-0.30000001192092896,-0.25113313252523806
1.2999999523162842,0.33029568521701047,-0.30000001192092896,0.4546391878859253,0.5307692298976746,-0.30000001192092896,-0.30000001192092896,-0.30000001192092896,-0.30000001192092896,-0.30000001192092896,-0.30000001192092896,0.30000001192092896,-0.24605810292092894,1.088932179920929,-0.30000001192092896,-0.27655206952523803
1.2999999523162842,0.4224031642170105,-0.30000001192092896,0.3103092908859253,0.5051282038976745,-0.30000001192092896,-0.30000001192092896,-0.30000001192092896,-0.30000001192092896,-0.30000001192092896,-0.30000001192092896,0.30000001192092896,-0.30000001192092896,0.30000001192092896,-0.30000001192092896,-0.29990088312523805
1.2999999523162842,0.4233225552170105,-0.30000001192092896,0.3103092908859253,0.5222222208976746,-0.30000001192092896,-0.30000001192092896,-0.30000001192092896,-0.30000001192092896,-0.30000001192092896,-0.30000001192092896,0.30000001192092896,-0.30000001192092896,0.30000001192092896,-0.30000001192092896,-0.29989533952523806
1.2999999523162842,0.3315101292170105,-0.30000001192092896,0.5268041368859253,0.5393162378976746,-0.30000001192092896,-0.30000001192092896,-0.30000001192092896,0.699999988079071,-0.30000001192092896,-0.30000001192092896,0.30000001192092896,-0.24605810292092894,0.713624865920929,-0.30000001192092896,-0.27620457252523806
1.2999999523162842,0.3342552742170105,-0.30000001192092896,0.3103092908859253,0.3598290588976746,-0.30000001192092896,-0.28387097992092897,-0.28989900192092893,-0.30000001192092896,-0.30000001192092896,-0.30000001192092896,0.549331562920929,-0.30000001192092896,0.30000001192092896,-0.30000001192092896,-0.25613291752523804
1.2999999523162842,0.3609115402170105,-0.30000001192092896,0.4546391878859253,0.5393162378976746,-0.30000001192092896,-0.30000001192092896,-0.30000001192092896,-0.30000001192092896,-0.30000001192092896,-0.30000001192092896,0.30000001192092896,-0.24605810292092894,0.9714153699209289,-0.30000001192092896,-0.24551552652523803
1.2999999523162842,0.3348502272170105,-0.30000001192092896,0.3103092908859253,0.3512820498976746,-0.30000001192092896,-0.22741936692092896,-0.28989900192092893,-0.30000001192092896,-0.30000001192092896,-0.30000001192092896,0.919652417920929,-0.30000001192092896,0.30000001192092896,-0.30000001192092896,-0.299843447525238
1.2999999523162842,0.5735755012170105,-0.30000001192092896,0.3103092908859253,0.5222222208976746,-0.30000001192092896,-0.30000001192092896,-0.30000001192092896,-0.30000001192092896,-0.30000001192092896,-0.30000001192092896,0.30000001192092896,-0.30000001192092896,0.30000001192092896,-0.30000001192092896,-0.299900661325238
1.2999999523162842,0.3018176022170105,-0.30000001192092896,0.4649484668859253,0.5307692298976746,-0.30000001192092896,-0.30000001192092896,-0.30000001192092896,0.699999988079071,-0.30000001192092896,-0.30000001192092896,0.30000001192092896,-0.24605810292092894,0.944194374920929,-0.30000001192092896,-0.267241727525238
1.2999999523162842,0.4530044792170105,-0.30000001192092896,0.3103092908859253,0.3512820498976746,-0.30000001192092896,-0.29193549592092893,-0.28989900192092893,-0.30000001192092896,-0.30000001192092896,-0.30000001192092896,0.4610962689209289,0.699999988079071,0.708840948920929,-0.30000001192092896,-0.26217253252523803
1.2999999523162842,0.4524037702170105,-0.30000001192092896,0.3103092908859253,0.5136752128976746,-0.30000001192092896,-0.30000001192092896,-0.30000001192092896,0.699999988079071,-0.30000001192092896,-0.30000001192092896,0.30000001192092896,-0.30000001192092896,0.30000001192092896,-0.30000001192092896,-0.299896226525238
1.2999999523162842,0.4527067002170105,-0.30000001192092896,0.3103092908859253,0.5307692298976746,-0.30000001192092896,-0.30000001192092896,-0.30000001192092896,-0.30000001192092896,-0.30000001192092896,-0.30000001192092896,0.30000001192092896,-0.2875518789209289,1.1382667819209291,-0.30000001192092896,-0.29903823952523806
1.2999999523162842,0.42150497921701047,-0.30000001192092896,0.3103092908859253,0.5136752128976746,-0.30000001192092896,-0.30000001192092896,-0.30000001192092896,-0.30000001192092896,-0.30000001192092896,-0.30000001192092896,0.30000001192092896,-0.30000001192092896,0.30000001192092896,-0.30000001192092896,-0.299871167525238
1.2999999523162842,0.4517885212170105,-0.30000001192092896,0.5268041368859253,0.4367521358976746,-0.30000001192092896,-0.30000001192092896,-0.30000001192092896,-0.30000001192092896,-0.30000001192092896,-0.30000001192092896,0.30000001192092896,-0.24605810292092894,0.765188056920929,-0.30000001192092896,-0.29507584452523805
1.2999999523162842,0.3033613302170105,-0.30000001192092896,0.3103092908859253,0.3512820498976746,-0.30000001192092896,-0.050000011920928955,-0.28989900192092893,-0.30000001192092896,-0.30000001192092896,-0.30000001192092896,1.1288770169209288,-0.30000001192092896,0.30000001192092896,-0.30000001192092896,-0.29984012152523803
1.2999999523162842,0.3051622452170105,-0.30000001192092896,0.3103092908859253,0.33418803289767457,-0.30000001192092896,0.11129031107907106,0.21515150307907105,-0.30000001192092896,-0.30000001192092896,-0.30000001192092896,0.30000001192092896,-0.30000001192092896,0.30000001192092896,-0.30000001192092896,-0.29983989952523804
1.2999999523162842,0.3012402192170105,-0.30000001192092896,0.3103092908859253,0.34273504189767456,-0.30000001192092896,-0.28387097992092897,-0.28989900192092893,-0.30000001192092896,-0.30000001192092896,-0.30000001192092896,0.575401081920929,-0.30000001192092896,0.30000001192092896,-0.30000001192092896,-0.251669125525238
1.2999999523162842,0.3611926592170105,-0.30000001192092896,0.3103092908859253,0.3769230758976746,-0.30000001192092896,-0.25967743092092893,-0.28989900192092893,-0.30000001192092896,-0.30000001192092896,-0.30000001192092896,0.780614984920929,-0.30000001192092896,0.30000001192092896,-0.30000001192092896,-0.258113671525238
1.2999999523162842,0.42180790821701053,-0.30000001192092896,0.3103092908859253,0.5051282038976745,-0.30000001192092896,-0.30000001192092896,-0.30000001192092896,-0.30000001192092896,-0.30000001192092896,-0.30000001192092896,0.30000001192092896,-0.30000001192092896,0.30000001192092896,-0.30000001192092896,-0.299428757525238
1.2999999523162842,0.4212020502170105,-0.30000001192092896,0.3103092908859253,0.3598290588976746,-0.30000001192092896,-0.28387097992092897,-0.27979799192092897,-0.30000001192092896,-0.30000001192092896,-0.30000001192092896,0.30000001192092896,-0.30000001192092896,0.30000001192092896,-0.30000001192092896,-0.29985542252523806
1.2999999523162842,0.5438884272170105,-0.30000001192092896,0.3103092908859253,0.5136752128976746,-0.30000001192092896,-0.30000001192092896,-0.30000001192092896,-0.30000001192092896,-0.30000001192092896,-0.30000001192092896,0.30000001192092896,-0.30000001192092896,0.30000001192092896,-0.30000001192092896,-0.29990088312523805
1.2999999523162842,0.3024243692170105,-0.30000001192092896,0.3103092908859253,0.3683760668976746,-0.30000001192092896,-0.21935485092092893,-0.19898991092092894,-0.30000001192092896,-0.30000001192092896,-0.30000001192092896,0.30000001192092896,-0.30000001192092896,0.30000001192092896,-0.30000001192092896,-0.29984012152523803
1.2999999523162842,0.42150497921701047,-0.30000001192092896,0.3103092908859253,0.3598290588976746,-0.30000001192092896,-0.30000001192092896,-0.30000001192092896,-0.30000001192092896,-0.30000001192092896,-0.30000001192092896,0.30000001192092896,-0.30000001192092896,0.30000001192092896,-0.30000001192092896,-0.299833246525238
1.2999999523162842,0.4239284142170105,-0.30000001192092896,0.3103092908859253,0.5136752128976746,-0.30000001192092896,-0.30000001192092896,-0.30000001192092896,-0.30000001192092896,-0.30000001192092896,-0.30000001192092896,0.30000001192092896,-0.30000001192092896,0.30000001192092896,-0.30000001192092896,-0.29910964552523805
1.2999999523162842,0.5738784302170106,-0.30000001192092896,0.3103092908859253,0.5222222208976746,-0.30000001192092896,-0.30000001192092896,-0.30000001192092896,-0.30000001192092896,-0.30000001192092896,-0.30000001192092896,0.30000001192092896,-0.295850633920929,0.927652313920929,-0.30000001192092896,-0.29965051652523805
1.2999999523162842,0.5129896362170105,-0.30000001192092896,0.3103092908859253,0.5136752128976746,-0.30000001192092896,-0.30000001192092896,-0.30000001192092896,-0.30000001192092896,-0.30000001192092896,-0.30000001192092896,0.30000001192092896,-0.295850633920929,0.944194374920929,-0.30000001192092896,-0.29904156552523803
1.2999999523162842,0.3309076022170105,-0.30000001192092896,0.3103092908859253,0.3769230758976746,-0.30000001192092896,-0.30000001192092896,-0.30000001192092896,-0.30000001192092896,-0.30000001192092896,-0.30000001192092896,0.30000001192092896,-0.295850633920929,1.044382434920929,-0.30000001192092896,-0.283727978525238
1.2999999523162842,0.5426552022170105,-0.30000001192092896,0.3103092908859253,0.5222222208976746,-0.30000001192092896,-0.30000001192092896,-0.30000001192092896,-0.30000001192092896,-0.30000001192092896,-0.30000001192092896,0.30000001192092896,-0.30000001192092896,0.30000001192092896,-0.30000001192092896,-0.299507260525238
1.2999999523162842,0.4521008412170105,-0.30000001192092896,0.3103092908859253,0.5222222208976746,-0.30000001192092896,-0.30000001192092896,-0.30000001192092896,-0.30000001192092896,-0.30000001192092896,-0.30000001192092896,0.30000001192092896,-0.29170125692092896,1.110981954920929,-0.30000001192092896,-0.299029369525238
1.2999999523162842,0.4826967032170105,-0.30000001192092896,0.3103092908859253,0.5222222208976746,-0.30000001192092896,-0.30000001192092896,-0.30000001192092896,-0.30000001192092896,-0.30000001192092896,-0.30000001192092896,0.30000001192092896,-0.30000001192092896,0.30000001192092896,-0.30000001192092896,-0.29885927952523805
1.2999999523162842,0.9061919012170105,-0.30000001192092896,0.3103092908859253,0.3769230758976746,-0.30000001192092896,-0.30000001192092896,-0.30000001192092896,-0.30000001192092896,-0.30000001192092896,-0.30000001192092896,0.30000001192092896,-0.2875518789209289,0.901223653920929,-0.30000001192092896,-0.299529879525238
1.2999999523162842,0.3012338572170105,-0.30000001192092896,0.49587630188592535,0.4880341868976746,-0.30000001192092896,-0.27580646392092895,-0.28989900192092893,-0.30000001192092896,-0.30000001192092896,-0.30000001192092896,0.6629679259209289,0.45103733207907104,0.973676295920929,-0.30000001192092896,-0.22244147252523805
1.2999999523162842,0.3630396192170105,-0.30000001192092896,0.3103092908859253,0.34273504189767456,-0.30000001192092896,-0.25161291492092897,-0.28989900192092893,-0.30000001192092896,-0.30000001192092896,-0.30000001192092896,0.825401081920929,-0.30000001192092896,0.30000001192092896,-0.30000001192092896,-0.25461763652523806
1.2999999523162842,1.0573536352170105,-0.30000001192092896,0.3103092908859253,0.3769230758976746,-0.30000001192092896,-0.30000001192092896,-0.30000001192092896,-0.30000001192092896,-0.30000001192092896,-0.30000001192092896,0.30000001192092896,-0.30000001192092896,0.30000001192092896,-0.30000001192092896,-0.299819053525238
1.2999999523162842,0.3315243662170105,-0.30000001192092896,0.3721649608859253,0.5393162378976746,-0.30000001192092896,-0.30000001192092896,-0.30000001192092896,-0.30000001192092896,-0.30000001192092896,-0.30000001192092896,0.30000001192092896,-0.24605810292092894,1.014219106920929,-0.30000001192092896,-0.26466089252523806
1.2999999523162842,0.3915149762170105,-0.30000001192092896,0.3103092908859253,0.5136752128976746,-0.30000001192092896,-0.30000001192092896,-0.30000001192092896,-0.30000001192092896,-0.30000001192092896,-0.30000001192092896,0.30000001192092896,-0.295850633920929,1.110981954920929,-0.30000001192092896,-0.29965029552523803
1.2999999523162842,0.4820908442170105,-0.30000001192092896,0.3103092908859253,0.3769230758976746,-0.30000001192092896,-0.30000001192092896,-0.30000001192092896,-0.30000001192092896,-0.30000001192092896,-0.30000001192092896,0.30000001192092896,-0.30000001192092896,0.30000001192092896,-0.30000001192092896,-0.299833024525238
1.2999999523162842,0.3051749682170105,-0.30000001192092896,0.3103092908859253,0.3512820498976746,-0.30000001192092896,-0.26774194692092895,-0.28989900192092893,-0.30000001192092896,-0.30000001192092896,-0.30000001192092896,0.691042792920929,-0.08838175492092895,1.077492108920929,-0.30000001192092896,-0.268778741525238
1.2999999523162842,0.3615249722170105,-0.30000001192092896,0.3103092908859253,0.46239316089767457,-0.30000001192092896,-0.29193549592092893,-0.28989900192092893,-0.30000001192092896,-0.30000001192092896,-0.30000001192092896,0.4610962689209289,0.15228214607907103,0.695747523920929,-0.30000001192092896,-0.28449792652523803
1.2999999523162842,0.4233080142170105,-0.30000001192092896,0.3103092908859253,0.5136752128976746,-0.30000001192092896,-0.30000001192092896,-0.30000001192092896,-0.30000001192092896,-0.30000001192092896,-0.30000001192092896,0.30000001192092896,-0.295850633920929,1.037685921920929,-0.30000001192092896,-0.299455368525238
1.2999999523162842,0.3930296222170105,-0.30000001192092896,0.3103092908859253,0.5307692298976746,-0.30000001192092896,-0.30000001192092896,-0.30000001192092896,-0.30000001192092896,-0.30000001192092896,-0.30000001192092896,0.30000001192092896,-0.30000001192092896,0.30000001192092896,-0.30000001192092896,-0.29939017152523806
1.2999999523162842,0.5729696422170105,-0.30000001192092896,0.3103092908859253,0.5222222208976746,-0.30000001192092896,-0.29193549592092893,-0.28989900192092893,-0.30000001192092896,-0.30000001192092896,-0.30000001192092896,0.4610962689209289,-0.30000001192092896,0.30000001192092896,-0.30000001192092896,-0.299894895525238
1.2999999523162842,0.5726667132170105,-0.30000001192092896,0.3103092908859253,0.5136752128976746,-0.30000001192092896,-0.30000001192092896,-0.30000001192092896,-0.30000001192092896,-0.30000001192092896,-0.30000001192092896,0.30000001192092896,-0.30000001192092896,0.30000001192092896,-0.30000001192092896,-0.299900661325238
1.2999999523162842,0.3306007352170105,-0.30000001192092896,0.4237113528859253,0.4367521358976746,-0.30000001192092896,-0.30000001192092896,-0.30000001192092896,-0.30000001192092896,-0.30000001192092896,-0.30000001192092896,0.30000001192092896,-0.24605810292092894,0.572031290920929,-0.30000001192092896,-0.272125532525238
1.2999999523162842,0.4829890302170105,-0.30000001192092896,0.3103092908859253,0.3512820498976746,-0.30000001192092896,-0.29193549592092893,-0.28989900192092893,-0.30000001192092896,-0.30000001192092896,-0.30000001192092896,0.4610962689209289,0.699999988079071,1.014219106920929,-0.30000001192092896,-0.25944622352523805
1.2999999523162842,0.3909091172170105,-0.30000001192092896,0.3103092908859253,0.3598290588976746,-0.30000001192092896,-0.25967743092092893,-0.24949496092092896,-0.30000001192092896,-0.30000001192092896,-0.30000001192092896,0.30000001192092896,-0.30000001192092896,0.30000001192092896,-0.30000001192092896,-0.299862075525238
1.2999999523162842,0.3348626482170105,-0.30000001192092896,0.3103092908859253,0.3512820498976746,-0.30000001192092896,-0.17096775392092894,-0.28989900192092893,-0.30000001192092896,-0.30000001192092896,-0.30000001192092896,1.0272727389209289,-0.30000001192092896,0.30000001192092896,-0.30000001192092896,-0.250949516525238
1.2999999523162842,0.4833025622170105,-0.30000001192092896,0.3103092908859253,0.5222222208976746,-0.30000001192092896,-0.30000001192092896,-0.30000001192092896,-0.30000001192092896,-0.30000001192092896,-0.30000001192092896,0.30000001192092896,-0.30000001192092896,0.30000001192092896,-0.30000001192092896,-0.299673136525238
1.2999999523162842,0.30245314821701047,-0.30000001192092896,0.3103092908859253,0.34273504189767456,-0.30000001192092896,0.05483869807907105,0.14444443207907104,-0.30000001192092896,-0.30000001192092896,-0.30000001192092896,0.30000001192092896,-0.30000001192092896,0.30000001192092896,-0.30000001192092896,-0.29984012152523803
1.2999999523162842,0.3024537542170105,-0.30000001192092896,0.3103092908859253,0.2999999988976746,-0.30000001192092896,-0.30000001192092896,-0.30000001192092896,-0.30000001192092896,-0.30000001192092896,-0.30000001192092896,0.30000001192092896,-0.30000001192092896,0.30000001192092896,-0.30000001192092896,-0.299870280525238
1.2999999523162842,0.4524037702170105,-0.30000001192092896,0.3103092908859253,0.5136752128976746,-0.30000001192092896,-0.30000001192092896,-0.30000001192092896,-0.30000001192092896,-0.30000001192092896,-0.30000001192092896,0.30000001192092896,-0.30000001192092896,0.30000001192092896,-0.30000001192092896,-0.29126868152523805
1.2999999523162842,0.39333255221701047,-0.30000001192092896,0.3103092908859253,0.5051282038976745,-0.30000001192092896,-0.30000001192092896,-0.30000001192092896,-0.30000001192092896,-0.30000001192092896,-0.30000001192092896,0.30000001192092896,-0.30000001192092896,0.30000001192092896,-0.30000001192092896,-0.29893112952523804
1.2999999523162842,0.3306019472170105,-0.30000001192092896,0.3103092908859253,0.34273504189767456,-0.30000001192092896,-0.009677430920928931,-0.28989900192092893,-0.30000001192092896,-0.30000001192092896,-0.30000001192092896,1.142246000920929,-0.30000001192092896,0.30000001192092896,-0.30000001192092896,-0.299843225525238
1.2999999523162842,0.4517979122170105,-0.30000001192092896,0.3103092908859253,0.5222222208976746,-0.30000001192092896,-0.30000001192092896,-0.30000001192092896,-0.30000001192092896,-0.30000001192092896,-0.30000001192092896,0.30000001192092896,-0.30000001192092896,0.30000001192092896,-0.30000001192092896,-0.299897113525238
1.2999999523162842,0.3921208342170105,-0.30000001192092896,0.3103092908859253,0.5136752128976746,-0.30000001192092896,-0.30000001192092896,-0.30000001192092896,-0.30000001192092896,-0.30000001192092896,-0.30000001192092896,0.30000001192092896,-0.30000001192092896,0.30000001192092896,-0.30000001192092896,-0.28514989852523803
1.2999999523162842,0.6029596462170105,-0.30000001192092896,0.3103092908859253,0.5136752128976746,-0.30000001192092896,-0.30000001192092896,-0.30000001192092896,-0.30000001192092896,-0.30000001192092896,-0.30000001192092896,0.30000001192092896,-0.30000001192092896,0.30000001192092896,-0.30000001192092896,-0.299507038525238
1.2999999523162842,0.5726667132170105,-0.30000001192092896,0.3103092908859253,0.5051282038976745,-0.30000001192092896,-0.30000001192092896,-0.30000001192092896,-0.30000001192092896,-0.30000001192092896,-0.30000001192092896,0.30000001192092896,-0.30000001192092896,0.30000001192092896,-0.30000001192092896,-0.29990088312523805
1.2999999523162842,0.4527067002170105,-0.30000001192092896,0.3103092908859253,0.5307692298976746,-0.30000001192092896,-0.30000001192092896,-0.30000001192092896,-0.30000001192092896,-0.30000001192092896,-0.30000001192092896,0.30000001192092896,-0.30000001192092896,0.30000001192092896,-0.30000001192092896,-0.299757626525238
1.2999999523162842,0.4224137672170105,-0.30000001192092896,0.3103092908859253,0.5222222208976746,-0.30000001192092896,-0.30000001192092896,-0.30000001192092896,-0.30000001192092896,-0.30000001192092896,-0.30000001192092896,0.30000001192092896,-0.30000001192092896,0.30000001192092896,-0.30000001192092896,-0.299842338525238
1.2999999523162842,0.39333255221701047,-0.30000001192092896,0.3103092908859253,0.4367521358976746,-0.30000001192092896,-0.27580646392092895,-0.28989900192092893,-0.30000001192092896,-0.30000001192092896,-0.30000001192092896,0.6402406539209289,-0.30000001192092896,0.30000001192092896,-0.30000001192092896,-0.28692352952523803
1.2999999523162842,0.4212020502170105,-0.30000001192092896,0.3103092908859253,0.5136752128976746,-0.30000001192092896,-0.30000001192092896,-0.30000001192092896,-0.30000001192092896,-0.30000001192092896,-0.30000001192092896,0.30000001192092896,-0.30000001192092896,0.30000001192092896,-0.30000001192092896,-0.299900661325238
1.2999999523162842,0.42271669621701047,-0.30000001192092896,0.3103092908859253,0.5222222208976746,-0.30000001192092896,-0.30000001192092896,-0.30000001192092896,-0.30000001192092896,-0.30000001192092896,-0.30000001192092896,0.30000001192092896,-0.295850633920929,1.1082968329209288,-0.30000001192092896,-0.299644751525238
1.2999999523162842,0.5120808482170105,-0.30000001192092896,0.3103092908859253,0.5222222208976746,-0.30000001192092896,-0.30000001192092896,-0.30000001192092896,-0.30000001192092896,-0.30000001192092896,-0.30000001192092896,0.30000001192092896,-0.30000001192092896,0.30000001192092896,-0.30000001192092896,-0.299901104925238
1.2999999523162842,0.5126867062170105,-0.30000001192092896,0.3103092908859253,0.5222222208976746,-0.30000001192092896,-0.30000001192092896,-0.30000001192092896,-0.30000001192092896,-0.30000001192092896,-0.30000001192092896,0.30000001192092896,-0.2875518789209289,0.856131456920929,-0.30000001192092896,-0.29919635352523805
1.2999999523162842,0.5435854982170105,-0.30000001192092896,0.3103092908859253,0.5222222208976746,-0.30000001192092896,-0.30000001192092896,-0.30000001192092896,-0.30000001192092896,-0.30000001192092896,-0.30000001192092896,0.30000001192092896,-0.30000001192092896,0.30000001192092896,-0.30000001192092896,-0.299900661325238
1.2999999523162842,0.3054685062170105,-0.30000001192092896,0.3103092908859253,0.3598290588976746,-0.30000001192092896,-0.16290323792092895,-0.28989900192092893,-0.30000001192092896,-0.30000001192092896,-0.30000001192092896,1.014572204920929,-0.19626557192092897,1.037685921920929,-0.30000001192092896,-0.266899552525238
1.2999999523162842,0.5435836802170105,-0.30000001192092896,0.3103092908859253,0.5222222208976746,-0.30000001192092896,-0.30000001192092896,-0.30000001192092896,-0.30000001192092896,-0.30000001192092896,-0.30000001192092896,0.30000001192092896,-0.30000001192092896,0.30000001192092896,-0.30000001192092896,-0.299113637525238
1.2999999523162842,0.3024298222170105,-0.30000001192092896,0.3103092908859253,0.3512820498976746,-0.30000001192092896,-0.18709678592092896,-0.15858587092092896,-0.30000001192092896,-0.30000001192092896,-0.30000001192092896,0.30000001192092896,-0.30000001192092896,0.30000001192092896,-0.30000001192092896,-0.29984034252523806
1.2999999523162842,0.3033613302170105,-0.30000001192092896,0.3618556828859253,0.46239316089767457,-0.30000001192092896,-0.050000011920928955,-0.28989900192092893,-0.30000001192092896,-0.30000001192092896,-0.30000001192092896,1.1288770169209288,-0.13402490792092894,0.9026445069209289,-0.30000001192092896,-0.24628857952523803
1.2999999523162842,0.3930296222170105,-0.30000001192092896,0.3103092908859253,0.5136752128976746,-0.30000001192092896,-0.30000001192092896,-0.30000001192092896,-0.30000001192092896,-0.30000001192092896,-0.30000001192092896,0.30000001192092896,-0.30000001192092896,0.30000001192092896,-0.30000001192092896,-0.298751726525238
1.2999999523162842,0.4214949822170105,-0.30000001192092896,0.3103092908859253,0.5136752128976746,-0.30000001192092896,-0.30000001192092896,-0.30000001192092896,-0.30000001192092896,-0.30000001192092896,-0.30000001192092896,0.30000001192092896,-0.295850633920929,1.092871814920929,-0.30000001192092896,-0.29889453952523803
1.2999999523162842,0.4530096292170105,-0.30000001192092896,0.3103092908859253,0.3940170928976746,-0.30000001192092896,-0.23548388292092895,-0.21919193092092895,-0.30000001192092896,-0.30000001192092896,-0.30000001192092896,0.30000001192092896,-0.30000001192092896,0.30000001192092896,-0.30000001192092896,-0.299856309525238
1.2999999523162842,0.5426767102170105,-0.30000001192092896,0.3103092908859253,0.3769230758976746,-0.30000001192092896,-0.30000001192092896,-0.30000001192092896,-0.30000001192092896,-0.30000001192092896,-0.30000001192092896,0.30000001192092896,-0.30000001192092896,0.30000001192092896,-0.30000001192092896,-0.29973545052523803
1.2999999523162842,0.3003038642170105,-0.30000001192092896,0.3103092908859253,0.3512820498976746,-0.30000001192092896,-0.16290323792092895,-0.28989900192092893,-0.30000001192092896,-0.30000001192092896,-0.30000001192092896,1.038636375920929,-0.30000001192092896,0.30000001192092896,-0.30000001192092896,-0.29983901252523804
1.2999999523162842,0.3015367862170105,-0.30000001192092896,0.3412371258859253,0.4965811958976746,-0.30000001192092896,-0.29193549592092893,-0.28989900192092893,-0.30000001192092896,-0.30000001192092896,-0.30000001192092896,0.4610962689209289,0.699999988079071,0.973676295920929,-0.30000001192092896,-0.25854366352523805
1.2999999523162842,0.3042543652170105,-0.30000001192092896,0.3103092908859253,0.33418803289767457,-0.30000001192092896,-0.06612904392092894,-0.007070718920928976,-0.30000001192092896,-0.30000001192092896,-0.30000001192092896,0.30000001192092896,-0.30000001192092896,0.30000001192092896,-0.30000001192092896,-0.29983945552523805
1.2999999523162842,0.45149498221701045,-0.30000001192092896,0.3103092908859253,0.5051282038976745,-0.30000001192092896,-0.30000001192092896,-0.30000001192092896,-0.30000001192092896,-0.30000001192092896,-0.30000001192092896,0.30000001192092896,-0.30000001192092896,0.30000001192092896,-0.30000001192092896,-0.29989644752523803
1.2999999523162842,0.3333361872170105,-0.30000001192092896,0.3103092908859253,0.34273504189767456,-0.30000001192092896,-0.21935485092092893,-0.28989900192092893,-0.30000001192092896,-0.30000001192092896,-0.30000001192092896,0.9417112419209289,-0.30000001192092896,0.30000001192092896,-0.30000001192092896,-0.299843890525238
1.2999999523162842,0.4524037702170105,-0.30000001192092896,0.3103092908859253,0.5136752128976746,-0.30000001192092896,-0.30000001192092896,-0.30000001192092896,-0.30000001192092896,-0.30000001192092896,-0.30000001192092896,0.30000001192092896,-0.30000001192092896,0.30000001192092896,-0.30000001192092896,-0.299897113525238
1.2999999523162842,0.3909091172170105,-0.30000001192092896,0.3103092908859253,0.3683760668976746,-0.30000001192092896,-0.26774194692092895,-0.28989900192092893,-0.30000001192092896,-0.30000001192092896,-0.30000001192092896,0.7278074989209289,0.04024895107907106,0.9899074149209289,-0.30000001192092896,-0.25324339452523803
1.2999999523162842,0.3006134582170105,-0.30000001192092896,0.3103092908859253,0.3256410248976746,-0.30000001192092896,0.03870966507907103,0.12424241207907105,-0.30000001192092896,-0.30000001192092896,-0.30000001192092896,0.30000001192092896,-0.30000001192092896,0.30000001192092896,-0.30000001192092896,-0.29983745952523805
1.2999999523162842,0.5729696422170105,-0.30000001192092896,0.3103092908859253,0.5136752128976746,-0.30000001192092896,-0.30000001192092896,-0.30000001192092896,-0.30000001192092896,-0.30000001192092896,-0.30000001192092896,0.30000001192092896,-0.30000001192092896,0.30000001192092896,-0.30000001192092896,-0.29968577652523803
1.2999999523162842,0.3609191142170105,-0.30000001192092896,0.3103092908859253,0.3512820498976746,-0.30000001192092896,-0.29193549592092893,-0.28989900192092893,-0.30000001192092896,-0.30000001192092896,-0.30000001192092896,0.4610962689209289,0.699999988079071,0.981370357920929,-0.30000001192092896,-0.23869620652523804
1.2999999523162842,0.48239377421701046,-0.30000001192092896,0.3103092908859253,0.5222222208976746,-0.30000001192092896,-0.30000001192092896,-0.30000001192092896,-0.30000001192092896,-0.30000001192092896,-0.30000001192092896,0.30000001192092896,-0.30000001192092896,0.30000001192092896,-0.30000001192092896,-0.299900661325238
1.2999999523162842,0.3621308312170105,-0.30000001192092896,0.3103092908859253,0.3598290588976746,-0.30000001192092896,-0.29193549592092893,-0.28989900192092893,-0.30000001192092896,-0.30000001192092896,-0.30000001192092896,0.4610962689209289,0.210373432079071,0.940819772920929,-0.30000001192092896,-0.25520707252523805
1.2999999523162842,0.4521008412170105,-0.30000001192092896,0.3103092908859253,0.5222222208976746,-0.30000001192092896,-0.30000001192092896,-0.30000001192092896,-0.30000001192092896,-0.30000001192092896,-0.30000001192092896,0.30000001192092896,-0.295850633920929,0.6740299839209289,-0.30000001192092896,-0.299824376525238
1.2999999523162842,0.4221108382170105,-0.30000001192092896,0.3103092908859253,0.5222222208976746,-0.30000001192092896,-0.30000001192092896,-0.30000001192092896,-0.30000001192092896,-0.30000001192092896,-0.30000001192092896,0.30000001192092896,-0.30000001192092896,0.30000001192092896,-0.30000001192092896,-0.299900661325238
1.2999999523162842,0.4820896322170105,-0.30000001192092896,0.4237113528859253,0.5393162378976746,-0.30000001192092896,-0.30000001192092896,-0.30000001192092896,-0.30000001192092896,-0.30000001192092896,-0.30000001192092896,0.30000001192092896,-0.24605810292092894,0.808402569920929,-0.30000001192092896,-0.29550517052523806
1.2999999523162842,0.3051598212170105,-0.30000001192092896,0.3103092908859253,0.3512820498976746,-0.30000001192092896,-0.21935485092092893,-0.28989900192092893,-0.30000001192092896,-0.30000001192092896,-0.30000001192092896,0.9417112419209289,-0.11742739792092896,1.104964719920929,-0.30000001192092896,-0.25002699752523805
1.2999999523162842,0.30183244521701047,-0.30000001192092896,0.3103092908859253,0.34273504189767456,-0.30000001192092896,-0.09838710892092895,-0.04747475892092895,-0.30000001192092896,-0.30000001192092896,-0.30000001192092896,0.33208557292092894,-0.10082988792092895,0.8920587219209289,-0.30000001192092896,-0.25324827352523804
1.2999999523162842,0.5129896362170105,-0.30000001192092896,0.3103092908859253,0.5222222208976746,-0.30000001192092896,-0.30000001192092896,-0.30000001192092896,-0.30000001192092896,-0.30000001192092896,-0.30000001192092896,0.30000001192092896,-0.30000001192092896,0.30000001192092896,-0.30000001192092896,-0.299900661325238
1.2999999523162842,0.5129896362170105,-0.30000001192092896,0.3103092908859253,0.5051282038976745,-0.30000001192092896,-0.30000001192092896,-0.30000001192092896,-0.30000001192092896,-0.30000001192092896,-0.30000001192092896,0.30000001192092896,-0.30000001192092896,0.30000001192092896,-0.30000001192092896,-0.299292375525238
1.2999999523162842,0.4829996322170105,-0.30000001192092896,0.3103092908859253,0.5222222208976746,-0.30000001192092896,-0.30000001192092896,-0.30000001192092896,-0.30000001192092896,-0.30000001192092896,-0.30000001192092896,0.30000001192092896,-0.30000001192092896,0.30000001192092896,-0.30000001192092896,-0.29990132662523805
1.2999999523162842,0.4520775152170105,-0.30000001192092896,0.3103092908859253,0.5222222208976746,-0.30000001192092896,-0.30000001192092896,-0.30000001192092896,-0.30000001192092896,-0.30000001192092896,-0.30000001192092896,0.30000001192092896,-0.30000001192092896,0.30000001192092896,-0.30000001192092896,-0.29932408752523804
1.2999999523162842,0.4829996322170105,-0.30000001192092896,0.3103092908859253,0.5222222208976746,-0.30000001192092896,-0.30000001192092896,-0.30000001192092896,-0.30000001192092896,-0.30000001192092896,-0.30000001192092896,0.30000001192092896,-0.30000001192092896,0.30000001192092896,-0.30000001192092896,-0.299901104925238
1.2999999523162842,0.4527067002170105,-0.30000001192092896,0.3103092908859253,0.5136752128976746,-0.30000001192092896,-0.30000001192092896,-0.30000001192092896,-0.30000001192092896,-0.30000001192092896,-0.30000001192092896,0.30000001192092896,-0.30000001192092896,0.30000001192092896,-0.30000001192092896,-0.299037795525238
1.2999999523162842,0.3918179052170105,-0.30000001192092896,0.3103092908859253,0.5307692298976746,-0.30000001192092896,-0.30000001192092896,-0.30000001192092896,-0.30000001192092896,-0.30000001192092896,-0.30000001192092896,0.30000001192092896,-0.30000001192092896,0.30000001192092896,-0.30000001192092896,-0.29878787352523806
1.2999999523162842,0.3351625482170105,-0.30000001192092896,0.3103092908859253,0.33418803289767457,-0.30000001192092896,-0.15483872192092896,-0.11818182992092896,-0.30000001192092896,-0.30000001192092896,-0.30000001192092896,0.30000001192092896,-0.30000001192092896,0.30000001192092896,-0.30000001192092896,-0.29984012152523803
1.2999999523162842,0.3908921532170105,-0.30000001192092896,0.3103092908859253,0.3769230758976746,-0.30000001192092896,-0.17903226992092897,-0.28989900192092893,-0.30000001192092896,-0.30000001192092896,-0.30000001192092896,0.940374343920929,-0.30000001192092896,0.30000001192092896,-0.30000001192092896,-0.299854091525238
1.2999999523162842,0.5729696422170105,-0.30000001192092896,0.3103092908859253,0.5222222208976746,-0.30000001192092896,-0.30000001192092896,-0.30000001192092896,-0.30000001192092896,-0.30000001192092896,-0.30000001192092896,0.30000001192092896,-0.30000001192092896,0.30000001192092896,-0.30000001192092896,-0.29990088312523805
1.2999999523162842,0.3915080082170105,-0.30000001192092896,0.3103092908859253,0.5222222208976746,-0.30000001192092896,-0.30000001192092896,-0.30000001192092896,-0.30000001192092896,-0.30000001192092896,-0.30000001192092896,0.30000001192092896,-0.30000001192092896,0.30000001192092896,-0.30000001192092896,-0.29982703752523804
0.2999999523162842,0.30063496621701047,-0.22706248892092895,0.3000000128859253,0.38547008389767456,0.699999988079071,-0.30000001192092896,-0.30000001192092896,0.699999988079071,-0.027272738920928963,-0.17966806192092896,0.30000001192092896,-0.30000001192092896,0.30000001192092896,0.033333321079071054,-0.298841982525238
1.2999999523162842,0.5135954942170105,-0.30000001192092896,0.3103092908859253,0.5136752128976746,-0.30000001192092896,-0.30000001192092896,-0.30000001192092896,-0.30000001192092896,-0.30000001192092896,-0.30000001192092896,0.30000001192092896,-0.30000001192092896,0.30000001192092896,-0.30000001192092896,-0.299901104925238
1.2999999523162842,0.39119023521701046,-0.30000001192092896,0.3103092908859253,0.3170940158976746,-0.30000001192092896,-0.10645162492092897,-0.05757576992092894,-0.30000001192092896,-0.30000001192092896,-0.30000001192092896,0.30000001192092896,-0.30000001192092896,0.30000001192092896,-0.30000001192092896,-0.299854978525238
1.2999999523162842,0.4224137672170105,-0.30000001192092896,0.3103092908859253,0.5136752128976746,-0.30000001192092896,-0.30000001192092896,-0.30000001192092896,-0.30000001192092896,-0.30000001192092896,-0.30000001192092896,0.30000001192092896,-0.30000001192092896,0.30000001192092896,-0.30000001192092896,-0.290515586525238
1.2999999523162842,0.45299569421701047,-0.30000001192092896,0.3103092908859253,0.4709401698976746,-0.30000001192092896,-0.30000001192092896,-0.30000001192092896,-0.30000001192092896,-0.30000001192092896,-0.30000001192092896,0.30000001192092896,-0.30000001192092896,0.30000001192092896,-0.30000001192092896,-0.28511308652523804
1.2999999523162842,0.4817879152170105,-0.30000001192092896,0.3103092908859253,0.5222222208976746,-0.30000001192092896,-0.30000001192092896,-0.30000001192092896,-0.30000001192092896,-0.30000001192092896,-0.30000001192092896,0.30000001192092896,-0.30000001192092896,0.30000001192092896,-0.30000001192092896,-0.29990088312523805
1.2999999523162842,0.5126867062170105,-0.30000001192092896,0.3103092908859253,0.5136752128976746,-0.30000001192092896,-0.30000001192092896,-0.30000001192092896,-0.30000001192092896,-0.30000001192092896,-0.30000001192092896,0.30000001192092896,-0.29170125692092896,0.855148912920929,-0.30000001192092896,-0.299179500525238
1.2999999523162842,0.4527067002170105,-0.30000001192092896,0.3103092908859253,0.5136752128976746,-0.30000001192092896,-0.30000001192092896,-0.30000001192092896,-0.30000001192092896,-0.30000001192092896,-0.30000001192092896,0.30000001192092896,-0.30000001192092896,0.30000001192092896,-0.30000001192092896,-0.299901104925238
1.2999999523162842,0.5129896362170105,-0.30000001192092896,0.3103092908859253,0.5136752128976746,-0.30000001192092896,-0.30000001192092896,-0.30000001192092896,-0.30000001192092896,-0.30000001192092896,-0.30000001192092896,0.30000001192092896,-0.2875518789209289,0.9714153699209289,-0.30000001192092896,-0.298638629525238
1.2999999523162842,0.5729696422170105,-0.30000001192092896,0.3103092908859253,0.3769230758976746,-0.30000001192092896,-0.30000001192092896,-0.30000001192092896,-0.30000001192092896,-0.30000001192092896,-0.30000001192092896,0.30000001192092896,-0.30000001192092896,0.30000001192092896,-0.30000001192092896,-0.29990465302523805
1.2999999523162842,0.3036482042170105,-0.30000001192092896,0.3103092908859253,0.3512820498976746,-0.30000001192092896,-0.22741936692092896,-0.28989900192092893,-0.30000001192092896,-0.30000001192092896,-0.30000001192092896,0.919652417920929,-0.06348548892092895,1.046923599920929,-0.30000001192092896,-0.24905125652523802
1.2999999523162842,0.4826967032170105,-0.30000001192092896,0.3103092908859253,0.5222222208976746,-0.30000001192092896,-0.30000001192092896,-0.30000001192092896,-0.30000001192092896,-0.30000001192092896,-0.30000001192092896,0.30000001192092896,-0.29170125692092896,0.766397456920929,-0.30000001192092896,-0.29916996452523803
1.2999999523162842,0.4227021562170105,-0.30000001192092896,0.3103092908859253,0.4965811958976746,-0.30000001192092896,-0.30000001192092896,-0.30000001192092896,-0.30000001192092896,-0.30000001192092896,-0.30000001192092896,0.30000001192092896,-0.2875518789209289,1.037685921920929,-0.30000001192092896,-0.29884974452523805
1.2999999523162842,0.48239377421701046,-0.30000001192092896,0.3103092908859253,0.5222222208976746,-0.30000001192092896,-0.30000001192092896,-0.30000001192092896,-0.30000001192092896,-0.30000001192092896,-0.30000001192092896,0.30000001192092896,-0.295850633920929,1.077346022920929,-0.30000001192092896,-0.299073720525238
1.2999999523162842,0.4521008412170105,-0.30000001192092896,0.3103092908859253,0.5136752128976746,-0.30000001192092896,-0.30000001192092896,-0.30000001192092896,-0.30000001192092896,-0.30000001192092896,-0.30000001192092896,0.30000001192092896,-0.30000001192092896,0.30000001192092896,-0.30000001192092896,-0.299896891525238
1.2999999523162842,0.3348529542170105,-0.30000001192092896,0.3103092908859253,0.3256410248976746,-0.30000001192092896,-0.21129033492092897,-0.18888890092092897,-0.30000001192092896,-0.30000001192092896,-0.30000001192092896,0.30000001192092896,-0.30000001192092896,0.30000001192092896,-0.30000001192092896,-0.299841229525238
1.2999999523162842,0.4239284142170105,-0.30000001192092896,0.3103092908859253,0.5393162378976746,-0.30000001192092896,-0.30000001192092896,-0.30000001192092896,-0.30000001192092896,-0.30000001192092896,-0.30000001192092896,0.30000001192092896,-0.30000001192092896,0.30000001192092896,-0.30000001192092896,-0.29989755652523803
1.2999999523162842,0.48239377421701046,-0.30000001192092896,0.3103092908859253,0.5051282038976745,-0.30000001192092896,-0.30000001192092896,-0.30000001192092896,-0.30000001192092896,-0.30000001192092896,-0.30000001192092896,0.30000001192092896,-0.2875518789209289,0.965039404920929,-0.30000001192092896,-0.29950681652523803
1.2999999523162842,0.3312208312170105,-0.30000001192092896,0.3618556828859253,0.5051282038976745,-0.30000001192092896,-0.30000001192092896,-0.30000001192092896,-0.30000001192092896,-0.30000001192092896,-0.30000001192092896,0.30000001192092896,-0.24605810292092894,0.913875549920929,-0.30000001192092896,-0.288896965525238
1.2999999523162842,0.6635455112170106,-0.30000001192092896,0.3103092908859253,0.3769230758976746,-0.30000001192092896,-0.30000001192092896,-0.30000001192092896,-0.30000001192092896,-0.30000001192092896,-0.30000001192092896,0.30000001192092896,-0.295850633920929,0.901223653920929,-0.30000001192092896,-0.29970240852523805
1.2999999523162842,0.4533125582170105,-0.30000001192092896,0.3103092908859253,0.5307692298976746,-0.30000001192092896,-0.30000001192092896,-0.30000001192092896,-0.30000001192092896,-0.30000001192092896,-0.30000001192092896,0.30000001192092896,-0.30000001192092896,0.30000001192092896,-0.30000001192092896,-0.29942321352523804
1.2999999523162842,0.5429796392170105,-0.30000001192092896,0.3103092908859253,0.5222222208976746,-0.30000001192092896,-0.30000001192092896,-0.30000001192092896,-0.30000001192092896,-0.30000001192092896,-0.30000001192092896,0.30000001192092896,-0.30000001192092896,0.30000001192092896,-0.30000001192092896,-0.29990043962523805
1.2999999523162842,0.3621217432170105,-0.30000001192092896,0.3103092908859253,0.5222222208976746,-0.30000001192092896,-0.30000001192092896,-0.30000001192092896,-0.30000001192092896,-0.30000001192092896,-0.30000001192092896,0.30000001192092896,-0.29170125692092896,0.9734403289209289,-0.30000001192092896,-0.299609713525238
1.2999999523162842,0.3345609302170105,-0.30000001192092896,0.3103092908859253,0.3598290588976746,-0.30000001192092896,-0.24354839892092894,-0.28989900192092893,-0.30000001192092896,-0.30000001192092896,-0.30000001192092896,0.861497337920929,-0.01784233592092893,0.979299344920929,-0.30000001192092896,-0.24726077252523804
1.2999999523162842,0.33151800521701047,-0.30000001192092896,0.4752577448859253,0.5307692298976746,-0.30000001192092896,-0.28387097992092897,-0.28989900192092893,-0.30000001192092896,-0.30000001192092896,-0.30000001192092896,0.573395733920929,0.554771772079071,0.920659170920929,-0.30000001192092896,-0.255517979525238
1.2999999523162842,0.3030426482170105,-0.30000001192092896,0.3103092908859253,0.3085470078976746,-0.30000001192092896,0.20806450407907107,0.33636362407907106,-0.30000001192092896,-0.30000001192092896,-0.30000001192092896,0.31403744492092894,-0.21286308292092895,0.920659170920929,-0.30000001192092896,-0.27190843052523805
1.2999999523162842,0.4236254842170105,-0.30000001192092896,0.3103092908859253,0.5136752128976746,-0.30000001192092896,-0.30000001192092896,-0.30000001192092896,-0.30000001192092896,-0.30000001192092896,-0.30000001192092896,0.30000001192092896,-0.30000001192092896,0.30000001192092896,-0.30000001192092896,-0.299897113525238
1.2999999523162842,0.4829996322170105,-0.30000001192092896,0.3103092908859253,0.5222222208976746,-0.30000001192092896,-0.30000001192092896,-0.30000001192092896,-0.30000001192092896,-0.30000001192092896,-0.30000001192092896,0.30000001192092896,-0.283402501920929,0.9026445069209289,-0.30000001192092896,-0.29849382052523804
1.2999999523162842,0.5432565162170104,-0.30000001192092896,0.3103092908859253,0.5136752128976746,-0.30000001192092896,-0.30000001192092896,-0.30000001192092896,-0.30000001192092896,-0.30000001192092896,-0.30000001192092896,0.30000001192092896,-0.30000001192092896,0.30000001192092896,-0.30000001192092896,-0.29936378252523804
1.2999999523162842,0.36088912421701047,-0.30000001192092896,0.4546391878859253,0.5393162378976746,-0.30000001192092896,-0.30000001192092896,-0.30000001192092896,-0.30000001192092896,-0.30000001192092896,-0.30000001192092896,0.30000001192092896,-0.24605810292092894,1.1978775169209288,-0.30000001192092896,-0.29447155052523805
1.2999999523162842,0.4524037702170105,-0.30000001192092896,0.3103092908859253,0.5222222208976746,-0.30000001192092896,-0.30000001192092896,-0.30000001192092896,-0.30000001192092896,-0.30000001192092896,-0.30000001192092896,0.30000001192092896,-0.30000001192092896,0.30000001192092896,-0.30000001192092896,-0.29990088312523805
1.2999999523162842,0.42150497921701047,-0.30000001192092896,0.3103092908859253,0.5222222208976746,-0.30000001192092896,-0.30000001192092896,-0.30000001192092896,-0.30000001192092896,-0.30000001192092896,-0.30000001192092896,0.30000001192092896,-0.30000001192092896,0.30000001192092896,-0.30000001192092896,-0.29990088312523805
1.2999999523162842,0.3312193172170105,-0.30000001192092896,0.3103092908859253,0.34273504189767456,-0.30000001192092896,-0.09838710892092895,-0.04747475892092895,-0.30000001192092896,-0.30000001192092896,-0.30000001192092896,0.30000001192092896,-0.30000001192092896,0.30000001192092896,-0.30000001192092896,-0.299841229525238
1.2999999523162842,0.4833025622170105,-0.30000001192092896,0.3103092908859253,0.5222222208976746,-0.30000001192092896,-0.30000001192092896,-0.30000001192092896,-0.30000001192092896,-0.30000001192092896,-0.30000001192092896,0.30000001192092896,-0.30000001192092896,0.30000001192092896,-0.30000001192092896,-0.29911031152523804
1.2999999523162842,0.3614955882170105,-0.30000001192092896,0.3103092908859253,0.4111111098976746,-0.30000001192092896,-0.26774194692092895,-0.28989900192092893,-0.30000001192092896,-0.30000001192092896,-0.30000001192092896,0.7278074989209289,-0.30000001192092896,0.30000001192092896,-0.30000001192092896,-0.261336943525238
1.2999999523162842,0.4826967032170105,-0.30000001192092896,0.3103092908859253,0.5222222208976746,-0.30000001192092896,-0.30000001192092896,-0.30000001192092896,-0.30000001192092896,-0.30000001192092896,-0.30000001192092896,0.30000001192092896,-0.30000001192092896,0.30000001192092896,-0.30000001192092896,-0.29925622852523803
1.2999999523162842,0.48297085421701047,-0.30000001192092896,0.3103092908859253,0.5307692298976746,-0.30000001192092896,-0.30000001192092896,-0.30000001192092896,-0.30000001192092896,-0.30000001192092896,-0.30000001192092896,0.30000001192092896,-0.30000001192092896,0.30000001192092896,-0.30000001192092896,-0.299901104925238
1.2999999523162842,0.3306249692170105,-0.30000001192092896,0.4649484668859253,0.5393162378976746,-0.30000001192092896,-0.30000001192092896,-0.30000001192092896,0.699999988079071,-0.30000001192092896,-0.30000001192092896,0.4597593699209289,-0.24605810292092894,0.808402569920929,-0.30000001192092896,-0.28295403852523804
1.2999999523162842,0.4530096292170105,-0.30000001192092896,0.3103092908859253,0.5307692298976746,-0.30000001192092896,-0.30000001192092896,-0.30000001192092896,-0.30000001192092896,-0.30000001192092896,-0.30000001192092896,0.30000001192092896,-0.30000001192092896,0.30000001192092896,-0.30000001192092896,-0.299844777525238
1.2999999523162842,0.3624119492170105,-0.30000001192092896,0.3103092908859253,0.34273504189767456,-0.30000001192092896,-0.22741936692092896,-0.20909092092092896,-0.30000001192092896,-0.30000001192092896,-0.30000001192092896,0.30000001192092896,-0.30000001192092896,0.30000001192092896,-0.30000001192092896,-0.29984677352523803
1.2999999523162842,0.3054588122170105,-0.30000001192092896,0.3103092908859253,0.3512820498976746,-0.30000001192092896,-0.07419355992092896,-0.28989900192092893,-0.30000001192092896,-0.30000001192092896,-0.30000001192092896,1.092112310920929,-0.30000001192092896,0.30000001192092896,-0.30000001192092896,-0.29984056452523805
1.2999999523162842,0.3921208342170105,-0.30000001192092896,0.3103092908859253,0.5222222208976746,-0.30000001192092896,-0.30000001192092896,-0.30000001192092896,-0.30000001192092896,-0.30000001192092896,-0.30000001192092896,0.30000001192092896,-0.30000001192092896,0.30000001192092896,-0.30000001192092896,-0.299145349525238
1.2999999523162842,1.1787983052170103,-0.30000001192092896,0.3103092908859253,0.3769230758976746,-0.30000001192092896,-0.30000001192092896,-0.30000001192092896,-0.30000001192092896,-0.30000001192092896,-0.30000001192092896,0.30000001192092896,-0.30000001192092896,0.30000001192092896,-0.30000001192092896,-0.29954673352523803
1.2999999523162842,0.3621308312170105,-0.30000001192092896,0.3103092908859253,0.34273504189767456,-0.30000001192092896,-0.28387097992092897,-0.28989900192092893,-0.30000001192092896,-0.30000001192092896,-0.30000001192092896,0.575401081920929,-0.30000001192092896,0.30000001192092896,-0.30000001192092896,-0.299855200525238
1.2999999523162842,0.3045633532170105,-0.30000001192092896,0.3103092908859253,0.3256410248976746,-0.30000001192092896,0.12741934307907105,-0.28989900192092893,-0.30000001192092896,-0.30000001192092896,-0.30000001192092896,1.150267391920929,-0.25435685792092894,0.9188818659209289,-0.30000001192092896,-0.26268989652523805
1.2999999523162842,0.5129896362170105,-0.30000001192092896,0.3103092908859253,0.5222222208976746,-0.30000001192092896,-0.30000001192092896,-0.30000001192092896,-0.30000001192092896,-0.30000001192092896,-0.30000001192092896,0.30000001192092896,-0.295850633920929,0.7939963459209289,-0.30000001192092896,-0.299542963525238
1.2999999523162842,0.42150134421701047,-0.30000001192092896,0.3927835178859253,0.5393162378976746,-0.30000001192092896,-0.30000001192092896,-0.30000001192092896,-0.30000001192092896,-0.30000001192092896,-0.30000001192092896,0.30000001192092896,-0.24605810292092894,0.7381502899209289,-0.30000001192092896,-0.29508759752523805
1.2999999523162842,0.5432825682170105,-0.30000001192092896,0.3103092908859253,0.5222222208976746,-0.30000001192092896,-0.30000001192092896,-0.30000001192092896,-0.30000001192092896,-0.30000001192092896,-0.30000001192092896,0.30000001192092896,-0.30000001192092896,0.30000001192092896,-0.30000001192092896,-0.29990088312523805
1.2999999523162842,0.4524037702170105,-0.30000001192092896,0.3103092908859253,0.5222222208976746,-0.30000001192092896,-0.30000001192092896,-0.30000001192092896,-0.30000001192092896,-0.30000001192092896,-0.30000001192092896,0.30000001192092896,-0.30000001192092896,0.30000001192092896,-0.30000001192092896,-0.298840208525238
1.2999999523162842,0.4820908442170105,-0.30000001192092896,0.3103092908859253,0.5222222208976746,-0.30000001192092896,-0.30000001192092896,-0.30000001192092896,-0.30000001192092896,-0.30000001192092896,-0.30000001192092896,0.30000001192092896,-0.295850633920929,0.9188818659209289,-0.30000001192092896,-0.299507260525238
1.2999999523162842,0.3024431512170105,-0.30000001192092896,0.3103092908859253,0.38547008389767456,-0.30000001192092896,-0.23548388292092895,-0.21919193092092895,-0.30000001192092896,-0.30000001192092896,-0.30000001192092896,0.849465252920929,0.15228214607907103,1.073594417920929,-0.30000001192092896,-0.24084749352523804
1.2999999523162842,0.5438587402170105,-0.30000001192092896,0.3103092908859253,0.4965811958976746,-0.30000001192092896,-0.30000001192092896,-0.30000001192092896,-0.30000001192092896,-0.30000001192092896,-0.30000001192092896,0.30000001192092896,-0.27510374592092895,0.831649561920929,-0.30000001192092896,-0.29881670152523804
1.2999999523162842,0.3917909442170105,-0.30000001192092896,0.3103092908859253,0.3683760668976746,-0.30000001192092896,-0.27580646392092895,-0.28989900192092893,-0.30000001192092896,-0.30000001192092896,-0.30000001192092896,0.6629679259209289,-0.30000001192092896,0.30000001192092896,-0.30000001192092896,-0.257324208525238
1.2999999523162842,0.4224137672170105,-0.30000001192092896,0.3103092908859253,0.5307692298976746,-0.30000001192092896,-0.30000001192092896,-0.30000001192092896,-0.30000001192092896,-0.30000001192092896,-0.30000001192092896,0.30000001192092896,-0.30000001192092896,0.30000001192092896,-0.30000001192092896,-0.29977204052523804
1.2999999523162842,0.4226997322170105,-0.30000001192092896,0.3103092908859253,0.34273504189767456,-0.30000001192092896,-0.25161291492092897,-0.28989900192092893,-0.30000001192092896,-0.30000001192092896,-0.30000001192092896,0.825401081920929,-0.30000001192092896,0.30000001192092896,-0.30000001192092896,-0.25155935452523803
1.2999999523162842,0.3609191142170105,-0.30000001192092896,0.3103092908859253,0.34273504189767456,-0.30000001192092896,-0.29193549592092893,-0.28989900192092893,-0.30000001192092896,-0.30000001192092896,-0.30000001192092896,0.4610962689209289,-0.13402490792092894,0.973676295920929,-0.30000001192092896,-0.294517898525238
1.2999999523162842,0.3327357812170105,-0.30000001192092896,0.3103092908859253,0.34273504189767456,-0.30000001192092896,-0.17096775392092894,-0.28989900192092893,-0.30000001192092896,-0.30000001192092896,-0.30000001192092896,0.983155091920929,-0.30000001192092896,0.30000001192092896,-0.30000001192092896,-0.299843225525238
1.2999999523162842,0.3315307282170105,-0.30000001192092896,0.3103092908859253,0.34273504189767456,-0.30000001192092896,-0.08225807692092896,-0.28989900192092893,-0.30000001192092896,-0.30000001192092896,-0.30000001192092896,1.112165786920929,-0.30000001192092896,0.30000001192092896,-0.30000001192092896,-0.29984034252523806
1.2999999523162842,0.4212020502170105,-0.30000001192092896,0.3103092908859253,0.5393162378976746,-0.30000001192092896,-0.30000001192092896,-0.30000001192092896,-0.30000001192092896,-0.30000001192092896,-0.30000001192092896,0.30000001192092896,-0.295850633920929,0.7165446179209289,-0.30000001192092896,-0.29967601952523804
1.2999999523162842,0.3018179052170105,-0.30000001192092896,0.33092784788592533,0.5051282038976745,-0.30000001192092896,-0.14677420592092896,-0.28989900192092893,-0.30000001192092896,-0.30000001192092896,-0.30000001192092896,1.062032097920929,-0.05103735592092895,0.9747591699209289,-0.30000001192092896,-0.24456484452523802
1.2999999523162842,0.5129896362170105,-0.30000001192092896,0.3103092908859253,0.4880341868976746,-0.30000001192092896,-0.30000001192092896,-0.30000001192092896,-0.30000001192092896,-0.30000001192092896,-0.30000001192092896,0.30000001192092896,-0.30000001192092896,0.30000001192092896,-0.30000001192092896,-0.29939970752523803
1.2999999523162842,0.39333255221701047,-0.30000001192092896,0.3103092908859253,0.3769230758976746,-0.30000001192092896,-0.25967743092092893,-0.28989900192092893,-0.30000001192092896,-0.30000001192092896,-0.30000001192092896,0.7812834339209289,-0.30000001192092896,0.30000001192092896,-0.30000001192092896,-0.299855865525238
1.2999999523162842,0.3911866002170105,-0.30000001192092896,0.3515464048859253,0.4965811958976746,-0.30000001192092896,-0.30000001192092896,-0.30000001192092896,-0.30000001192092896,-0.30000001192092896,-0.30000001192092896,0.30000001192092896,-0.24605810292092894,0.572031290920929,-0.30000001192092896,-0.295227527525238
1.2999999523162842,0.5435854982170105,-0.30000001192092896,0.3103092908859253,0.5222222208976746,-0.30000001192092896,-0.30000001192092896,-0.30000001192092896,-0.30000001192092896,-0.30000001192092896,-0.30000001192092896,0.30000001192092896,-0.30000001192092896,0.30000001192092896,-0.30000001192092896,-0.29990088312523805
1.2999999523162842,0.3618139672170105,-0.30000001192092896,0.5371134148859253,0.5393162378976746,-0.30000001192092896,-0.30000001192092896,-0.30000001192092896,-0.30000001192092896,-0.30000001192092896,-0.30000001192092896,0.30000001192092896,-0.24605810292092894,1.300000011920929,-0.30000001192092896,-0.28580608452523804
1.2999999523162842,0.5120808482170105,-0.30000001192092896,0.3103092908859253,0.5222222208976746,-0.30000001192092896,-0.30000001192092896,-0.30000001192092896,-0.30000001192092896,-0.30000001192092896,-0.30000001192092896,0.30000001192092896,-0.295850633920929,0.973676295920929,-0.30000001192092896,-0.29975940052523803
1.2999999523162842,0.4527067002170105,-0.30000001192092896,0.3103092908859253,0.5136752128976746,-0.30000001192092896,-0.30000001192092896,-0.30000001192092896,-0.30000001192092896,-0.30000001192092896,-0.30000001192092896,0.30000001192092896,-0.27925312392092894,0.9044411749209289,-0.30000001192092896,-0.29802967852523804
1.2999999523162842,0.3027400222170105,-0.30000001192092896,0.3103092908859253,0.3256410248976746,-0.30000001192092896,-0.13870968892092894,-0.28989900192092893,-0.30000001192092896,-0.30000001192092896,-0.30000001192092896,1.062032097920929,-0.15062241892092895,0.8893623089209289,-0.30000001192092896,-0.25018710752523804
1.2999999523162842,0.3033625422170105,-0.30000001192092896,0.3103092908859253,0.3256410248976746,-0.30000001192092896,-0.09838710892092895,-0.28989900192092893,-0.30000001192092896,-0.30000001192092896,-0.30000001192092896,1.1021390489209288,-0.17551868392092895,1.126473973920929,-0.30000001192092896,-0.25230246952523805
1.2999999523162842,0.4517957912170105,-0.30000001192092896,0.3103092908859253,0.5307692298976746,-0.30000001192092896,-0.30000001192092896,-0.30000001192092896,-0.30000001192092896,-0.30000001192092896,-0.30000001192092896,0.30000001192092896,-0.295850633920929,1.077346022920929,-0.30000001192092896,-0.299153997525238
1.2999999523162842,0.3927266932170105,-0.30000001192092896,0.3103092908859253,0.5136752128976746,-0.30000001192092896,-0.30000001192092896,-0.30000001192092896,-0.30000001192092896,-0.30000001192092896,-0.30000001192092896,0.30000001192092896,-0.2875518789209289,0.962630361920929,-0.30000001192092896,-0.29770413552523806
1.2999999523162842,0.42271669621701047,-0.30000001192092896,0.3103092908859253,0.5136752128976746,-0.30000001192092896,-0.30000001192092896,-0.30000001192092896,-0.30000001192092896,-0.30000001192092896,-0.30000001192092896,0.30000001192092896,-0.30000001192092896,0.30000001192092896,-0.30000001192092896,-0.29896971552523804
1.2999999523162842,0.3915149762170105,-0.30000001192092896,0.3103092908859253,0.33418803289767457,-0.30000001192092896,-0.16290323792092895,-0.12828283992092895,-0.30000001192092896,-0.30000001192092896,-0.30000001192092896,0.30000001192092896,-0.30000001192092896,0.30000001192092896,-0.30000001192092896,-0.299855200525238
1.2999999523162842,0.3018185112170105,-0.30000001192092896,0.3103092908859253,0.34273504189767456,-0.30000001192092896,-0.22741936692092896,-0.28989900192092893,-0.30000001192092896,-0.30000001192092896,-0.30000001192092896,0.919652417920929,-0.30000001192092896,0.30000001192092896,-0.30000001192092896,-0.25354498652523805
1.2999999523162842,1.0576565652170105,-0.30000001192092896,0.3103092908859253,0.3769230758976746,-0.30000001192092896,-0.30000001192092896,-0.30000001192092896,-0.30000001192092896,-0.30000001192092896,-0.30000001192092896,0.30000001192092896,-0.30000001192092896,0.30000001192092896,-0.30000001192092896,-0.29990509652523806
1.2999999523162842,0.6638484402170105,-0.30000001192092896,0.3103092908859253,0.3769230758976746,-0.30000001192092896,-0.30000001192092896,-0.30000001192092896,-0.30000001192092896,-0.30000001192092896,-0.30000001192092896,0.30000001192092896,-0.295850633920929,0.8365443559209289,-0.30000001192092896,-0.29968976852523804
1.2999999523162842,0.3051610332170105,-0.30000001192092896,0.3103092908859253,0.3512820498976746,-0.30000001192092896,-0.11451614092092896,-0.28989900192092893,-0.30000001192092896,-0.30000001192092896,-0.30000001192092896,1.084090920920929,-0.20041494992092895,1.021004162920929,-0.30000001192092896,-0.252486086525238
1.2999999523162842,0.3021338602170105,-0.30000001192092896,0.3103092908859253,0.3512820498976746,-0.30000001192092896,-0.26774194692092895,-0.28989900192092893,-0.30000001192092896,-0.30000001192092896,-0.30000001192092896,0.727139048920929,-0.01369295792092895,0.901223653920929,-0.30000001192092896,-0.255450564525238
1.2999999523162842,0.4212020502170105,-0.30000001192092896,0.3103092908859253,0.5222222208976746,-0.30000001192092896,-0.30000001192092896,-0.30000001192092896,-0.30000001192092896,-0.30000001192092896,-0.30000001192092896,0.30000001192092896,-0.2875518789209289,0.7939963459209289,-0.30000001192092896,-0.29944805052523804
1.2999999523162842,0.3918166932170105,-0.30000001192092896,0.3103092908859253,0.5393162378976746,-0.30000001192092896,-0.30000001192092896,-0.30000001192092896,-0.30000001192092896,-0.30000001192092896,-0.30000001192092896,0.30000001192092896,-0.29170125692092896,0.748362389920929,-0.30000001192092896,-0.298413765525238
1.2999999523162842,0.42180790821701053,-0.30000001192092896,0.3103092908859253,0.5136752128976746,-0.30000001192092896,-0.30000001192092896,-0.30000001192092896,-0.30000001192092896,-0.30000001192092896,-0.30000001192092896,0.30000001192092896,-0.29170125692092896,1.072055110920929,-0.30000001192092896,-0.299215203525238
1.2999999523162842,0.5132925652170105,-0.30000001192092896,0.3103092908859253,0.5222222208976746,-0.30000001192092896,-0.30000001192092896,-0.30000001192092896,-0.30000001192092896,-0.30000001192092896,-0.30000001192092896,0.30000001192092896,-0.295850633920929,1.003730975920929,-0.30000001192092896,-0.299394163525238
1.2999999523162842,0.5732725722170104,-0.30000001192092896,0.3103092908859253,0.5307692298976746,-0.30000001192092896,-0.30000001192092896,-0.30000001192092896,-0.30000001192092896,-0.30000001192092896,-0.30000001192092896,0.30000001192092896,-0.30000001192092896,0.30000001192092896,-0.30000001192092896,-0.299900661325238
1.2999999523162842,1.2088182992170105,-0.30000001192092896,0.3103092908859253,0.3769230758976746,-0.30000001192092896,-0.30000001192092896,-0.30000001192092896,-0.30000001192092896,-0.30000001192092896,-0.30000001192092896,0.30000001192092896,-0.30000001192092896,0.30000001192092896,-0.30000001192092896,-0.29979709952523803
1.2999999523162842,0.3042619392170105,-0.30000001192092896,0.3103092908859253,0.3170940158976746,-0.30000001192092896,-0.27580646392092895,-0.26969698192092895,-0.30000001192092896,-0.30000001192092896,-0.30000001192092896,0.30000001192092896,-0.30000001192092896,0.30000001192092896,-0.30000001192092896,-0.29227945952523804
1.2999999523162842,0.5123837772170106,-0.30000001192092896,0.3103092908859253,0.5222222208976746,-0.30000001192092896,-0.30000001192092896,-0.30000001192092896,-0.30000001192092896,-0.30000001192092896,-0.30000001192092896,0.30000001192092896,-0.30000001192092896,0.30000001192092896,-0.30000001192092896,-0.299149340525238
1.2999999523162842,0.5120808482170105,-0.30000001192092896,0.3103092908859253,0.5222222208976746,-0.30000001192092896,-0.30000001192092896,-0.30000001192092896,-0.30000001192092896,-0.30000001192092896,-0.30000001192092896,0.30000001192092896,-0.30000001192092896,0.30000001192092896,-0.30000001192092896,-0.29990088312523805
1.2999999523162842,0.42179457921701047,-0.30000001192092896,0.3103092908859253,0.3512820498976746,-0.30000001192092896,-0.19516130192092895,-0.28989900192092893,-0.30000001192092896,-0.30000001192092896,-0.30000001192092896,0.9951871779209289,-0.30000001192092896,0.30000001192092896,-0.30000001192092896,-0.29985564452523805
1.2999999523162842,0.4826967032170105,-0.30000001192092896,0.3103092908859253,0.5051282038976745,-0.30000001192092896,-0.30000001192092896,-0.30000001192092896,-0.30000001192092896,-0.30000001192092896,-0.30000001192092896,0.30000001192092896,-0.30000001192092896,0.30000001192092896,-0.30000001192092896,-0.299901104925238
1.2999999523162842,0.4524037702170105,-0.30000001192092896,0.3103092908859253,0.5307692298976746,-0.30000001192092896,-0.30000001192092896,-0.30000001192092896,-0.30000001192092896,-0.30000001192092896,-0.30000001192092896,0.30000001192092896,-0.295850633920929,0.7939963459209289,-0.30000001192092896,-0.29950681652523803
1.2999999523162842,0.4233225552170105,-0.30000001192092896,0.3103092908859253,0.5136752128976746,-0.30000001192092896,-0.30000001192092896,-0.30000001192092896,-0.30000001192092896,-0.30000001192092896,-0.30000001192092896,0.30000001192092896,-0.30000001192092896,0.30000001192092896,-0.30000001192092896,-0.29989644752523803
1.2999999523162842,0.3930187172170105,-0.30000001192092896,0.3103092908859253,0.3256410248976746,-0.30000001192092896,-0.10645162492092897,-0.28989900192092893,-0.30000001192092896,-0.30000001192092896,-0.30000001192092896,1.086096268920929,-0.19211619492092896,0.9188818659209289,-0.30000001192092896,-0.253243616525238
1.2999999523162842,0.3612220432170105,-0.30000001192092896,0.3103092908859253,0.3769230758976746,-0.30000001192092896,-0.29193549592092893,-0.28989900192092893,-0.30000001192092896,-0.30000001192092896,-0.30000001192092896,0.30000001192092896,-0.30000001192092896,0.30000001192092896,-0.30000001192092896,-0.299758513525238
1.2999999523162842,0.3306261812170105,-0.30000001192092896,0.3103092908859253,0.3170940158976746,-0.30000001192092896,-0.28387097992092897,-0.28989900192092893,-0.30000001192092896,-0.30000001192092896,-0.30000001192092896,0.575401081920929,-0.30000001192092896,0.30000001192092896,-0.30000001192092896,-0.29915954152523805
1.2999999523162842,0.3609191142170105,-0.30000001192092896,0.3103092908859253,0.3683760668976746,-0.30000001192092896,-0.29193549592092893,-0.28989900192092893,-0.30000001192092896,-0.30000001192092896,-0.30000001192092896,0.45909092092092896,0.687551855079071,0.765188056920929,-0.30000001192092896,-0.27217853252523805
1.2999999523162842,0.3912120462170105,-0.30000001192092896,0.3103092908859253,0.3598290588976746,-0.30000001192092896,-0.23548388292092895,-0.28989900192092893,-0.30000001192092896,-0.30000001192092896,-0.30000001192092896,0.893582899920929,-0.30000001192092896,0.30000001192092896,-0.30000001192092896,-0.25869955952523804
1.2999999523162842,0.6635455112170106,-0.30000001192092896,0.3103092908859253,0.3769230758976746,-0.30000001192092896,-0.30000001192092896,-0.30000001192092896,-0.30000001192092896,-0.30000001192092896,-0.30000001192092896,0.30000001192092896,-0.25435685792092894,0.981370357920929,-0.30000001192092896,-0.29912272952523805
1.2999999523162842,0.3003150722170105,-0.30000001192092896,0.3103092908859253,0.3170940158976746,-0.30000001192092896,-0.050000011920928955,-0.28989900192092893,-0.30000001192092896,-0.30000001192092896,-0.30000001192092896,1.1288770169209288,-0.30000001192092896,0.30000001192092896,-0.30000001192092896,-0.29983856852523805
1.2999999523162842,0.45149498221701045,-0.30000001192092896,0.3103092908859253,0.5222222208976746,-0.30000001192092896,-0.30000001192092896,-0.30000001192092896,-0.30000001192092896,-0.30000001192092896,-0.30000001192092896,0.30000001192092896,-0.283402501920929,1.009900091920929,-0.30000001192092896,-0.298335040525238
1.2999999523162842,0.3345448752170105,-0.30000001192092896,0.3103092908859253,0.3769230758976746,-0.30000001192092896,-0.26774194692092895,-0.28989900192092893,-0.30000001192092896,-0.30000001192092896,-0.30000001192092896,0.727139048920929,0.07344397107907102,0.917708219920929,-0.30000001192092896,-0.24825647152523803
1.2999999523162842,0.4517979122170105,-0.30000001192092896,0.3103092908859253,0.5136752128976746,-0.30000001192092896,-0.30000001192092896,-0.30000001192092896,-0.30000001192092896,-0.30000001192092896,-0.30000001192092896,0.30000001192092896,-0.30000001192092896,0.30000001192092896,-0.30000001192092896,-0.299896669525238
1.2999999523162842,0.4524037702170105,-0.30000001192092896,0.3103092908859253,0.5307692298976746,-0.30000001192092896,-0.30000001192092896,-0.30000001192092896,-0.30000001192092896,-0.30000001192092896,-0.30000001192092896,0.30000001192092896,-0.30000001192092896,0.30000001192092896,-0.30000001192092896,-0.299896891525238
1.2999999523162842,0.42118690321701047,-0.30000001192092896,0.3103092908859253,0.38547008389767456,-0.30000001192092896,-0.24354839892092894,-0.28989900192092893,-0.30000001192092896,-0.30000001192092896,-0.30000001192092896,0.8601604399209289,-0.08423237692092894,0.992381329920929,-0.30000001192092896,-0.24777946752523802
1.2999999523162842,0.4211817532170105,-0.30000001192092896,0.3103092908859253,0.3769230758976746,-0.30000001192092896,-0.30000001192092896,-0.30000001192092896,-0.30000001192092896,-0.30000001192092896,-0.30000001192092896,0.30000001192092896,-0.30000001192092896,0.30000001192092896,-0.30000001192092896,-0.299870280525238
1.2999999523162842,0.3302999262170105,-0.30000001192092896,0.44432990988592536,0.5307692298976746,-0.30000001192092896,-0.30000001192092896,-0.30000001192092896,0.699999988079071,-0.30000001192092896,-0.30000001192092896,0.30000001192092896,-0.24605810292092894,0.909611701920929,-0.30000001192092896,-0.231966921525238
1.2999999523162842,0.3036379042170105,-0.30000001192092896,0.3618556828859253,0.4794871778976746,-0.30000001192092896,-0.15483872192092896,-0.28989900192092893,-0.30000001192092896,-0.30000001192092896,-0.30000001192092896,1.0459893169209291,-0.04273860092092896,1.088932179920929,-0.30000001192092896,-0.24355029552523805
1.2999999523162842,0.3021390102170105,-0.30000001192092896,0.3103092908859253,0.3256410248976746,-0.30000001192092896,-0.26774194692092895,-0.259595971920929,-0.30000001192092896,-0.30000001192092896,-0.30000001192092896,0.30000001192092896,-0.30000001192092896,0.30000001192092896,-0.30000001192092896,-0.29983901252523804
1.2999999523162842,0.4539184172170105,-0.30000001192092896,0.3103092908859253,0.5222222208976746,-0.30000001192092896,-0.30000001192092896,-0.30000001192092896,-0.30000001192092896,-0.30000001192092896,-0.30000001192092896,0.30000001192092896,-0.30000001192092896,0.30000001192092896,-0.30000001192092896,-0.29915000652523804
1.2999999523162842,0.3609191142170105,-0.30000001192092896,0.3103092908859253,0.3683760668976746,-0.30000001192092896,-0.28387097992092897,-0.27979799192092897,-0.30000001192092896,-0.30000001192092896,-0.30000001192092896,0.30000001192092896,-0.30000001192092896,0.30000001192092896,-0.30000001192092896,-0.29985364852523805
1.2999999523162842,0.3321108382170105,-0.30000001192092896,0.3103092908859253,0.3598290588976746,-0.30000001192092896,-0.10645162492092897,-0.05757576992092894,-0.30000001192092896,-0.30000001192092896,-0.30000001192092896,0.30000001192092896,-0.30000001192092896,0.30000001192092896,-0.30000001192092896,-0.29984167352523805
1.2999999523162842,0.4521008412170105,-0.30000001192092896,0.3103092908859253,0.5222222208976746,-0.30000001192092896,-0.30000001192092896,-0.30000001192092896,-0.30000001192092896,-0.30000001192092896,-0.30000001192092896,0.30000001192092896,-0.30000001192092896,0.30000001192092896,-0.30000001192092896,-0.29127245052523804
1.2999999523162842,0.36179912321701047,-0.30000001192092896,0.3103092908859253,0.4965811958976746,-0.30000001192092896,-0.30000001192092896,-0.30000001192092896,-0.30000001192092896,-0.30000001192092896,-0.30000001192092896,0.30000001192092896,-0.30000001192092896,0.30000001192092896,-0.30000001192092896,-0.26943426152523803
1.2999999523162842,0.6938384432170105,-0.30000001192092896,0.3103092908859253,0.3769230758976746,-0.30000001192092896,-0.30000001192092896,-0.30000001192092896,-0.30000001192092896,-0.30000001192092896,-0.30000001192092896,0.30000001192092896,-0.30000001192092896,0.30000001192092896,-0.30000001192092896,-0.29990465302523805
1.2999999523162842,0.3015173992170105,-0.30000001192092896,0.3103092908859253,0.3512820498976746,-0.30000001192092896,-0.12258065692092895,-0.28989900192092893,-0.30000001192092896,-0.30000001192092896,-0.30000001192092896,1.0794117769209288,-0.30000001192092896,0.30000001192092896,-0.30000001192092896,-0.24983295852523804
1.2999999523162842,0.7544028012170105,-0.30000001192092896,0.3103092908859253,0.3769230758976746,-0.30000001192092896,-0.30000001192092896,-0.30000001192092896,-0.30000001192092896,-0.30000001192092896,-0.30000001192092896,0.30000001192092896,-0.295850633920929,1.044382434920929,-0.30000001192092896,-0.299668035525238
1.2999999523162842,0.3321347692170105,-0.30000001192092896,0.3103092908859253,0.34273504189767456,-0.30000001192092896,-0.26774194692092895,-0.259595971920929,-0.30000001192092896,-0.30000001192092896,-0.30000001192092896,0.30000001192092896,-0.30000001192092896,0.30000001192092896,-0.30000001192092896,-0.29984012152523803
1.2999999523162842,0.4529902412170105,-0.30000001192092896,0.3103092908859253,0.5222222208976746,-0.30000001192092896,-0.30000001192092896,-0.30000001192092896,-0.30000001192092896,-0.30000001192092896,-0.30000001192092896,0.30000001192092896,-0.30000001192092896,0.30000001192092896,-0.30000001192092896,-0.29990088312523805
1.2999999523162842,0.4224137672170105,-0.30000001192092896,0.3103092908859253,0.5136752128976746,-0.30000001192092896,-0.30000001192092896,-0.30000001192092896,-0.30000001192092896,-0.30000001192092896,-0.30000001192092896,0.30000001192092896,-0.30000001192092896,0.30000001192092896,-0.30000001192092896,-0.299900661325238
1.2999999523162842,0.3033404282170105,-0.30000001192092896,0.3103092908859253,0.3598290588976746,-0.30000001192092896,-0.20322581792092898,-0.17878789092092895,-0.30000001192092896,-0.30000001192092896,-0.30000001192092896,0.30000001192092896,-0.30000001192092896,0.30000001192092896,-0.30000001192092896,-0.29983945552523805
1.2999999523162842,0.3021253782170105,-0.30000001192092896,0.3103092908859253,0.3256410248976746,-0.30000001192092896,-0.13870968892092894,-0.28989900192092893,-0.30000001192092896,-0.30000001192092896,-0.30000001192092896,1.062032097920929,-0.16721992892092896,0.9164036419209289,-0.30000001192092896,-0.25160902852523803
1.2999999523162842,0.3003117402170105,-0.30000001192092896,0.3103092908859253,0.3598290588976746,-0.30000001192092896,-0.25967743092092893,-0.28989900192092893,-0.30000001192092896,-0.30000001192092896,-0.30000001192092896,0.7812834339209289,-0.005394202920928959,1.044382434920929,-0.30000001192092896,-0.25285331952523804
1.2999999523162842,0.4826967032170105,-0.30000001192092896,0.3103092908859253,0.5051282038976745,-0.30000001192092896,-0.30000001192092896,-0.30000001192092896,-0.30000001192092896,-0.30000001192092896,-0.30000001192092896,0.30000001192092896,-0.30000001192092896,0.30000001192092896,-0.30000001192092896,-0.29990088312523805
1.2999999523162842,0.3918179052170105,-0.30000001192092896,0.3103092908859253,0.3512820498976746,-0.30000001192092896,-0.26774194692092895,-0.259595971920929,-0.30000001192092896,-0.30000001192092896,-0.30000001192092896,0.30000001192092896,-0.30000001192092896,0.30000001192092896,-0.30000001192092896,-0.29985564452523805
1.2999999523162842,0.9058889722170105,-0.30000001192092896,0.3103092908859253,0.3769230758976746,-0.30000001192092896,-0.30000001192092896,-0.30000001192092896,-0.30000001192092896,-0.30000001192092896,-0.30000001192092896,0.30000001192092896,-0.30000001192092896,0.30000001192092896,-0.30000001192092896,-0.299761840525238
1.2999999523162842,0.3911878122170105,-0.30000001192092896,0.3103092908859253,0.3170940158976746,-0.30000001192092896,-0.21129033492092897,-0.18888890092092897,-0.30000001192092896,-0.30000001192092896,-0.30000001192092896,0.30000001192092896,-0.30000001192092896,0.30000001192092896,-0.30000001192092896,-0.29985431352523806
1.2999999523162842,0.3915149762170105,-0.30000001192092896,0.3103092908859253,0.5222222208976746,-0.30000001192092896,-0.30000001192092896,-0.30000001192092896,-0.30000001192092896,-0.30000001192092896,-0.30000001192092896,0.30000001192092896,-0.30000001192092896,0.30000001192092896,-0.30000001192092896,-0.29965051652523805
1.2999999523162842,0.9061919012170105,-0.30000001192092896,0.3103092908859253,0.3769230758976746,-0.30000001192092896,-0.30000001192092896,-0.30000001192092896,-0.30000001192092896,-0.30000001192092896,-0.30000001192092896,0.30000001192092896,-0.30000001192092896,0.30000001192092896,-0.30000001192092896,-0.29990465302523805
1.2999999523162842,0.3327173022170105,-0.30000001192092896,0.3103092908859253,0.3769230758976746,-0.30000001192092896,-0.24354839892092894,-0.22929294092092894,-0.30000001192092896,-0.30000001192092896,-0.30000001192092896,0.30000001192092896,-0.30000001192092896,0.30000001192092896,-0.30000001192092896,-0.299848104525238
1.2999999523162842,0.3348417452170105,-0.30000001192092896,0.3103092908859253,0.3512820498976746,-0.30000001192092896,-0.24354839892092894,-0.22929294092092894,-0.30000001192092896,-0.30000001192092896,-0.30000001192092896,0.38021391592092896,0.19792529907907103,0.9164036419209289,-0.30000001192092896,-0.25181326852523805
1.2999999523162842,0.3330268962170105,-0.30000001192092896,0.3103092908859253,0.34273504189767456,-0.30000001192092896,-0.09838710892092895,-0.28989900192092893,-0.30000001192092896,-0.30000001192092896,-0.30000001192092896,1.100802150920929,-0.20456432692092896,0.985206940920929,-0.30000001192092896,-0.252685447525238
1.2999999523162842,0.4220896322170105,-0.30000001192092896,0.3103092908859253,0.5222222208976746,-0.30000001192092896,-0.30000001192092896,-0.30000001192092896,-0.30000001192092896,-0.30000001192092896,-0.30000001192092896,0.30000001192092896,-0.30000001192092896,0.30000001192092896,-0.30000001192092896,-0.299256007525238
1.2999999523162842,0.45149498221701045,-0.30000001192092896,0.3103092908859253,0.5307692298976746,-0.30000001192092896,-0.30000001192092896,-0.30000001192092896,-0.30000001192092896,-0.30000001192092896,-0.30000001192092896,0.30000001192092896,-0.30000001192092896,0.30000001192092896,-0.30000001192092896,-0.299897113525238
1.2999999523162842,0.4230196262170105,-0.30000001192092896,0.3103092908859253,0.4965811958976746,-0.30000001192092896,-0.30000001192092896,-0.30000001192092896,-0.30000001192092896,-0.30000001192092896,-0.30000001192092896,0.30000001192092896,-0.30000001192092896,0.30000001192092896,-0.30000001192092896,-0.29885950152523805
1.2999999523162842,0.4817603482170105,-0.30000001192092896,0.5474226928859254,0.5393162378976746,-0.30000001192092896,-0.30000001192092896,-0.30000001192092896,-0.30000001192092896,-0.30000001192092896,-0.30000001192092896,0.30000001192092896,-0.24605810292092894,1.088932179920929,-0.30000001192092896,-0.295147029525238
1.2999999523162842,0.3003250692170105,-0.30000001192092896,0.4340206318859253,0.5307692298976746,-0.30000001192092896,-0.30000001192092896,-0.30000001192092896,0.699999988079071,-0.30000001192092896,-0.30000001192092896,0.30000001192092896,-0.24605810292092894,0.973676295920929,-0.30000001192092896,-0.284481294525238
1.2999999523162842,0.4521008412170105,-0.30000001192092896,0.3103092908859253,0.5222222208976746,-0.30000001192092896,-0.30000001192092896,-0.30000001192092896,-0.30000001192092896,-0.30000001192092896,-0.30000001192092896,0.30000001192092896,-0.30000001192092896,0.30000001192092896,-0.30000001192092896,-0.299006306525238
1.2999999523162842,0.3000145668170105,-0.30000001192092896,0.3103092908859253,0.2999999988976746,-0.30000001192092896,-0.009677430920928931,-0.28989900192092893,-0.30000001192092896,-0.30000001192092896,-0.30000001192092896,1.142246000920929,-0.30000001192092896,0.30000001192092896,-0.30000001192092896,-0.299949004925238
1.2999999523162842,0.3021344662170105,-0.30000001192092896,0.3103092908859253,0.33418803289767457,-0.30000001192092896,-0.21129033492092897,-0.18888890092092897,-0.30000001192092896,-0.30000001192092896,-0.30000001192092896,0.30000001192092896,-0.30000001192092896,0.30000001192092896,-0.30000001192092896,-0.29983856852523805
1.2999999523162842,0.4211766042170105,-0.30000001192092896,0.6298969198859253,0.5393162378976746,-0.30000001192092896,-0.30000001192092896,-0.30000001192092896,-0.30000001192092896,-0.30000001192092896,-0.30000001192092896,0.30000001192092896,-0.24605810292092894,0.572031290920929,-0.30000001192092896,-0.29511376552523805
1.2999999523162842,0.3621202282170105,-0.30000001192092896,0.3103092908859253,0.3683760668976746,-0.30000001192092896,-0.28387097992092897,-0.28989900192092893,-0.30000001192092896,-0.30000001192092896,-0.30000001192092896,0.575401081920929,-0.30000001192092896,0.30000001192092896,-0.30000001192092896,-0.29986185352523803
1.2999999523162842,0.4212020502170105,-0.30000001192092896,0.3103092908859253,0.4111111098976746,-0.30000001192092896,-0.25161291492092897,-0.28989900192092893,-0.30000001192092896,-0.30000001192092896,-0.30000001192092896,0.735828888920929,-0.30000001192092896,0.30000001192092896,-0.30000001192092896,-0.299855865525238
1.2999999523162842,0.3315349692170105,-0.30000001192092896,0.3103092908859253,0.34273504189767456,-0.30000001192092896,-0.17903226992092897,-0.28989900192092893,-0.30000001192092896,-0.30000001192092896,-0.30000001192092896,0.999866321920929,-0.11327801992092895,1.0698410809209289,-0.30000001192092896,-0.25169130152523805
1.2999999523162842,0.5120808482170105,-0.30000001192092896,0.3103092908859253,0.5136752128976746,-0.30000001192092896,-0.30000001192092896,-0.30000001192092896,-0.30000001192092896,-0.30000001192092896,-0.30000001192092896,0.30000001192092896,-0.30000001192092896,0.30000001192092896,-0.30000001192092896,-0.29939970752523803
1.2999999523162842,0.4826685302170105,-0.30000001192092896,0.3103092908859253,0.5051282038976745,-0.30000001192092896,-0.30000001192092896,-0.30000001192092896,-0.30000001192092896,-0.30000001192092896,-0.30000001192092896,0.30000001192092896,-0.30000001192092896,0.30000001192092896,-0.30000001192092896,-0.299900217825238
1.2999999523162842,0.3911866002170105,-0.30000001192092896,0.4649484668859253,0.5393162378976746,-0.30000001192092896,-0.30000001192092896,-0.30000001192092896,-0.30000001192092896,-0.30000001192092896,-0.30000001192092896,0.30000001192092896,-0.24605810292092894,0.572031290920929,-0.30000001192092896,-0.295168539525238
1.2999999523162842,0.5726667132170105,-0.30000001192092896,0.3103092908859253,0.5222222208976746,-0.30000001192092896,-0.30000001192092896,-0.30000001192092896,-0.30000001192092896,-0.30000001192092896,-0.30000001192092896,0.30000001192092896,-0.30000001192092896,0.30000001192092896,-0.30000001192092896,-0.299507260525238
1.2999999523162842,0.3051558832170105,-0.30000001192092896,0.3103092908859253,0.3170940158976746,-0.30000001192092896,-0.050000011920928955,-0.28989900192092893,-0.30000001192092896,-0.30000001192092896,-0.30000001192092896,1.1288770169209288,-0.30000001192092896,0.30000001192092896,-0.30000001192092896,-0.29983834652523805
1.2999999523162842,0.4826967032170105,-0.30000001192092896,0.3103092908859253,0.4965811958976746,-0.30000001192092896,-0.30000001192092896,-0.30000001192092896,-0.30000001192092896,-0.30000001192092896,-0.30000001192092896,0.30000001192092896,-0.30000001192092896,0.30000001192092896,-0.30000001192092896,-0.29728700652523804
1.2999999523162842,0.4517779182170105,-0.30000001192092896,0.3103092908859253,0.3769230758976746,-0.30000001192092896,-0.30000001192092896,-0.30000001192092896,-0.30000001192092896,-0.30000001192092896,-0.30000001192092896,0.30000001192092896,-0.29170125692092896,1.119382977920929,-0.30000001192092896,-0.29942143952523803
1.2999999523162842,0.3003044702170105,-0.30000001192092896,0.3103092908859253,0.3256410248976746,-0.30000001192092896,-0.15483872192092896,-0.11818182992092896,-0.30000001192092896,-0.30000001192092896,-0.30000001192092896,0.30000001192092896,-0.30000001192092896,0.30000001192092896,-0.30000001192092896,-0.29983967752523805
1.2999999523162842,0.3342561832170105,-0.30000001192092896,0.3103092908859253,0.34273504189767456,-0.30000001192092896,-0.23548388292092895,-0.21919193092092895,-0.30000001192092896,-0.30000001192092896,-0.30000001192092896,0.30000001192092896,-0.30000001192092896,0.30000001192092896,-0.30000001192092896,-0.28204748652523803
1.2999999523162842,0.9058674642170105,-0.30000001192092896,0.3103092908859253,0.3769230758976746,-0.30000001192092896,-0.30000001192092896,-0.30000001192092896,-0.30000001192092896,-0.30000001192092896,-0.30000001192092896,0.30000001192092896,-0.30000001192092896,0.30000001192092896,-0.30000001192092896,-0.29973966452523804
1.2999999523162842,0.9967677702170105,-0.30000001192092896,0.3103092908859253,0.3769230758976746,-0.30000001192092896,-0.30000001192092896,-0.30000001192092896,-0.30000001192092896,-0.30000001192092896,-0.30000001192092896,0.30000001192092896,-0.2875518789209289,0.7782413209209289,-0.30000001192092896,-0.29961614452523805
1.2999999523162842,0.3024252782170105,-0.30000001192092896,0.3103092908859253,0.34273504189767456,-0.30000001192092896,-0.24354839892092894,-0.28989900192092893,-0.30000001192092896,-0.30000001192092896,-0.30000001192092896,0.861497337920929,-0.30000001192092896,0.30000001192092896,-0.30000001192092896,-0.29983923452523803
1.2999999523162842,0.3312050792170105,-0.30000001192092896,0.3721649608859253,0.4709401698976746,-0.30000001192092896,-0.21129033492092897,-0.28989900192092893,-0.30000001192092896,-0.30000001192092896,-0.30000001192092896,0.961764717920929,0.07344397107907102,0.856935626920929,-0.30000001192092896,-0.21511632052523805
1.2999999523162842,0.3009136612170105,-0.30000001192092896,0.3103092908859253,0.2999999988976746,-0.30000001192092896,-0.30000001192092896,-0.30000001192092896,-0.30000001192092896,-0.30000001192092896,-0.30000001192092896,0.30000001192092896,-0.29170125692092896,0.9164036419209289,-0.30000001192092896,-0.29986961552523805
1.2999999523162842,1.0876235452170104,-0.30000001192092896,0.3103092908859253,0.3769230758976746,-0.30000001192092896,-0.30000001192092896,-0.30000001192092896,-0.30000001192092896,-0.30000001192092896,-0.30000001192092896,0.30000001192092896,-0.30000001192092896,0.30000001192092896,-0.30000001192092896,-0.29968976852523804
1.2999999523162842,1.0879264752170106,-0.30000001192092896,0.3103092908859253,0.3769230758976746,-0.30000001192092896,-0.30000001192092896,-0.30000001192092896,-0.30000001192092896,-0.30000001192092896,-0.30000001192092896,0.30000001192092896,-0.30000001192092896,0.30000001192092896,-0.30000001192092896,-0.29979709952523803
1.2999999523162842,0.4520908442170105,-0.30000001192092896,0.3103092908859253,0.4282051268976746,-0.30000001192092896,-0.29193549592092893,-0.28989900192092893,-0.30000001192092896,-0.30000001192092896,-0.30000001192092896,0.4610962689209289,-0.30000001192092896,0.30000001192092896,-0.30000001192092896,-0.29986163152523804
1.2999999523162842,0.3612081082170105,-0.30000001192092896,0.3103092908859253,0.3512820498976746,-0.30000001192092896,-0.28387097992092897,-0.27979799192092897,-0.30000001192092896,-0.30000001192092896,-0.30000001192092896,0.30000001192092896,-0.30000001192092896,0.30000001192092896,-0.30000001192092896,-0.29984366952523805
1.2999999523162842,0.4521008412170105,-0.30000001192092896,0.3103092908859253,0.5307692298976746,-0.30000001192092896,-0.30000001192092896,-0.30000001192092896,-0.30000001192092896,-0.30000001192092896,-0.30000001192092896,0.30000001192092896,-0.295850633920929,0.846887934920929,-0.30000001192092896,-0.29907394252523806
1.2999999523162842,0.3048705242170105,-0.30000001192092896,0.3103092908859253,0.33418803289767457,-0.30000001192092896,-0.050000011920928955,0.013131301079071067,-0.30000001192092896,-0.30000001192092896,-0.30000001192092896,0.30000001192092896,-0.30000001192092896,0.30000001192092896,-0.30000001192092896,-0.29983967752523805
1.2999999523162842,0.4530096292170105,-0.30000001192092896,0.3103092908859253,0.5222222208976746,-0.30000001192092896,-0.30000001192092896,-0.30000001192092896,-0.30000001192092896,-0.30000001192092896,-0.30000001192092896,0.30000001192092896,-0.30000001192092896,0.30000001192092896,-0.30000001192092896,-0.29990088312523805
1.2999999523162842,0.4820908442170105,-0.30000001192092896,0.3103092908859253,0.5222222208976746,-0.30000001192092896,-0.30000001192092896,-0.30000001192092896,-0.30000001192092896,-0.30000001192092896,-0.30000001192092896,0.30000001192092896,-0.30000001192092896,0.30000001192092896,-0.30000001192092896,-0.299901104925238
1.2999999523162842,0.4215037672170105,-0.30000001192092896,0.49587630188592535,0.5393162378976746,-0.30000001192092896,-0.30000001192092896,-0.30000001192092896,-0.30000001192092896,-0.30000001192092896,-0.30000001192092896,0.30000001192092896,-0.24605810292092894,0.808402569920929,-0.30000001192092896,-0.29549009052523806
1.2999999523162842,0.5435854982170105,-0.30000001192092896,0.3103092908859253,0.5222222208976746,-0.30000001192092896,-0.30000001192092896,-0.30000001192092896,-0.30000001192092896,-0.30000001192092896,-0.30000001192092896,0.30000001192092896,-0.295850633920929,0.7382474989209289,-0.30000001192092896,-0.29954163352523805
1.2999999523162842,0.33180760521701047,-0.30000001192092896,0.3103092908859253,0.3256410248976746,-0.30000001192092896,0.022580633079071044,0.10404039207907106,-0.30000001192092896,-0.30000001192092896,-0.30000001192092896,0.30000001192092896,-0.30000001192092896,0.30000001192092896,-0.30000001192092896,-0.29983923452523803
1.2999999523162842,0.3039684002170105,-0.30000001192092896,0.3103092908859253,0.34273504189767456,-0.30000001192092896,-0.08225807692092896,-0.28989900192092893,-0.30000001192092896,-0.30000001192092896,-0.30000001192092896,1.112165786920929,-0.22116183792092897,1.0829122709209291,-0.30000001192092896,-0.255236788525238
1.2999999523162842,0.3921208342170105,-0.30000001192092896,0.3103092908859253,0.3256410248976746,-0.30000001192092896,-0.22741936692092896,-0.20909092092092896,-0.30000001192092896,-0.30000001192092896,-0.30000001192092896,0.30000001192092896,-0.30000001192092896,0.30000001192092896,-0.30000001192092896,-0.299855200525238
1.2999999523162842,0.4239284142170105,-0.30000001192092896,0.3103092908859253,0.5136752128976746,-0.30000001192092896,-0.30000001192092896,-0.30000001192092896,-0.30000001192092896,-0.30000001192092896,-0.30000001192092896,0.30000001192092896,-0.2875518789209289,1.1746556309209288,-0.30000001192092896,-0.29910942452523803
1.2999999523162842,0.4233225552170105,-0.30000001192092896,0.3103092908859253,0.5222222208976746,-0.30000001192092896,-0.28387097992092897,-0.28989900192092893,-0.30000001192092896,-0.30000001192092896,-0.30000001192092896,0.575401081920929,-0.30000001192092896,0.30000001192092896,-0.30000001192092896,-0.299892899525238
1.2999999523162842,0.4530035702170105,-0.30000001192092896,0.3103092908859253,0.5051282038976745,-0.30000001192092896,-0.30000001192092896,-0.30000001192092896,-0.30000001192092896,-0.30000001192092896,-0.30000001192092896,0.30000001192092896,-0.295850633920929,1.094716369920929,-0.30000001192092896,-0.29946579152523806
1.2999999523162842,0.3303232522170105,-0.30000001192092896,0.3103092908859253,0.3769230758976746,-0.30000001192092896,-0.29193549592092893,-0.28989900192092893,-0.30000001192092896,-0.30000001192092896,-0.30000001192092896,0.35748664292092897,-0.30000001192092896,0.30000001192092896,-0.30000001192092896,-0.273190198525238
1.2999999523162842,0.3000278957170105,-0.30000001192092896,0.3103092908859253,0.2999999988976746,-0.30000001192092896,-0.21935485092092893,-0.19898991092092894,-0.30000001192092896,-0.30000001192092896,-0.30000001192092896,0.30000001192092896,-0.30000001192092896,0.30000001192092896,-0.30000001192092896,-0.29994967012523804
1.2999999523162842,0.3039623422170105,-0.30000001192092896,0.3103092908859253,0.34273504189767456,-0.30000001192092896,-0.18709678592092896,-0.28989900192092893,-0.30000001192092896,-0.30000001192092896,-0.30000001192092896,1.011229958920929,-0.30000001192092896,0.30000001192092896,-0.30000001192092896,-0.29983901252523804
1.2999999523162842,0.42150497921701047,-0.30000001192092896,0.3103092908859253,0.5136752128976746,-0.30000001192092896,-0.30000001192092896,-0.30000001192092896,-0.30000001192092896,-0.30000001192092896,-0.30000001192092896,0.30000001192092896,-0.29170125692092896,0.755274616920929,-0.30000001192092896,-0.29889453952523803
1.2999999523162842,0.3921208342170105,-0.30000001192092896,0.3103092908859253,0.5136752128976746,-0.30000001192092896,-0.30000001192092896,-0.30000001192092896,-0.30000001192092896,-0.30000001192092896,-0.30000001192092896,0.30000001192092896,-0.30000001192092896,0.30000001192092896,-0.30000001192092896,-0.299900661325238
1.2999999523162842,0.4212020502170105,-0.30000001192092896,0.3103092908859253,0.5307692298976746,-0.30000001192092896,-0.30000001192092896,-0.30000001192092896,-0.30000001192092896,-0.30000001192092896,-0.30000001192092896,0.30000001192092896,-0.295850633920929,0.979165439920929,-0.30000001192092896,-0.29982947652523806
1.2999999523162842,0.5735755012170105,-0.30000001192092896,0.3103092908859253,0.5307692298976746,-0.30000001192092896,-0.30000001192092896,-0.30000001192092896,-0.30000001192092896,-0.30000001192092896,-0.30000001192092896,0.30000001192092896,-0.30000001192092896,0.30000001192092896,-0.30000001192092896,-0.29990088312523805
1.2999999523162842,0.4217791302170105,-0.30000001192092896,0.3103092908859253,0.5051282038976745,-0.30000001192092896,-0.30000001192092896,-0.30000001192092896,-0.30000001192092896,-0.30000001192092896,-0.30000001192092896,0.30000001192092896,-0.29170125692092896,0.9682757449209289,-0.30000001192092896,-0.28890184452523804
1.2999999523162842,0.4224137672170105,-0.30000001192092896,0.3103092908859253,0.5136752128976746,-0.30000001192092896,-0.30000001192092896,-0.30000001192092896,-0.30000001192092896,-0.30000001192092896,-0.30000001192092896,0.30000001192092896,-0.30000001192092896,0.30000001192092896,-0.30000001192092896,-0.299181274525238
1.2999999523162842,0.5135867092170106,-0.30000001192092896,0.3103092908859253,0.5051282038976745,-0.30000001192092896,-0.30000001192092896,-0.30000001192092896,-0.30000001192092896,-0.30000001192092896,-0.30000001192092896,0.30000001192092896,-0.295850633920929,0.891385137920929,-0.30000001192092896,-0.299501272525238
1.2999999523162842,0.5423737802170105,-0.30000001192092896,0.3103092908859253,0.5136752128976746,-0.30000001192092896,-0.30000001192092896,-0.30000001192092896,-0.30000001192092896,-0.30000001192092896,-0.30000001192092896,0.30000001192092896,-0.30000001192092896,0.30000001192092896,-0.30000001192092896,-0.29990043962523805
1.2999999523162842,0.3000197166170105,-0.30000001192092896,0.4237113528859253,0.2999999988976746,-0.30000001192092896,-0.041935495920928934,-0.28989900192092893,-0.30000001192092896,-0.30000001192092896,-0.30000001192092896,1.134224610920929,-0.13817428592092895,1.014219106920929,-0.30000001192092896,-0.24481299352523803
1.2999999523162842,0.3918027582170105,-0.30000001192092896,0.3103092908859253,0.38547008389767456,-0.30000001192092896,-0.30000001192092896,-0.30000001192092896,-0.30000001192092896,-0.30000001192092896,-0.30000001192092896,0.30000001192092896,-0.30000001192092896,0.30000001192092896,-0.30000001192092896,-0.27587548152523805
1.2999999523162842,0.45149498221701045,-0.30000001192092896,0.3103092908859253,0.5222222208976746,-0.30000001192092896,-0.30000001192092896,-0.30000001192092896,-0.30000001192092896,-0.30000001192092896,-0.30000001192092896,0.30000001192092896,-0.30000001192092896,0.30000001192092896,-0.30000001192092896,-0.299870945525238
1.2999999523162842,0.42180790821701053,-0.30000001192092896,0.3103092908859253,0.3256410248976746,-0.30000001192092896,-0.22741936692092896,-0.20909092092092896,-0.30000001192092896,-0.30000001192092896,-0.30000001192092896,0.30000001192092896,-0.30000001192092896,0.30000001192092896,-0.30000001192092896,-0.28270411552523805
1.2999999523162842,0.3018218432170105,-0.30000001192092896,0.3103092908859253,0.3512820498976746,-0.30000001192092896,-0.21935485092092893,-0.28989900192092893,-0.30000001192092896,-0.30000001192092896,-0.30000001192092896,0.9417112419209289,-0.30000001192092896,0.30000001192092896,-0.30000001192092896,-0.299837238525238
1.2999999523162842,0.3030596122170105,-0.30000001192092896,0.3103092908859253,0.3598290588976746,-0.30000001192092896,-0.21129033492092897,-0.28989900192092893,-0.30000001192092896,-0.30000001192092896,-0.30000001192092896,0.961764717920929,-0.10082988792092895,1.126473973920929,-0.30000001192092896,-0.25885412652523804
1.2999999523162842,0.4214922562170105,-0.30000001192092896,0.3103092908859253,0.5307692298976746,-0.30000001192092896,-0.30000001192092896,-0.30000001192092896,-0.30000001192092896,-0.30000001192092896,-0.30000001192092896,0.30000001192092896,-0.30000001192092896,0.30000001192092896,-0.30000001192092896,-0.299899774525238
1.2999999523162842,0.5735755012170105,-0.30000001192092896,0.3103092908859253,0.5222222208976746,-0.30000001192092896,-0.30000001192092896,-0.30000001192092896,-0.30000001192092896,-0.30000001192092896,-0.30000001192092896,0.30000001192092896,-0.2875518789209289,0.737751744920929,-0.30000001192092896,-0.299394163525238
1.2999999523162842,0.4521008412170105,-0.30000001192092896,0.3103092908859253,0.5307692298976746,-0.30000001192092896,-0.30000001192092896,-0.30000001192092896,-0.30000001192092896,-0.30000001192092896,-0.30000001192092896,0.30000001192092896,-0.30000001192092896,0.30000001192092896,-0.30000001192092896,-0.29126868152523805
1.2999999523162842,0.4817879152170105,-0.30000001192092896,0.3103092908859253,0.5222222208976746,-0.30000001192092896,-0.30000001192092896,-0.30000001192092896,-0.30000001192092896,-0.30000001192092896,-0.30000001192092896,0.30000001192092896,-0.295850633920929,0.751065240920929,-0.30000001192092896,-0.29685745852523804
0.2999999523162842,0.3015289102170105,-0.19662239292092895,0.3000000128859253,0.33418803289767457,0.699999988079071,-0.30000001192092896,-0.30000001192092896,0.699999988079071,-0.05757576992092894,-0.13402490792092894,0.30000001192092896,-0.30000001192092896,0.30000001192092896,-0.03333334492092893,-0.29844370252523805
0.2999999523162842,0.3018345662170105,-0.23014652192092894,0.3000000128859253,0.3256410248976746,0.699999988079071,-0.30000001192092896,-0.30000001192092896,0.699999988079071,-0.23939395092092897,-0.10082988792092895,0.30000001192092896,-0.30000001192092896,0.30000001192092896,-0.10000001192092894,-0.298148984525238
1.2999999523162842,0.5120554012170104,-0.30000001192092896,0.4649484668859253,0.5393162378976746,-0.30000001192092896,-0.30000001192092896,-0.30000001192092896,-0.30000001192092896,-0.30000001192092896,-0.30000001192092896,0.30000001192092896,-0.24605810292092894,0.572031290920929,-0.30000001192092896,-0.29517607952523806
1.2999999523162842,0.3914971032170105,-0.30000001192092896,0.3103092908859253,0.34273504189767456,-0.30000001192092896,-0.21129033492092897,-0.18888890092092897,-0.30000001192092896,-0.30000001192092896,-0.30000001192092896,0.30000001192092896,-0.30000001192092896,0.30000001192092896,-0.30000001192092896,-0.29986407152523803
1.2999999523162842,0.7241313762170105,-0.30000001192092896,0.3103092908859253,0.3769230758976746,-0.30000001192092896,-0.30000001192092896,-0.30000001192092896,-0.30000001192092896,-0.30000001192092896,-0.30000001192092896,0.30000001192092896,-0.30000001192092896,0.30000001192092896,-0.30000001192092896,-0.29990465302523805
1.2999999523162842,0.3612220432170105,-0.30000001192092896,0.3103092908859253,0.34273504189767456,-0.30000001192092896,-0.27580646392092895,-0.26969698192092895,-0.30000001192092896,-0.30000001192092896,-0.30000001192092896,0.30000001192092896,-0.30000001192092896,0.30000001192092896,-0.30000001192092896,-0.299860966525238
1.2999999523162842,0.33272972221701047,-0.30000001192092896,0.4649484668859253,0.4367521358976746,-0.30000001192092896,-0.27580646392092895,-0.28989900192092893,-0.30000001192092896,-0.30000001192092896,-0.30000001192092896,0.660294129920929,0.4468879550790711,0.920659170920929,-0.30000001192092896,-0.25637929252523806
1.2999999523162842,0.45149498221701045,-0.30000001192092896,0.3103092908859253,0.5222222208976746,-0.30000001192092896,-0.30000001192092896,-0.30000001192092896,-0.30000001192092896,-0.30000001192092896,-0.30000001192092896,0.30000001192092896,-0.30000001192092896,0.30000001192092896,-0.30000001192092896,-0.29990088312523805
1.2999999523162842,0.5726667132170105,-0.30000001192092896,0.3103092908859253,0.3769230758976746,-0.30000001192092896,-0.30000001192092896,-0.30000001192092896,-0.30000001192092896,-0.30000001192092896,-0.30000001192092896,0.30000001192092896,-0.29170125692092896,0.981370357920929,-0.30000001192092896,-0.29968378052523803
1.2999999523162842,0.3318378982170105,-0.30000001192092896,0.3103092908859253,0.38547008389767456,-0.30000001192092896,-0.25161291492092897,-0.28989900192092893,-0.30000001192092896,-0.30000001192092896,-0.30000001192092896,0.788636375920929,-0.30000001192092896,0.30000001192092896,-0.30000001192092896,-0.25501835552523805
1.2999999523162842,0.3915149762170105,-0.30000001192092896,0.3103092908859253,0.5051282038976745,-0.30000001192092896,-0.30000001192092896,-0.30000001192092896,-0.30000001192092896,-0.30000001192092896,-0.30000001192092896,0.30000001192092896,-0.30000001192092896,0.30000001192092896,-0.30000001192092896,-0.29990088312523805
1.2999999523162842,0.4212020502170105,-0.30000001192092896,0.3103092908859253,0.4282051268976746,-0.30000001192092896,-0.30000001192092896,-0.30000001192092896,-0.30000001192092896,-0.30000001192092896,-0.30000001192092896,0.30000001192092896,-0.30000001192092896,0.30000001192092896,-0.30000001192092896,-0.29987050252523806
1.2999999523162842,0.42180790821701053,-0.30000001192092896,0.3103092908859253,0.5136752128976746,-0.30000001192092896,-0.30000001192092896,-0.30000001192092896,-0.30000001192092896,-0.30000001192092896,-0.30000001192092896,0.30000001192092896,-0.30000001192092896,0.30000001192092896,-0.30000001192092896,-0.29914557052523805
1.2999999523162842,0.4517888242170105,-0.30000001192092896,0.3103092908859253,0.41965811889767457,-0.30000001192092896,-0.29193549592092893,-0.28989900192092893,-0.30000001192092896,-0.30000001192092896,-0.30000001192092896,0.4610962689209289,-0.30000001192092896,0.30000001192092896,-0.30000001192092896,-0.291263137525238
1.2999999523162842,0.42178882421701047,-0.30000001192092896,0.3103092908859253,0.33418803289767457,-0.30000001192092896,-0.17903226992092897,-0.14848485992092897,-0.30000001192092896,-0.30000001192092896,-0.30000001192092896,0.30000001192092896,-0.30000001192092896,0.30000001192092896,-0.30000001192092896,-0.29985564452523805
1.2999999523162842,0.4233225552170105,-0.30000001192092896,0.3103092908859253,0.5393162378976746,-0.30000001192092896,-0.30000001192092896,-0.30000001192092896,-0.30000001192092896,-0.30000001192092896,-0.30000001192092896,0.30000001192092896,-0.30000001192092896,0.30000001192092896,-0.30000001192092896,-0.29728301452523803
1.2999999523162842,0.3915149762170105,-0.30000001192092896,0.3103092908859253,0.5136752128976746,-0.30000001192092896,-0.30000001192092896,-0.30000001192092896,-0.30000001192092896,-0.30000001192092896,-0.30000001192092896,0.30000001192092896,-0.30000001192092896,0.30000001192092896,-0.30000001192092896,-0.29990088312523805
1.2999999523162842,0.5738784302170106,-0.30000001192092896,0.3103092908859253,0.5222222208976746,-0.30000001192092896,-0.30000001192092896,-0.30000001192092896,-0.30000001192092896,-0.30000001192092896,-0.30000001192092896,0.30000001192092896,-0.30000001192092896,0.30000001192092896,-0.30000001192092896,-0.29990088312523805
1.2999999523162842,0.3321159872170105,-0.30000001192092896,0.3103092908859253,0.3512820498976746,-0.30000001192092896,-0.21935485092092893,-0.19898991092092894,-0.30000001192092896,-0.30000001192092896,-0.30000001192092896,0.30000001192092896,-0.30000001192092896,0.30000001192092896,-0.30000001192092896,-0.299841229525238
0.2999999523162842,0.3003078022170105,-0.10774149792092896,0.3000000128859253,0.3512820498976746,0.699999988079071,-0.30000001192092896,-0.30000001192092896,0.699999988079071,-0.20909092092092896,-0.21701245992092894,0.30000001192092896,-0.30000001192092896,0.30000001192092896,0.033333321079071054,-0.29912583452523805
1.2999999523162842,0.4527067002170105,-0.30000001192092896,0.3103092908859253,0.5136752128976746,-0.30000001192092896,-0.30000001192092896,-0.30000001192092896,-0.30000001192092896,-0.30000001192092896,-0.30000001192092896,0.30000001192092896,-0.30000001192092896,0.30000001192092896,-0.30000001192092896,-0.29958687152523805
1.2999999523162842,0.3624286102170105,-0.30000001192092896,0.3103092908859253,0.33418803289767457,-0.30000001192092896,-0.15483872192092896,-0.11818182992092896,-0.30000001192092896,-0.30000001192092896,-0.30000001192092896,0.30000001192092896,-0.30000001192092896,0.30000001192092896,-0.30000001192092896,-0.299845221525238
1.2999999523162842,0.5432825682170105,-0.30000001192092896,0.3103092908859253,0.5222222208976746,-0.30000001192092896,-0.30000001192092896,-0.30000001192092896,-0.30000001192092896,-0.30000001192092896,-0.30000001192092896,0.30000001192092896,-0.30000001192092896,0.30000001192092896,-0.30000001192092896,-0.299900661325238
1.2999999523162842,0.3012387042170105,-0.30000001192092896,0.3103092908859253,0.3085470078976746,-0.30000001192092896,0.377419343079071,-0.28989900192092893,-0.30000001192092896,-0.30000001192092896,-0.30000001192092896,1.198395733920929,-0.26680499092092896,1.0424097209209289,-0.30000001192092896,-0.25056210252523803
1.2999999523162842,0.3303181022170105,-0.30000001192092896,0.4752577448859253,0.5307692298976746,-0.30000001192092896,-0.30000001192092896,-0.30000001192092896,0.699999988079071,-0.30000001192092896,-0.30000001192092896,0.30000001192092896,-0.24605810292092894,0.708840948920929,-0.30000001192092896,-0.22867113452523802
1.2999999523162842,0.48178276521701047,-0.30000001192092896,0.3103092908859253,0.5222222208976746,-0.30000001192092896,-0.30000001192092896,-0.30000001192092896,-0.30000001192092896,-0.30000001192092896,-0.30000001192092896,0.30000001192092896,-0.30000001192092896,0.30000001192092896,-0.30000001192092896,-0.299901104925238
1.2999999523162842,0.3318378982170105,-0.30000001192092896,0.3103092908859253,0.3598290588976746,-0.30000001192092896,-0.23548388292092895,-0.28989900192092893,-0.30000001192092896,-0.30000001192092896,-0.30000001192092896,0.893582899920929,-0.30000001192092896,0.30000001192092896,-0.30000001192092896,-0.299859192525238
1.2999999523162842,0.4517730712170105,-0.30000001192092896,0.3103092908859253,0.5222222208976746,-0.30000001192092896,-0.30000001192092896,-0.30000001192092896,-0.30000001192092896,-0.30000001192092896,-0.30000001192092896,0.30000001192092896,-0.30000001192092896,0.30000001192092896,-0.30000001192092896,-0.299899996525238
1.2999999523162842,0.3609179022170105,-0.30000001192092896,0.3618556828859253,0.4880341868976746,-0.30000001192092896,-0.30000001192092896,-0.30000001192092896,-0.30000001192092896,-0.30000001192092896,-0.30000001192092896,0.30000001192092896,-0.24605810292092894,0.9026445069209289,-0.30000001192092896,-0.292078324525238
1.2999999523162842,0.4239284142170105,-0.30000001192092896,0.3103092908859253,0.5136752128976746,-0.30000001192092896,-0.30000001192092896,-0.30000001192092896,-0.30000001192092896,-0.30000001192092896,-0.30000001192092896,0.30000001192092896,-0.2875518789209289,0.888830948920929,-0.30000001192092896,-0.298551921525238
1.2999999523162842,0.3921208342170105,-0.30000001192092896,0.3103092908859253,0.3512820498976746,-0.30000001192092896,-0.27580646392092895,-0.26969698192092895,-0.30000001192092896,-0.30000001192092896,-0.30000001192092896,0.30000001192092896,-0.30000001192092896,0.30000001192092896,-0.30000001192092896,-0.299855865525238
1.2999999523162842,0.4832934742170105,-0.30000001192092896,0.3103092908859253,0.5307692298976746,-0.30000001192092896,-0.30000001192092896,-0.30000001192092896,-0.30000001192092896,-0.30000001192092896,-0.30000001192092896,0.30000001192092896,-0.30000001192092896,0.30000001192092896,-0.30000001192092896,-0.299006084525238
1.2999999523162842,0.5132925652170105,-0.30000001192092896,0.3103092908859253,0.5222222208976746,-0.30000001192092896,-0.30000001192092896,-0.30000001192092896,-0.30000001192092896,-0.30000001192092896,-0.30000001192092896,0.30000001192092896,-0.30000001192092896,0.30000001192092896,-0.30000001192092896,-0.299579553525238
1.2999999523162842,0.3006346632170105,-0.30000001192092896,0.3103092908859253,0.3683760668976746,-0.30000001192092896,-0.24354839892092894,-0.28989900192092893,-0.30000001192092896,-0.30000001192092896,-0.30000001192092896,0.861497337920929,-0.30000001192092896,0.30000001192092896,-0.30000001192092896,-0.29983989952523804
1.2999999523162842,0.42271669621701047,-0.30000001192092896,0.3103092908859253,0.3940170928976746,-0.30000001192092896,-0.27580646392092895,-0.28989900192092893,-0.30000001192092896,-0.30000001192092896,-0.30000001192092896,0.6629679259209289,0.07759334907907106,0.855148912920929,-0.30000001192092896,-0.26294026252523806
1.2999999523162842,0.3918179052170105,-0.30000001192092896,0.3103092908859253,0.5136752128976746,-0.30000001192092896,-0.30000001192092896,-0.30000001192092896,-0.30000001192092896,-0.30000001192092896,-0.30000001192092896,0.30000001192092896,-0.30000001192092896,0.30000001192092896,-0.30000001192092896,-0.299471557525238
1.2999999523162842,0.3354703242170105,-0.30000001192092896,0.3103092908859253,0.34273504189767456,-0.30000001192092896,-0.18709678592092896,-0.28989900192092893,-0.30000001192092896,-0.30000001192092896,-0.30000001192092896,1.011229958920929,-0.30000001192092896,0.30000001192092896,-0.30000001192092896,-0.25743508852523805
1.2999999523162842,0.4826967032170105,-0.30000001192092896,0.3103092908859253,0.5136752128976746,-0.30000001192092896,-0.30000001192092896,-0.30000001192092896,-0.30000001192092896,-0.30000001192092896,-0.30000001192092896,0.30000001192092896,-0.30000001192092896,0.30000001192092896,-0.30000001192092896,-0.299900661325238
1.2999999523162842,0.4829996322170105,-0.30000001192092896,0.3103092908859253,0.5051282038976745,-0.30000001192092896,-0.30000001192092896,-0.30000001192092896,-0.30000001192092896,-0.30000001192092896,-0.30000001192092896,0.30000001192092896,-0.30000001192092896,0.30000001192092896,-0.30000001192092896,-0.29990132662523805
1.2999999523162842,0.3930296222170105,-0.30000001192092896,0.3103092908859253,0.5222222208976746,-0.30000001192092896,-0.30000001192092896,-0.30000001192092896,-0.30000001192092896,-0.30000001192092896,-0.30000001192092896,0.30000001192092896,-0.295850633920929,1.009900091920929,-0.30000001192092896,-0.29870670952523803
1.2999999523162842,0.3915149762170105,-0.30000001192092896,0.3103092908859253,0.3683760668976746,-0.30000001192092896,-0.28387097992092897,-0.27979799192092897,-0.30000001192092896,-0.30000001192092896,-0.30000001192092896,0.30000001192092896,-0.30000001192092896,0.30000001192092896,-0.30000001192092896,-0.29986163152523804
1.2999999523162842,0.39242376421701053,-0.30000001192092896,0.3103092908859253,0.3512820498976746,-0.30000001192092896,-0.29193549592092893,-0.28989900192092893,-0.30000001192092896,-0.30000001192092896,-0.30000001192092896,0.4610962689209289,0.699999988079071,1.1082968329209288,-0.30000001192092896,-0.24642740052523804
1.2999999523162842,0.5120505552170105,-0.30000001192092896,0.3103092908859253,0.5222222208976746,-0.30000001192092896,-0.30000001192092896,-0.30000001192092896,-0.30000001192092896,-0.30000001192092896,-0.30000001192092896,0.30000001192092896,-0.30000001192092896,0.30000001192092896,-0.30000001192092896,-0.29990132662523805
1.2999999523162842,0.48267973921701046,-0.30000001192092896,0.3103092908859253,0.5222222208976746,-0.30000001192092896,-0.30000001192092896,-0.30000001192092896,-0.30000001192092896,-0.30000001192092896,-0.30000001192092896,0.30000001192092896,-0.30000001192092896,0.30000001192092896,-0.30000001192092896,-0.29966315752523803
1.2999999523162842,0.4221108382170105,-0.30000001192092896,0.3103092908859253,0.3940170928976746,-0.30000001192092896,-0.30000001192092896,-0.30000001192092896,-0.30000001192092896,-0.30000001192092896,-0.30000001192092896,0.30000001192092896,-0.30000001192092896,0.30000001192092896,-0.30000001192092896,-0.299870723525238
1.2999999523162842,0.45149498221701045,-0.30000001192092896,0.3103092908859253,0.4111111098976746,-0.30000001192092896,-0.28387097992092897,-0.28989900192092893,-0.30000001192092896,-0.30000001192092896,-0.30000001192092896,0.575401081920929,0.11908712507907104,0.985206940920929,-0.30000001192092896,-0.26358092552523804
1.2999999523162842,0.36061618421701047,-0.30000001192092896,0.3103092908859253,0.33418803289767457,-0.30000001192092896,-0.27580646392092895,-0.26969698192092895,-0.30000001192092896,-0.30000001192092896,-0.30000001192092896,0.501203220920929,0.45103733207907104,0.7712671929209289,-0.30000001192092896,-0.26498554852523803
1.2999999523162842,0.3915149762170105,-0.30000001192092896,0.3103092908859253,0.34273504189767456,-0.30000001192092896,-0.29193549592092893,-0.28989900192092893,-0.30000001192092896,-0.30000001192092896,-0.30000001192092896,0.4610962689209289,-0.30000001192092896,0.30000001192092896,-0.30000001192092896,-0.299855200525238
1.2999999523162842,0.4539184172170105,-0.30000001192092896,0.3103092908859253,0.5307692298976746,-0.30000001192092896,-0.30000001192092896,-0.30000001192092896,-0.30000001192092896,-0.30000001192092896,-0.30000001192092896,0.30000001192092896,-0.29170125692092896,0.6740299839209289,-0.30000001192092896,-0.29884974452523805
1.2999999523162842,0.4224137672170105,-0.30000001192092896,0.3103092908859253,0.3512820498976746,-0.30000001192092896,-0.25161291492092897,-0.23939395092092897,-0.30000001192092896,-0.30000001192092896,-0.30000001192092896,0.30000001192092896,-0.30000001192092896,0.30000001192092896,-0.30000001192092896,-0.299862075525238
1.2999999523162842,0.45149498221701045,-0.30000001192092896,0.3103092908859253,0.5051282038976745,-0.30000001192092896,-0.30000001192092896,-0.30000001192092896,-0.30000001192092896,-0.30000001192092896,-0.30000001192092896,0.30000001192092896,-0.295850633920929,0.860955634920929,-0.30000001192092896,-0.29884974452523805
1.2999999523162842,0.3015355752170105,-0.30000001192092896,0.5164948578859253,0.5393162378976746,-0.30000001192092896,-0.30000001192092896,-0.30000001192092896,-0.30000001192092896,-0.30000001192092896,-0.30000001192092896,0.30000001192092896,-0.24605810292092894,0.765188056920929,-0.30000001192092896,-0.25682391952523803
1.2999999523162842,0.3306149732170105,-0.30000001192092896,0.3103092908859253,0.3512820498976746,-0.30000001192092896,-0.11451614092092896,-0.06767677992092896,-0.30000001192092896,-0.30000001192092896,-0.30000001192092896,0.30000001192092896,-0.30000001192092896,0.30000001192092896,-0.30000001192092896,-0.27337181952523804
1.2999999523162842,0.5132925652170105,-0.30000001192092896,0.3103092908859253,0.5136752128976746,-0.30000001192092896,-0.30000001192092896,-0.30000001192092896,-0.30000001192092896,-0.30000001192092896,-0.30000001192092896,0.30000001192092896,-0.295850633920929,0.990216424920929,-0.30000001192092896,-0.29903624352523805
1.2999999523162842,0.3921208342170105,-0.30000001192092896,0.3103092908859253,0.5222222208976746,-0.30000001192092896,-0.30000001192092896,-0.30000001192092896,-0.30000001192092896,-0.30000001192092896,-0.30000001192092896,0.30000001192092896,-0.30000001192092896,0.30000001192092896,-0.30000001192092896,-0.29981661452523806
1.2999999523162842,0.6638484402170105,-0.30000001192092896,0.3103092908859253,0.3769230758976746,-0.30000001192092896,-0.30000001192092896,-0.30000001192092896,-0.30000001192092896,-0.30000001192092896,-0.30000001192092896,0.30000001192092896,-0.30000001192092896,0.30000001192092896,-0.30000001192092896,-0.29990465302523805
1.2999999523162842,0.3324158872170105,-0.30000001192092896,0.3103092908859253,0.3683760668976746,-0.30000001192092896,-0.19516130192092895,-0.16868688092092896,-0.30000001192092896,-0.30000001192092896,-0.30000001192092896,0.30000001192092896,-0.30000001192092896,0.30000001192092896,-0.30000001192092896,-0.29984145152523806
1.2999999523162842,0.3911981112170105,-0.30000001192092896,0.5164948578859253,0.4367521358976746,-0.30000001192092896,-0.30000001192092896,-0.30000001192092896,-0.30000001192092896,-0.30000001192092896,-0.30000001192092896,0.30000001192092896,-0.24605810292092894,1.300000011920929,-0.30000001192092896,-0.29359959252523804
1.2999999523162842,0.3321332542170105,-0.30000001192092896,0.3103092908859253,0.3256410248976746,-0.30000001192092896,-0.08225807692092896,-0.28989900192092893,-0.30000001192092896,-0.30000001192092896,-0.30000001192092896,1.112165786920929,-0.30000001192092896,0.30000001192092896,-0.30000001192092896,-0.299842338525238
1.2999999523162842,0.3912120462170105,-0.30000001192092896,0.3103092908859253,0.5051282038976745,-0.30000001192092896,-0.30000001192092896,-0.30000001192092896,-0.30000001192092896,-0.30000001192092896,-0.30000001192092896,0.30000001192092896,-0.2875518789209289,1.077492108920929,-0.30000001192092896,-0.29846587852523804
1.2999999523162842,0.5135700482170105,-0.30000001192092896,0.3103092908859253,0.5222222208976746,-0.30000001192092896,-0.30000001192092896,-0.30000001192092896,-0.30000001192092896,-0.30000001192092896,-0.30000001192092896,0.30000001192092896,-0.30000001192092896,0.30000001192092896,-0.30000001192092896,-0.299900661325238
1.2999999523162842,0.3024316402170105,-0.30000001192092896,0.3103092908859253,0.38547008389767456,-0.30000001192092896,-0.27580646392092895,-0.26969698192092895,-0.30000001192092896,-0.30000001192092896,-0.30000001192092896,0.30000001192092896,-0.30000001192092896,0.30000001192092896,-0.30000001192092896,-0.29984078652523805
0.2999999523162842,0.3015370892170105,-0.27914994592092895,0.3000000128859253,0.34273504189767456,0.699999988079071,-0.30000001192092896,-0.30000001192092896,0.699999988079071,-0.27979799192092897,0.12738588007907103,0.30000001192092896,-0.30000001192092896,0.30000001192092896,-0.23333334492092894,-0.29619395452523806
1.2999999523162842,0.3612220432170105,-0.30000001192092896,0.3103092908859253,0.3598290588976746,-0.30000001192092896,-0.20322581792092898,-0.28989900192092893,-0.30000001192092896,-0.30000001192092896,-0.30000001192092896,0.981818193920929,-0.12572615292092895,0.9807755629209289,-0.30000001192092896,-0.253301273525238
1.2999999523162842,0.5432774182170105,-0.30000001192092896,0.3103092908859253,0.5051282038976745,-0.30000001192092896,-0.30000001192092896,-0.30000001192092896,-0.30000001192092896,-0.30000001192092896,-0.30000001192092896,0.30000001192092896,-0.30000001192092896,0.30000001192092896,-0.30000001192092896,-0.299900217825238
1.2999999523162842,0.5726667132170105,-0.30000001192092896,0.3103092908859253,0.5051282038976745,-0.30000001192092896,-0.30000001192092896,-0.30000001192092896,-0.30000001192092896,-0.30000001192092896,-0.30000001192092896,0.30000001192092896,-0.30000001192092896,0.30000001192092896,-0.30000001192092896,-0.29990088312523805
1.2999999523162842,0.39180851421701046,-0.30000001192092896,0.3103092908859253,0.3598290588976746,-0.30000001192092896,-0.25161291492092897,-0.28989900192092893,-0.30000001192092896,-0.30000001192092896,-0.30000001192092896,0.825401081920929,-0.005394202920928959,0.737751744920929,-0.30000001192092896,-0.25817687352523805
1.2999999523162842,0.39242376421701053,-0.30000001192092896,0.3103092908859253,0.3512820498976746,-0.30000001192092896,-0.29193549592092893,-0.28989900192092893,-0.30000001192092896,-0.30000001192092896,-0.30000001192092896,0.4610962689209289,0.699999988079071,1.112000005920929,-0.30000001192092896,-0.24591602352523803
1.2999999523162842,0.3915055852170105,-0.30000001192092896,0.3103092908859253,0.5136752128976746,-0.30000001192092896,-0.30000001192092896,-0.30000001192092896,-0.30000001192092896,-0.30000001192092896,-0.30000001192092896,0.30000001192092896,-0.30000001192092896,0.30000001192092896,-0.30000001192092896,-0.299900217825238
1.2999999523162842,0.4527067002170105,-0.30000001192092896,0.3103092908859253,0.4880341868976746,-0.30000001192092896,-0.30000001192092896,-0.30000001192092896,-0.30000001192092896,-0.30000001192092896,-0.30000001192092896,0.30000001192092896,-0.295850633920929,0.917708219920929,-0.30000001192092896,-0.29490220752523805
1.2999999523162842,0.5429796392170105,-0.30000001192092896,0.3103092908859253,0.5222222208976746,-0.30000001192092896,-0.30000001192092896,-0.30000001192092896,-0.30000001192092896,-0.30000001192092896,-0.30000001192092896,0.30000001192092896,-0.30000001192092896,0.30000001192092896,-0.30000001192092896,-0.299901104925238
1.2999999523162842,0.42271669621701047,-0.30000001192092896,0.3103092908859253,0.5222222208976746,-0.30000001192092896,-0.30000001192092896,-0.30000001192092896,-0.30000001192092896,-0.30000001192092896,-0.30000001192092896,0.30000001192092896,-0.30000001192092896,0.30000001192092896,-0.30000001192092896,-0.299328078525238
1.2999999523162842,0.6029596462170105,-0.30000001192092896,0.3103092908859253,0.5136752128976746,-0.30000001192092896,-0.30000001192092896,-0.30000001192092896,-0.30000001192092896,-0.30000001192092896,-0.30000001192092896,0.30000001192092896,-0.30000001192092896,0.30000001192092896,-0.30000001192092896,-0.299507260525238
1.2999999523162842,0.4533125582170105,-0.30000001192092896,0.3103092908859253,0.5222222208976746,-0.30000001192092896,-0.30000001192092896,-0.30000001192092896,-0.30000001192092896,-0.30000001192092896,-0.30000001192092896,0.30000001192092896,-0.295850633920929,0.755274616920929,-0.30000001192092896,-0.299709948525238
1.2999999523162842,0.3303065902170105,-0.30000001192092896,0.3103092908859253,0.3598290588976746,-0.30000001192092896,-0.23548388292092895,-0.28989900192092893,-0.30000001192092896,-0.30000001192092896,-0.30000001192092896,0.893582899920929,-0.07593362192092895,0.766397456920929,-0.30000001192092896,-0.24699798752523802
1.2999999523162842,0.3027472922170105,-0.30000001192092896,0.3103092908859253,0.3683760668976746,-0.30000001192092896,-0.20322581792092898,-0.28989900192092893,-0.30000001192092896,-0.30000001192092896,-0.30000001192092896,0.981818193920929,-0.11327801992092895,0.737751744920929,-0.30000001192092896,-0.252816064525238
1.2999999523162842,0.3048771882170105,-0.30000001192092896,0.3103092908859253,0.34273504189767456,-0.30000001192092896,-0.28387097992092897,-0.28989900192092893,-0.30000001192092896,-0.30000001192092896,-0.30000001192092896,0.575401081920929,0.15228214607907103,0.7769382279209289,-0.30000001192092896,-0.251755167525238
1.2999999523162842,0.5123837772170106,-0.30000001192092896,0.3103092908859253,0.5222222208976746,-0.30000001192092896,-0.30000001192092896,-0.30000001192092896,-0.30000001192092896,-0.30000001192092896,-0.30000001192092896,0.30000001192092896,-0.30000001192092896,0.30000001192092896,-0.30000001192092896,-0.29990088312523805
1.2999999523162842,0.6335542962170104,-0.30000001192092896,0.3103092908859253,0.3769230758976746,-0.30000001192092896,-0.30000001192092896,-0.30000001192092896,-0.30000001192092896,-0.30000001192092896,-0.30000001192092896,0.30000001192092896,-0.30000001192092896,0.30000001192092896,-0.30000001192092896,-0.299797321525238
1.2999999523162842,0.3051546712170105,-0.30000001192092896,0.3103092908859253,0.33418803289767457,-0.30000001192092896,0.030645149079071066,0.11414140207907103,-0.30000001192092896,-0.30000001192092896,-0.30000001192092896,0.30000001192092896,-0.30000001192092896,0.30000001192092896,-0.30000001192092896,-0.29984034252523806
1.2999999523162842,0.5429796392170105,-0.30000001192092896,0.3103092908859253,0.5222222208976746,-0.30000001192092896,-0.30000001192092896,-0.30000001192092896,-0.30000001192092896,-0.30000001192092896,-0.30000001192092896,0.30000001192092896,-0.30000001192092896,0.30000001192092896,-0.30000001192092896,-0.29990043962523805
1.2999999523162842,0.3615249722170105,-0.30000001192092896,0.3103092908859253,0.38547008389767456,-0.30000001192092896,-0.27580646392092895,-0.28989900192092893,-0.30000001192092896,-0.30000001192092896,-0.30000001192092896,0.6629679259209289,-0.30000001192092896,0.30000001192092896,-0.30000001192092896,-0.29989112552523806
1.2999999523162842,0.3921208342170105,-0.30000001192092896,0.3103092908859253,0.3512820498976746,-0.30000001192092896,-0.23548388292092895,-0.21919193092092895,-0.30000001192092896,-0.30000001192092896,-0.30000001192092896,0.30000001192092896,-0.30000001192092896,0.30000001192092896,-0.30000001192092896,-0.29985564452523805
1.2999999523162842,0.3006310282170105,-0.30000001192092896,0.3103092908859253,0.3256410248976746,-0.30000001192092896,-0.21129033492092897,-0.18888890092092897,-0.30000001192092896,-0.30000001192092896,-0.30000001192092896,0.30000001192092896,-0.30000001192092896,0.30000001192092896,-0.30000001192092896,-0.29983923452523803
1.2999999523162842,0.4826967032170105,-0.30000001192092896,0.3103092908859253,0.5307692298976746,-0.30000001192092896,-0.30000001192092896,-0.30000001192092896,-0.30000001192092896,-0.30000001192092896,-0.30000001192092896,0.30000001192092896,-0.30000001192092896,0.30000001192092896,-0.30000001192092896,-0.299292153525238
1.2999999523162842,0.4820908442170105,-0.30000001192092896,0.3103092908859253,0.3769230758976746,-0.30000001192092896,-0.30000001192092896,-0.30000001192092896,-0.30000001192092896,-0.30000001192092896,-0.30000001192092896,0.30000001192092896,-0.30000001192092896,0.30000001192092896,-0.30000001192092896,-0.299833246525238
1.2999999523162842,0.3908951822170105,-0.30000001192092896,0.5371134148859253,0.5051282038976745,-0.30000001192092896,-0.30000001192092896,-0.30000001192092896,-0.30000001192092896,-0.30000001192092896,-0.30000001192092896,0.30000001192092896,-0.24605810292092894,1.300000011920929,-0.30000001192092896,-0.293556349525238
1.2999999523162842,0.42180790821701053,-0.30000001192092896,0.3103092908859253,0.5136752128976746,-0.30000001192092896,-0.29193549592092893,-0.28989900192092893,-0.30000001192092896,-0.30000001192092896,-0.30000001192092896,0.4610962689209289,-0.30000001192092896,0.30000001192092896,-0.30000001192092896,-0.27772207152523803
1.2999999523162842,0.3915149762170105,-0.30000001192092896,0.3103092908859253,0.3769230758976746,-0.30000001192092896,-0.20322581792092898,-0.17878789092092895,-0.30000001192092896,-0.30000001192092896,-0.30000001192092896,0.30000001192092896,-0.30000001192092896,0.30000001192092896,-0.30000001192092896,-0.299856309525238
1.2999999523162842,0.3918179052170105,-0.30000001192092896,0.3103092908859253,0.5051282038976745,-0.30000001192092896,-0.30000001192092896,-0.30000001192092896,-0.30000001192092896,-0.30000001192092896,-0.30000001192092896,0.30000001192092896,-0.30000001192092896,0.30000001192092896,-0.30000001192092896,-0.299899774525238
1.2999999523162842,0.7244343052170106,-0.30000001192092896,0.3103092908859253,0.3769230758976746,-0.30000001192092896,-0.30000001192092896,-0.30000001192092896,-0.30000001192092896,-0.30000001192092896,-0.30000001192092896,0.30000001192092896,-0.27095436892092895,0.981370357920929,-0.30000001192092896,-0.29961015652523804
1.2999999523162842,0.3306261812170105,-0.30000001192092896,0.3103092908859253,0.38547008389767456,-0.30000001192092896,-0.30000001192092896,-0.30000001192092896,-0.30000001192092896,-0.30000001192092896,-0.30000001192092896,0.30000001192092896,-0.30000001192092896,0.30000001192092896,-0.30000001192092896,-0.27767350652523803
1.2999999523162842,0.3021396162170105,-0.30000001192092896,0.3103092908859253,0.34273504189767456,-0.30000001192092896,0.06290321407907107,0.15454544307907103,-0.30000001192092896,-0.30000001192092896,-0.30000001192092896,0.30000001192092896,-0.30000001192092896,0.30000001192092896,-0.30000001192092896,-0.29983901252523804
1.2999999523162842,0.5438884272170105,-0.30000001192092896,0.3103092908859253,0.5307692298976746,-0.30000001192092896,-0.30000001192092896,-0.30000001192092896,-0.30000001192092896,-0.30000001192092896,-0.30000001192092896,0.30000001192092896,-0.295850633920929,0.8542434229209289,-0.30000001192092896,-0.29942299152523805
1.2999999523162842,0.3915149762170105,-0.30000001192092896,0.3103092908859253,0.5136752128976746,-0.30000001192092896,-0.30000001192092896,-0.30000001192092896,-0.30000001192092896,-0.30000001192092896,-0.30000001192092896,0.30000001192092896,-0.30000001192092896,0.30000001192092896,-0.30000001192092896,-0.299831028525238
1.2999999523162842,0.5426767102170105,-0.30000001192092896,0.3103092908859253,0.5136752128976746,-0.30000001192092896,-0.30000001192092896,-0.30000001192092896,-0.30000001192092896,-0.30000001192092896,-0.30000001192092896,0.30000001192092896,-0.30000001192092896,0.30000001192092896,-0.30000001192092896,-0.299806635525238
1.2999999523162842,0.4826967032170105,-0.30000001192092896,0.3103092908859253,0.5222222208976746,-0.30000001192092896,-0.30000001192092896,-0.30000001192092896,-0.30000001192092896,-0.30000001192092896,-0.30000001192092896,0.30000001192092896,-0.30000001192092896,0.30000001192092896,-0.30000001192092896,-0.299900661325238
1.2999999523162842,0.3000018437970105,-0.30000001192092896,0.3103092908859253,0.2999999988976746,-0.30000001192092896,-0.13064517292092895,-0.28989900192092893,-0.30000001192092896,-0.30000001192092896,-0.30000001192092896,1.072058835920929,-0.19626557192092897,0.800400685920929,-0.30000001192092896,-0.25067143052523805
1.2999999523162842,0.4233225552170105,-0.30000001192092896,0.3103092908859253,0.5136752128976746,-0.30000001192092896,-0.30000001192092896,-0.30000001192092896,-0.30000001192092896,-0.30000001192092896,-0.30000001192092896,0.30000001192092896,-0.30000001192092896,0.30000001192092896,-0.30000001192092896,-0.284972491525238
1.2999999523162842,0.5426767102170105,-0.30000001192092896,0.3103092908859253,0.5136752128976746,-0.30000001192092896,-0.30000001192092896,-0.30000001192092896,-0.30000001192092896,-0.30000001192092896,-0.30000001192092896,0.30000001192092896,-0.30000001192092896,0.30000001192092896,-0.30000001192092896,-0.299220969525238
1.2999999523162842,0.3615249722170105,-0.30000001192092896,0.3103092908859253,0.3512820498976746,-0.30000001192092896,-0.25967743092092893,-0.24949496092092896,-0.30000001192092896,-0.30000001192092896,-0.30000001192092896,0.30000001192092896,-0.30000001192092896,0.30000001192092896,-0.30000001192092896,-0.29981528452523803
1.2999999523162842,0.4521008412170105,-0.30000001192092896,0.3103092908859253,0.5307692298976746,-0.30000001192092896,-0.30000001192092896,-0.30000001192092896,-0.30000001192092896,-0.30000001192092896,-0.30000001192092896,0.30000001192092896,-0.27925312392092894,0.721141444920929,-0.30000001192092896,-0.298276496525238
1.2999999523162842,0.42271669621701047,-0.30000001192092896,0.3103092908859253,0.34273504189767456,-0.30000001192092896,-0.25161291492092897,-0.23939395092092897,-0.30000001192092896,-0.30000001192092896,-0.30000001192092896,0.30000001192092896,-0.30000001192092896,0.30000001192092896,-0.30000001192092896,-0.29985276152523804
1.2999999523162842,0.3018415332170105,-0.30000001192092896,0.3103092908859253,0.34273504189767456,-0.30000001192092896,-0.18709678592092896,-0.28989900192092893,-0.30000001192092896,-0.30000001192092896,-0.30000001192092896,1.011229958920929,-0.30000001192092896,0.30000001192092896,-0.30000001192092896,-0.29983989952523804
1.2999999523162842,0.48239377421701046,-0.30000001192092896,0.3103092908859253,0.5136752128976746,-0.30000001192092896,-0.30000001192092896,-0.30000001192092896,-0.30000001192092896,-0.30000001192092896,-0.30000001192092896,0.30000001192092896,-0.30000001192092896,0.30000001192092896,-0.30000001192092896,-0.299901104925238
1.2999999523162842,0.3921208342170105,-0.30000001192092896,0.3103092908859253,0.4025641018976746,-0.30000001192092896,-0.29193549592092893,-0.28989900192092893,-0.30000001192092896,-0.30000001192092896,-0.30000001192092896,0.4597593699209289,0.691701233079071,1.1082968329209288,-0.30000001192092896,-0.23593596852523802
1.2999999523162842,0.5735755012170105,-0.30000001192092896,0.3103092908859253,0.5136752128976746,-0.30000001192092896,-0.30000001192092896,-0.30000001192092896,-0.30000001192092896,-0.30000001192092896,-0.30000001192092896,0.30000001192092896,-0.30000001192092896,0.30000001192092896,-0.30000001192092896,-0.29990154842523803
1.2999999523162842,0.3909091172170105,-0.30000001192092896,0.3103092908859253,0.5136752128976746,-0.30000001192092896,-0.30000001192092896,-0.30000001192092896,-0.30000001192092896,-0.30000001192092896,-0.30000001192092896,0.30000001192092896,-0.30000001192092896,0.30000001192092896,-0.30000001192092896,-0.299901104925238
1.2999999523162842,0.3000188078170105,-0.30000001192092896,0.3103092908859253,0.2999999988976746,-0.30000001192092896,-0.050000011920928955,-0.28989900192092893,-0.30000001192092896,-0.30000001192092896,-0.30000001192092896,1.1288770169209288,-0.21286308292092895,0.732241257920929,-0.30000001192092896,-0.25784467752523804
1.2999999523162842,0.3000060848070105,-0.30000001192092896,0.3103092908859253,0.2999999988976746,-0.30000001192092896,0.4661290200790711,-0.28989900192092893,-0.30000001192092896,-0.30000001192092896,-0.30000001192092896,1.1890374449209289,-0.30000001192092896,0.30000001192092896,-0.30000001192092896,-0.29994833962523804
1.2999999523162842,0.5738487432170105,-0.30000001192092896,0.3103092908859253,0.5222222208976746,-0.30000001192092896,-0.30000001192092896,-0.30000001192092896,-0.30000001192092896,-0.30000001192092896,-0.30000001192092896,0.30000001192092896,-0.30000001192092896,0.30000001192092896,-0.30000001192092896,-0.29893423452523804
1.2999999523162842,0.5738784302170106,-0.30000001192092896,0.3103092908859253,0.5136752128976746,-0.30000001192092896,-0.30000001192092896,-0.30000001192092896,-0.30000001192092896,-0.30000001192092896,-0.30000001192092896,0.30000001192092896,-0.30000001192092896,0.30000001192092896,-0.30000001192092896,-0.299900661325238
1.2999999523162842,0.4514855912170105,-0.30000001192092896,0.7432989818859252,0.46239316089767457,-0.30000001192092896,-0.30000001192092896,-0.30000001192092896,-0.30000001192092896,-0.30000001192092896,-0.30000001192092896,0.30000001192092896,-0.24605810292092894,0.765188056920929,-0.30000001192092896,-0.295018630525238
1.2999999523162842,0.8456060362170105,-0.30000001192092896,0.3103092908859253,0.3769230758976746,-0.30000001192092896,-0.30000001192092896,-0.30000001192092896,-0.30000001192092896,-0.30000001192092896,-0.30000001192092896,0.30000001192092896,-0.30000001192092896,0.30000001192092896,-0.30000001192092896,-0.29990465302523805
1.2999999523162842,0.8153131032170104,-0.30000001192092896,0.3103092908859253,0.3769230758976746,-0.30000001192092896,-0.30000001192092896,-0.30000001192092896,-0.30000001192092896,-0.30000001192092896,-0.30000001192092896,0.30000001192092896,-0.30000001192092896,0.30000001192092896,-0.30000001192092896,-0.29968378052523803
1.2999999523162842,0.4833025622170105,-0.30000001192092896,0.3103092908859253,0.5222222208976746,-0.30000001192092896,-0.30000001192092896,-0.30000001192092896,-0.30000001192092896,-0.30000001192092896,-0.30000001192092896,0.30000001192092896,-0.30000001192092896,0.30000001192092896,-0.30000001192092896,-0.29939815452523805
1.2999999523162842,0.3000233518170105,-0.30000001192092896,0.3103092908859253,0.2999999988976746,-0.30000001192092896,-0.20322581792092898,-0.17878789092092895,-0.30000001192092896,-0.30000001192092896,-0.30000001192092896,0.30000001192092896,-0.30000001192092896,0.30000001192092896,-0.30000001192092896,-0.29994922662523804
1.2999999523162842,0.3033419422170105,-0.30000001192092896,0.3103092908859253,0.3170940158976746,-0.30000001192092896,-0.001612914920928965,-0.28989900192092893,-0.30000001192092896,-0.30000001192092896,-0.30000001192092896,1.1409091029209288,-0.21701245992092894,1.010245103920929,-0.30000001192092896,-0.25640257752523804
1.2999999523162842,0.3036572922170105,-0.30000001192092896,0.3103092908859253,0.3170940158976746,-0.30000001192092896,0.03870966507907103,-0.28989900192092893,-0.30000001192092896,-0.30000001192092896,-0.30000001192092896,1.142246000920929,-0.30000001192092896,0.30000001192092896,-0.30000001192092896,-0.29983945552523805
1.2999999523162842,0.4224137672170105,-0.30000001192092896,0.3103092908859253,0.5222222208976746,-0.30000001192092896,-0.30000001192092896,-0.30000001192092896,-0.30000001192092896,-0.30000001192092896,-0.30000001192092896,0.30000001192092896,-0.295850633920929,1.094716369920929,-0.30000001192092896,-0.299179056525238
1.2999999523162842,0.5120714572170105,-0.30000001192092896,0.5371134148859253,0.5393162378976746,-0.30000001192092896,-0.30000001192092896,-0.30000001192092896,-0.30000001192092896,-0.30000001192092896,-0.30000001192092896,0.30000001192092896,-0.24605810292092894,0.765188056920929,-0.30000001192092896,-0.29502040452523803
1.2999999523162842,0.5726667132170105,-0.30000001192092896,0.3103092908859253,0.4794871778976746,-0.30000001192092896,-0.30000001192092896,-0.30000001192092896,-0.30000001192092896,-0.30000001192092896,-0.30000001192092896,0.30000001192092896,-0.30000001192092896,0.30000001192092896,-0.30000001192092896,-0.29950681652523803
1.2999999523162842,0.3345357872170105,-0.30000001192092896,0.3103092908859253,0.3769230758976746,-0.30000001192092896,-0.17903226992092897,-0.28989900192092893,-0.30000001192092896,-0.30000001192092896,-0.30000001192092896,0.924331562920929,-0.19211619492092896,1.124763670920929,-0.30000001192092896,-0.25856184752523803
1.2999999523162842,0.3909091172170105,-0.30000001192092896,0.3103092908859253,0.33418803289767457,-0.30000001192092896,-0.23548388292092895,-0.21919193092092895,-0.30000001192092896,-0.30000001192092896,-0.30000001192092896,0.30000001192092896,-0.30000001192092896,0.30000001192092896,-0.30000001192092896,-0.299854978525238
1.2999999523162842,0.3006331482170105,-0.30000001192092896,0.3103092908859253,0.33418803289767457,-0.30000001192092896,-0.10645162492092897,-0.05757576992092894,-0.30000001192092896,-0.30000001192092896,-0.30000001192092896,0.30000001192092896,-0.30000001192092896,0.30000001192092896,-0.30000001192092896,-0.29983768152523804
1.2999999523162842,0.4236254842170105,-0.30000001192092896,0.3103092908859253,0.5136752128976746,-0.30000001192092896,-0.30000001192092896,-0.30000001192092896,0.699999988079071,-0.30000001192092896,-0.30000001192092896,0.30000001192092896,-0.30000001192092896,0.30000001192092896,-0.30000001192092896,-0.299870723525238
1.2999999523162842,0.3006122462170105,-0.30000001192092896,0.3103092908859253,0.3256410248976746,-0.30000001192092896,-0.20322581792092898,-0.17878789092092895,-0.30000001192092896,-0.30000001192092896,-0.30000001192092896,0.30000001192092896,-0.30000001192092896,0.30000001192092896,-0.30000001192092896,-0.29983967752523805
1.2999999523162842,0.3042410372170105,-0.30000001192092896,0.3103092908859253,0.3683760668976746,-0.30000001192092896,-0.26774194692092895,-0.259595971920929,-0.30000001192092896,-0.30000001192092896,-0.30000001192092896,0.30000001192092896,-0.30000001192092896,0.30000001192092896,-0.30000001192092896,-0.29984012152523803
1.2999999523162842,0.5426761042170105,-0.30000001192092896,0.3103092908859253,0.5222222208976746,-0.30000001192092896,-0.30000001192092896,-0.30000001192092896,-0.30000001192092896,-0.30000001192092896,-0.30000001192092896,0.30000001192092896,-0.30000001192092896,0.30000001192092896,-0.30000001192092896,-0.291272229525238
0.2999999523162842,0.3015322432170105,-0.17655039392092897,0.3000000128859253,0.34273504189767456,0.699999988079071,-0.30000001192092896,-0.30000001192092896,0.699999988079071,-0.24949496092092896,-0.12987553092092896,0.30000001192092896,-0.30000001192092896,0.30000001192092896,-0.10000001192092894,-0.298384714525238
1.2999999523162842,0.42150497921701047,-0.30000001192092896,0.3103092908859253,0.3598290588976746,-0.30000001192092896,-0.30000001192092896,-0.30000001192092896,-0.30000001192092896,-0.30000001192092896,-0.30000001192092896,0.30000001192092896,-0.30000001192092896,0.30000001192092896,-0.30000001192092896,-0.299833246525238
1.2999999523162842,1.0576565652170105,-0.30000001192092896,0.3103092908859253,0.3598290588976746,-0.30000001192092896,-0.30000001192092896,-0.30000001192092896,-0.30000001192092896,-0.30000001192092896,-0.30000001192092896,0.30000001192092896,-0.29170125692092896,0.973676295920929,-0.30000001192092896,-0.299759844525238
1.2999999523162842,0.3315337572170105,-0.30000001192092896,0.3103092908859253,0.33418803289767457,-0.30000001192092896,-0.29193549592092893,-0.28989900192092893,-0.30000001192092896,-0.30000001192092896,-0.30000001192092896,0.4610962689209289,0.699999988079071,0.748362389920929,-0.30000001192092896,-0.27260763752523803
1.2999999523162842,0.3912120462170105,-0.30000001192092896,0.3103092908859253,0.3256410248976746,-0.30000001192092896,-0.24354839892092894,-0.22929294092092894,-0.30000001192092896,-0.30000001192092896,-0.30000001192092896,0.30000001192092896,-0.30000001192092896,0.30000001192092896,-0.30000001192092896,-0.29985542252523806
1.2999999523162842,0.4514662042170105,-0.30000001192092896,0.3103092908859253,0.5136752128976746,-0.30000001192092896,-0.30000001192092896,-0.30000001192092896,-0.30000001192092896,-0.30000001192092896,-0.30000001192092896,0.30000001192092896,-0.295850633920929,0.981370357920929,-0.30000001192092896,-0.29922074752523803
1.2999999523162842,0.3027530482170105,-0.30000001192092896,0.3103092908859253,0.3598290588976746,-0.30000001192092896,-0.21935485092092893,-0.28989900192092893,-0.30000001192092896,-0.30000001192092896,-0.30000001192092896,0.9417112419209289,-0.30000001192092896,0.30000001192092896,-0.30000001192092896,-0.29983967752523805
1.2999999523162842,0.5135954942170105,-0.30000001192092896,0.3103092908859253,0.5222222208976746,-0.30000001192092896,-0.30000001192092896,-0.30000001192092896,-0.30000001192092896,-0.30000001192092896,-0.30000001192092896,0.30000001192092896,-0.283402501920929,0.7382474989209289,-0.30000001192092896,-0.29851887952523803
1.2999999523162842,0.3618279022170105,-0.30000001192092896,0.3103092908859253,0.4025641018976746,-0.30000001192092896,-0.30000001192092896,-0.30000001192092896,-0.30000001192092896,-0.30000001192092896,-0.30000001192092896,0.30000001192092896,-0.30000001192092896,0.30000001192092896,-0.30000001192092896,-0.299870280525238
1.2999999523162842,0.3018306282170105,-0.30000001192092896,0.3103092908859253,0.38547008389767456,-0.30000001192092896,-0.20322581792092898,-0.17878789092092895,-0.30000001192092896,-0.30000001192092896,-0.30000001192092896,0.30000001192092896,-0.30000001192092896,0.30000001192092896,-0.30000001192092896,-0.281148252525238
1.2999999523162842,0.3306261812170105,-0.30000001192092896,0.3103092908859253,0.38547008389767456,-0.30000001192092896,-0.25967743092092893,-0.28989900192092893,-0.30000001192092896,-0.30000001192092896,-0.30000001192092896,0.742513380920929,-0.05103735592092895,0.9734403289209289,-0.30000001192092896,-0.22422840952523804
1.2999999523162842,0.3003135582170105,-0.30000001192092896,0.3103092908859253,0.2999999988976746,-0.30000001192092896,-0.25161291492092897,-0.28989900192092893,-0.30000001192092896,-0.30000001192092896,-0.30000001192092896,0.825401081920929,-0.30000001192092896,0.30000001192092896,-0.30000001192092896,-0.25322942352523803
1.2999999523162842,0.5135954942170105,-0.30000001192092896,0.3103092908859253,0.5136752128976746,-0.30000001192092896,-0.30000001192092896,-0.30000001192092896,-0.30000001192092896,-0.30000001192092896,-0.30000001192092896,0.30000001192092896,-0.30000001192092896,0.30000001192092896,-0.30000001192092896,-0.29936378252523804
1.2999999523162842,0.45299569421701047,-0.30000001192092896,0.3103092908859253,0.5136752128976746,-0.30000001192092896,-0.30000001192092896,-0.30000001192092896,-0.30000001192092896,-0.30000001192092896,-0.30000001192092896,0.30000001192092896,-0.30000001192092896,0.30000001192092896,-0.30000001192092896,-0.29918504452523803
1.2999999523162842,0.3915149762170105,-0.30000001192092896,0.3103092908859253,0.3769230758976746,-0.30000001192092896,-0.27580646392092895,-0.26969698192092895,-0.30000001192092896,-0.30000001192092896,-0.30000001192092896,0.30000001192092896,-0.30000001192092896,0.30000001192092896,-0.30000001192092896,-0.299856309525238
1.2999999523162842,0.39242376421701053,-0.30000001192092896,0.3103092908859253,0.5136752128976746,-0.30000001192092896,-0.30000001192092896,-0.30000001192092896,-0.30000001192092896,-0.30000001192092896,-0.30000001192092896,0.30000001192092896,-0.295850633920929,1.159883051920929,-0.30000001192092896,-0.29936378252523804
1.2999999523162842,0.4521008412170105,-0.30000001192092896,0.3103092908859253,0.5222222208976746,-0.30000001192092896,-0.30000001192092896,-0.30000001192092896,-0.30000001192092896,-0.30000001192092896,-0.30000001192092896,0.30000001192092896,-0.30000001192092896,0.30000001192092896,-0.30000001192092896,-0.29126845952523805
1.2999999523162842,0.3923940762170105,-0.30000001192092896,0.3103092908859253,0.5051282038976745,-0.30000001192092896,-0.30000001192092896,-0.30000001192092896,-0.30000001192092896,-0.30000001192092896,-0.30000001192092896,0.30000001192092896,-0.30000001192092896,0.30000001192092896,-0.30000001192092896,-0.29946157752523805
1.2999999523162842,0.3318378982170105,-0.30000001192092896,0.3103092908859253,0.3170940158976746,-0.30000001192092896,-0.14677420592092896,-0.10808081992092897,-0.30000001192092896,-0.30000001192092896,-0.30000001192092896,0.30000001192092896,-0.30000001192092896,0.30000001192092896,-0.30000001192092896,-0.299844777525238
1.2999999523162842,0.5732725722170104,-0.30000001192092896,0.3103092908859253,0.5222222208976746,-0.30000001192092896,-0.30000001192092896,-0.30000001192092896,-0.30000001192092896,-0.30000001192092896,-0.30000001192092896,0.30000001192092896,-0.295850633920929,1.173585533920929,-0.30000001192092896,-0.299542741525238
1.2999999523162842,0.4829996322170105,-0.30000001192092896,0.3103092908859253,0.5051282038976745,-0.30000001192092896,-0.30000001192092896,-0.30000001192092896,-0.30000001192092896,-0.30000001192092896,-0.30000001192092896,0.30000001192092896,-0.30000001192092896,0.30000001192092896,-0.30000001192092896,-0.29922052552523803
1.2999999523162842,0.3303150722170105,-0.30000001192092896,0.4649484668859253,0.5307692298976746,-0.30000001192092896,-0.30000001192092896,-0.30000001192092896,0.699999988079071,-0.30000001192092896,-0.30000001192092896,0.30000001192092896,-0.24605810292092894,0.973676295920929,-0.30000001192092896,-0.276055328525238
1.2999999523162842,0.5432825682170105,-0.30000001192092896,0.3103092908859253,0.5222222208976746,-0.30000001192092896,-0.30000001192092896,-0.30000001192092896,-0.30000001192092896,-0.30000001192092896,-0.30000001192092896,0.30000001192092896,-0.30000001192092896,0.30000001192092896,-0.30000001192092896,-0.299427870525238
1.2999999523162842,0.45208993521701046,-0.30000001192092896,0.3103092908859253,0.3683760668976746,-0.30000001192092896,-0.27580646392092895,-0.26969698192092895,-0.30000001192092896,-0.30000001192092896,-0.30000001192092896,0.30000001192092896,-0.30000001192092896,0.30000001192092896,-0.30000001192092896,-0.29986229652523805
1.2999999523162842,0.3024537542170105,-0.30000001192092896,0.3103092908859253,0.33418803289767457,-0.30000001192092896,-0.13064517292092895,-0.28989900192092893,-0.30000001192092896,-0.30000001192092896,-0.30000001192092896,1.072058835920929,-0.30000001192092896,0.30000001192092896,-0.30000001192092896,-0.283398443525238
1.2999999523162842,0.5126785272170105,-0.30000001192092896,0.3103092908859253,0.5222222208976746,-0.30000001192092896,-0.30000001192092896,-0.30000001192092896,-0.30000001192092896,-0.30000001192092896,-0.30000001192092896,0.30000001192092896,-0.30000001192092896,0.30000001192092896,-0.30000001192092896,-0.299900661325238
1.2999999523162842,0.39242376421701053,-0.30000001192092896,0.3103092908859253,0.5222222208976746,-0.30000001192092896,-0.30000001192092896,-0.30000001192092896,-0.30000001192092896,-0.30000001192092896,-0.30000001192092896,0.30000001192092896,-0.30000001192092896,0.30000001192092896,-0.30000001192092896,-0.29936378252523804
1.2999999523162842,0.4221032642170105,-0.30000001192092896,0.3103092908859253,0.3598290588976746,-0.30000001192092896,-0.27580646392092895,-0.26969698192092895,-0.30000001192092896,-0.30000001192092896,-0.30000001192092896,0.42098931692092895,0.45103733207907104,0.9714153699209289,-0.30000001192092896,-0.25425106852523804
1.2999999523162842,0.6638484402170105,-0.30000001192092896,0.3103092908859253,0.3769230758976746,-0.30000001192092896,-0.30000001192092896,-0.30000001192092896,-0.30000001192092896,-0.30000001192092896,-0.30000001192092896,0.30000001192092896,-0.30000001192092896,0.30000001192092896,-0.30000001192092896,-0.29990487482523803
1.2999999523162842,0.3321332542170105,-0.30000001192092896,0.4340206318859253,0.5393162378976746,-0.30000001192092896,-0.30000001192092896,-0.30000001192092896,0.699999988079071,-0.30000001192092896,-0.30000001192092896,0.5098930599209289,-0.24605810292092894,0.9714153699209289,-0.30000001192092896,-0.22672054052523805
1.2999999523162842,0.3018245692170105,-0.30000001192092896,0.3103092908859253,0.33418803289767457,-0.30000001192092896,-0.20322581792092898,-0.28989900192092893,-0.30000001192092896,-0.30000001192092896,-0.30000001192092896,0.981818193920929,-0.11742739792092896,1.026060097920929,-0.30000001192092896,-0.24208003152523805
1.2999999523162842,0.5123837772170106,-0.30000001192092896,0.3103092908859253,0.5307692298976746,-0.30000001192092896,-0.30000001192092896,-0.30000001192092896,-0.30000001192092896,-0.30000001192092896,-0.30000001192092896,0.30000001192092896,-0.29170125692092896,0.897441642920929,-0.30000001192092896,-0.299322313525238
1.2999999523162842,0.5126573222170105,-0.30000001192092896,0.3103092908859253,0.5136752128976746,-0.30000001192092896,-0.30000001192092896,-0.30000001192092896,-0.30000001192092896,-0.30000001192092896,-0.30000001192092896,0.30000001192092896,-0.2875518789209289,0.721907532920929,-0.30000001192092896,-0.299358238525238
1.2999999523162842,0.39242376421701053,-0.30000001192092896,0.3103092908859253,0.5222222208976746,-0.30000001192092896,-0.30000001192092896,-0.30000001192092896,-0.30000001192092896,-0.30000001192092896,-0.30000001192092896,0.30000001192092896,-0.295850633920929,1.1382667819209291,-0.30000001192092896,-0.298727554525238
1.2999999523162842,0.30427133021701047,-0.30000001192092896,0.3103092908859253,0.3256410248976746,-0.30000001192092896,-0.13064517292092895,-0.28989900192092893,-0.30000001192092896,-0.30000001192092896,-0.30000001192092896,1.072058835920929,-0.17966806192092896,0.721884852920929,-0.30000001192092896,-0.250268049525238
1.2999999523162842,0.4517979122170105,-0.30000001192092896,0.3103092908859253,0.5222222208976746,-0.30000001192092896,-0.30000001192092896,-0.30000001192092896,-0.30000001192092896,-0.30000001192092896,-0.30000001192092896,0.30000001192092896,-0.30000001192092896,0.30000001192092896,-0.30000001192092896,-0.299896669525238
1.2999999523162842,0.4212020502170105,-0.30000001192092896,0.3103092908859253,0.34273504189767456,-0.30000001192092896,-0.29193549592092893,-0.28989900192092893,-0.30000001192092896,-0.30000001192092896,-0.30000001192092896,0.4610962689209289,0.699999988079071,0.911283526920929,-0.30000001192092896,-0.26728763152523805
1.2999999523162842,0.3309109342170105,-0.30000001192092896,0.49587630188592535,0.5393162378976746,-0.30000001192092896,-0.30000001192092896,-0.30000001192092896,-0.30000001192092896,-0.30000001192092896,-0.30000001192092896,0.30000001192092896,-0.24605810292092894,0.692159436920929,-0.30000001192092896,-0.268804243525238
1.2999999523162842,0.5126867062170105,-0.30000001192092896,0.3103092908859253,0.5222222208976746,-0.30000001192092896,-0.30000001192092896,-0.30000001192092896,-0.30000001192092896,-0.30000001192092896,-0.30000001192092896,0.30000001192092896,-0.30000001192092896,0.30000001192092896,-0.30000001192092896,-0.29947089152523804
1.2999999523162842,0.3033446692170105,-0.30000001192092896,0.3103092908859253,0.33418803289767457,-0.30000001192092896,-0.05806452792092895,-0.28989900192092893,-0.30000001192092896,-0.30000001192092896,-0.30000001192092896,1.122192524920929,-0.30000001192092896,0.30000001192092896,-0.30000001192092896,-0.29983967752523805
1.2999999523162842,0.3621256812170105,-0.30000001192092896,0.4649484668859253,0.5393162378976746,-0.30000001192092896,-0.30000001192092896,-0.30000001192092896,-0.30000001192092896,-0.30000001192092896,-0.30000001192092896,0.30000001192092896,-0.24605810292092894,0.708840948920929,-0.30000001192092896,-0.28574465752523803
1.2999999523162842,0.3909091172170105,-0.30000001192092896,0.3103092908859253,0.5307692298976746,-0.30000001192092896,-0.30000001192092896,-0.30000001192092896,-0.30000001192092896,-0.30000001192092896,-0.30000001192092896,0.30000001192092896,-0.30000001192092896,0.30000001192092896,-0.30000001192092896,-0.29932497452523804
1.2999999523162842,0.5126867062170105,-0.30000001192092896,0.3103092908859253,0.5222222208976746,-0.30000001192092896,-0.30000001192092896,-0.30000001192092896,-0.30000001192092896,-0.30000001192092896,-0.30000001192092896,0.30000001192092896,-0.30000001192092896,0.30000001192092896,-0.30000001192092896,-0.299901104925238
1.2999999523162842,0.7847172412170105,-0.30000001192092896,0.3103092908859253,0.3769230758976746,-0.30000001192092896,-0.30000001192092896,-0.30000001192092896,-0.30000001192092896,-0.30000001192092896,-0.30000001192092896,0.30000001192092896,-0.30000001192092896,0.30000001192092896,-0.30000001192092896,-0.29990465302523805
1.2999999523162842,0.5120696392170105,-0.30000001192092896,1.0319587758859252,0.5393162378976746,-0.30000001192092896,-0.30000001192092896,-0.30000001192092896,-0.30000001192092896,-0.30000001192092896,-0.30000001192092896,0.30000001192092896,-0.24605810292092894,0.913875549920929,-0.30000001192092896,-0.294676899525238
1.2999999523162842,0.5438884272170105,-0.30000001192092896,0.3103092908859253,0.5222222208976746,-0.30000001192092896,-0.30000001192092896,-0.30000001192092896,-0.30000001192092896,-0.30000001192092896,-0.30000001192092896,0.30000001192092896,-0.295850633920929,0.721884852920929,-0.30000001192092896,-0.29943496652523804
1.2999999523162842,0.3336554742170105,-0.30000001192092896,0.3103092908859253,0.3598290588976746,-0.30000001192092896,-0.26774194692092895,-0.259595971920929,-0.30000001192092896,-0.30000001192092896,-0.30000001192092896,0.30000001192092896,-0.30000001192092896,0.30000001192092896,-0.30000001192092896,-0.299848104525238
1.2999999523162842,0.4517979122170105,-0.30000001192092896,0.3103092908859253,0.3598290588976746,-0.30000001192092896,-0.28387097992092897,-0.27979799192092897,-0.30000001192092896,-0.30000001192092896,-0.30000001192092896,0.30000001192092896,-0.30000001192092896,0.30000001192092896,-0.30000001192092896,-0.28940523752523806
1.2999999523162842,0.42271669621701047,-0.30000001192092896,0.3103092908859253,0.5136752128976746,-0.30000001192092896,-0.29193549592092893,-0.28989900192092893,-0.30000001192092896,-0.30000001192092896,-0.30000001192092896,0.4610962689209289,-0.30000001192092896,0.30000001192092896,-0.30000001192092896,-0.299858970525238
1.2999999523162842,0.39363548121701053,-0.30000001192092896,0.3103092908859253,0.3256410248976746,-0.30000001192092896,-0.24354839892092894,-0.22929294092092894,-0.30000001192092896,-0.30000001192092896,-0.30000001192092896,0.30000001192092896,-0.30000001192092896,0.30000001192092896,-0.30000001192092896,-0.29985253952523805
1.2999999523162842,0.45149498221701045,-0.30000001192092896,0.3103092908859253,0.5136752128976746,-0.30000001192092896,-0.30000001192092896,-0.30000001192092896,-0.30000001192092896,-0.30000001192092896,-0.30000001192092896,0.30000001192092896,-0.30000001192092896,0.30000001192092896,-0.30000001192092896,-0.299896226525238
1.2999999523162842,0.3609191142170105,-0.30000001192092896,0.3103092908859253,0.34273504189767456,-0.30000001192092896,-0.30000001192092896,-0.30000001192092896,-0.30000001192092896,-0.30000001192092896,-0.30000001192092896,0.30000001192092896,-0.30000001192092896,0.30000001192092896,-0.30000001192092896,-0.290201353525238
1.2999999523162842,0.33394143921701047,-0.30000001192092896,0.3103092908859253,0.34273504189767456,-0.30000001192092896,-0.041935495920928934,0.023232311079071033,-0.30000001192092896,-0.30000001192092896,-0.30000001192092896,0.30267380892092893,-0.30000001192092896,0.30000001192092896,-0.30000001192092896,-0.299842338525238
1.2999999523162842,0.3909085112170105,-0.30000001192092896,0.5268041368859253,0.5393162378976746,-0.30000001192092896,-0.30000001192092896,-0.30000001192092896,-0.30000001192092896,-0.30000001192092896,-0.30000001192092896,0.30000001192092896,-0.24605810292092894,0.927652313920929,-0.30000001192092896,-0.28592450452523804
1.2999999523162842,0.3618279022170105,-0.30000001192092896,0.3103092908859253,0.5222222208976746,-0.30000001192092896,-0.30000001192092896,-0.30000001192092896,-0.30000001192092896,-0.30000001192092896,-0.30000001192092896,0.30000001192092896,-0.30000001192092896,0.30000001192092896,-0.30000001192092896,-0.299870723525238
1.2999999523162842,0.3306107322170105,-0.30000001192092896,0.3103092908859253,0.3769230758976746,-0.30000001192092896,-0.12258065692092895,-0.07777778992092896,-0.30000001192092896,-0.30000001192092896,-0.30000001192092896,0.30000001192092896,-0.30000001192092896,0.30000001192092896,-0.30000001192092896,-0.29983989952523804
1.2999999523162842,0.3330459802170105,-0.30000001192092896,0.3103092908859253,0.3683760668976746,-0.30000001192092896,-0.27580646392092895,-0.28989900192092893,-0.30000001192092896,-0.30000001192092896,-0.30000001192092896,0.6629679259209289,0.09004148207907103,1.1335675959209288,-0.30000001192092896,-0.24668641552523804
1.2999999523162842,0.3021220462170105,-0.30000001192092896,0.3103092908859253,0.3170940158976746,-0.30000001192092896,0.0064516010790710565,0.08383837207907102,-0.30000001192092896,-0.30000001192092896,-0.30000001192092896,0.30000001192092896,-0.30000001192092896,0.30000001192092896,-0.30000001192092896,-0.29983945552523805
1.2999999523162842,0.4230196262170105,-0.30000001192092896,0.3103092908859253,0.5051282038976745,-0.30000001192092896,-0.30000001192092896,-0.30000001192092896,0.699999988079071,-0.30000001192092896,-0.30000001192092896,0.30000001192092896,-0.30000001192092896,0.30000001192092896,-0.30000001192092896,-0.29989445252523805
1.2999999523162842,0.3633361872170105,-0.30000001192092896,0.3103092908859253,0.4965811958976746,-0.30000001192092896,-0.30000001192092896,-0.30000001192092896,-0.30000001192092896,-0.30000001192092896,-0.30000001192092896,0.30000001192092896,-0.30000001192092896,0.30000001192092896,-0.30000001192092896,-0.28142301252523805
1.2999999523162842,0.3615249722170105,-0.30000001192092896,0.3103092908859253,0.34273504189767456,-0.30000001192092896,-0.25967743092092893,-0.24949496092092896,-0.30000001192092896,-0.30000001192092896,-0.30000001192092896,0.30000001192092896,-0.30000001192092896,0.30000001192092896,-0.30000001192092896,-0.29985387052523804
1.2999999523162842,0.3927118492170105,-0.30000001192092896,0.3103092908859253,0.3683760668976746,-0.30000001192092896,-0.25161291492092897,-0.28989900192092893,-0.30000001192092896,-0.30000001192092896,-0.30000001192092896,0.825401081920929,-0.30000001192092896,0.30000001192092896,-0.30000001192092896,-0.299855865525238
1.2999999523162842,0.4520835742170105,-0.30000001192092896,0.3103092908859253,0.4282051268976746,-0.30000001192092896,-0.30000001192092896,-0.30000001192092896,-0.30000001192092896,-0.30000001192092896,-0.30000001192092896,0.30000001192092896,-0.30000001192092896,0.30000001192092896,-0.30000001192092896,-0.299870723525238
1.2999999523162842,0.5126867062170105,-0.30000001192092896,0.3103092908859253,0.5222222208976746,-0.30000001192092896,-0.30000001192092896,-0.30000001192092896,-0.30000001192092896,-0.30000001192092896,-0.30000001192092896,0.30000001192092896,-0.30000001192092896,0.30000001192092896,-0.30000001192092896,-0.299265542525238
1.2999999523162842,0.3039602212170105,-0.30000001192092896,0.3103092908859253,0.3683760668976746,-0.30000001192092896,-0.25161291492092897,-0.23939395092092897,-0.30000001192092896,-0.30000001192092896,-0.30000001192092896,0.30000001192092896,-0.30000001192092896,0.30000001192092896,-0.30000001192092896,-0.29983923452523803
1.2999999523162842,0.3039426512170105,-0.30000001192092896,0.3103092908859253,0.3256410248976746,-0.30000001192092896,0.014516117079071023,0.09393938207907104,-0.30000001192092896,-0.30000001192092896,-0.30000001192092896,0.30000001192092896,-0.30000001192092896,0.30000001192092896,-0.30000001192092896,-0.29983923452523803
1.2999999523162842,0.4820769092170105,-0.30000001192092896,0.3515464048859253,0.5393162378976746,-0.30000001192092896,-0.30000001192092896,-0.30000001192092896,-0.30000001192092896,-0.30000001192092896,-0.30000001192092896,0.30000001192092896,-0.24605810292092894,1.300000011920929,-0.30000001192092896,-0.29359072252523805
1.2999999523162842,0.4215037672170105,-0.30000001192092896,0.44432990988592536,0.41965811889767457,-0.30000001192092896,-0.30000001192092896,-0.30000001192092896,-0.30000001192092896,-0.30000001192092896,-0.30000001192092896,0.30000001192092896,-0.24605810292092894,0.808402569920929,-0.30000001192092896,-0.29550339652523805
1.2999999523162842,0.4517979122170105,-0.30000001192092896,0.3103092908859253,0.5136752128976746,-0.30000001192092896,-0.30000001192092896,-0.30000001192092896,-0.30000001192092896,-0.30000001192092896,-0.30000001192092896,0.30000001192092896,-0.295850633920929,0.897304123920929,-0.30000001192092896,-0.29699716652523805
1.2999999523162842,0.3908979092170105,-0.30000001192092896,0.5474226928859254,0.5393162378976746,-0.30000001192092896,-0.30000001192092896,-0.30000001192092896,-0.30000001192092896,-0.30000001192092896,-0.30000001192092896,0.30000001192092896,-0.24605810292092894,0.913875549920929,-0.30000001192092896,-0.29481949052523804
1.2999999523162842,0.5120808482170105,-0.30000001192092896,0.3103092908859253,0.3769230758976746,-0.30000001192092896,-0.30000001192092896,-0.30000001192092896,-0.30000001192092896,-0.30000001192092896,-0.30000001192092896,0.30000001192092896,-0.30000001192092896,0.30000001192092896,-0.30000001192092896,-0.299904431225238
1.2999999523162842,0.42271669621701047,-0.30000001192092896,0.3103092908859253,0.5136752128976746,-0.30000001192092896,-0.30000001192092896,-0.30000001192092896,-0.30000001192092896,-0.30000001192092896,-0.30000001192092896,0.30000001192092896,-0.295850633920929,0.8573142639209289,-0.30000001192092896,-0.29899300052523803
1.2999999523162842,0.5126867062170105,-0.30000001192092896,0.3103092908859253,0.5051282038976745,-0.30000001192092896,-0.30000001192092896,-0.30000001192092896,-0.30000001192092896,-0.30000001192092896,-0.30000001192092896,0.30000001192092896,-0.295850633920929,1.0829122709209291,-0.30000001192092896,-0.29922074752523803
1.2999999523162842,0.4527067002170105,-0.30000001192092896,0.3103092908859253,0.5136752128976746,-0.30000001192092896,-0.30000001192092896,-0.30000001192092896,-0.30000001192092896,-0.30000001192092896,-0.30000001192092896,0.30000001192092896,-0.30000001192092896,0.30000001192092896,-0.30000001192092896,-0.299328300525238
1.2999999523162842,0.3624337602170105,-0.30000001192092896,0.3103092908859253,0.5051282038976745,-0.30000001192092896,-0.29193549592092893,-0.28989900192092893,-0.30000001192092896,-0.30000001192092896,-0.30000001192092896,0.460427818920929,0.21452281007907104,1.054287704920929,-0.30000001192092896,-0.26217608052523805
1.2999999523162842,0.4530096292170105,-0.30000001192092896,0.3103092908859253,0.5051282038976745,-0.30000001192092896,-0.30000001192092896,-0.30000001192092896,-0.30000001192092896,-0.30000001192092896,-0.30000001192092896,0.30000001192092896,-0.30000001192092896,0.30000001192092896,-0.30000001192092896,-0.299468008525238
1.2999999523162842,0.3024237642170105,-0.30000001192092896,0.3103092908859253,0.33418803289767457,-0.30000001192092896,0.014516117079071023,-0.28989900192092893,-0.30000001192092896,-0.30000001192092896,-0.30000001192092896,1.134224610920929,-0.23775934792092895,0.990216424920929,-0.30000001192092896,-0.24355717052523804
1.2999999523162842,0.3009275962170105,-0.30000001192092896,0.3103092908859253,0.3769230758976746,-0.30000001192092896,-0.19516130192092895,-0.16868688092092896,-0.30000001192092896,-0.30000001192092896,-0.30000001192092896,0.30000001192092896,-0.30000001192092896,0.30000001192092896,-0.30000001192092896,-0.29984056452523805
1.2999999523162842,0.4520993262170105,-0.30000001192092896,0.3103092908859253,0.5222222208976746,-0.30000001192092896,-0.30000001192092896,-0.30000001192092896,-0.30000001192092896,-0.30000001192092896,-0.30000001192092896,0.30000001192092896,-0.30000001192092896,0.30000001192092896,-0.30000001192092896,-0.29936378252523804
1.2999999523162842,0.5135879212170105,-0.30000001192092896,0.3103092908859253,0.5051282038976745,-0.30000001192092896,-0.30000001192092896,-0.30000001192092896,-0.30000001192092896,-0.30000001192092896,-0.30000001192092896,0.30000001192092896,-0.29170125692092896,0.9714153699209289,-0.30000001192092896,-0.299179278525238
1.2999999523162842,0.3000088111670105,-0.30000001192092896,0.3103092908859253,0.2999999988976746,-0.30000001192092896,-0.17903226992092897,-0.28989900192092893,-0.30000001192092896,-0.30000001192092896,-0.30000001192092896,1.021925145920929,-0.30000001192092896,0.30000001192092896,-0.30000001192092896,-0.299949448425238
1.2999999523162842,0.5738784302170106,-0.30000001192092896,0.3103092908859253,0.5222222208976746,-0.30000001192092896,-0.30000001192092896,-0.30000001192092896,-0.30000001192092896,-0.30000001192092896,-0.30000001192092896,0.30000001192092896,-0.30000001192092896,0.30000001192092896,-0.30000001192092896,-0.29965051652523805
1.2999999523162842,0.3333222522170105,-0.30000001192092896,0.3103092908859253,0.2999999988976746,-0.30000001192092896,-0.30000001192092896,-0.30000001192092896,-0.30000001192092896,-0.30000001192092896,-0.30000001192092896,0.30066846092092897,-0.30000001192092896,0.30000001192092896,-0.30000001192092896,-0.299871167525238
1.2999999523162842,0.3909091172170105,-0.30000001192092896,0.3103092908859253,0.5222222208976746,-0.30000001192092896,-0.30000001192092896,-0.30000001192092896,-0.30000001192092896,-0.30000001192092896,-0.30000001192092896,0.30000001192092896,-0.30000001192092896,0.30000001192092896,-0.30000001192092896,-0.299292375525238
1.2999999523162842,0.39242376421701053,-0.30000001192092896,0.3103092908859253,0.5136752128976746,-0.30000001192092896,-0.30000001192092896,-0.30000001192092896,-0.30000001192092896,-0.30000001192092896,-0.30000001192092896,0.30000001192092896,-0.29170125692092896,0.7939963459209289,-0.30000001192092896,-0.29914379652523804
1.2999999523162842,0.3912120462170105,-0.30000001192092896,0.3103092908859253,0.3598290588976746,-0.30000001192092896,-0.28387097992092897,-0.28989900192092893,-0.30000001192092896,-0.30000001192092896,-0.30000001192092896,0.575401081920929,-0.30000001192092896,0.30000001192092896,-0.30000001192092896,-0.299856087525238
1.2999999523162842,0.36179821421701047,-0.30000001192092896,0.3103092908859253,0.4709401698976746,-0.30000001192092896,-0.30000001192092896,-0.30000001192092896,-0.30000001192092896,-0.30000001192092896,-0.30000001192092896,0.30000001192092896,-0.30000001192092896,0.30000001192092896,-0.30000001192092896,-0.284719907525238
0.2999999523162842,0.3009142672170105,0.07291400807907106,0.3000000128859253,0.3170940158976746,0.699999988079071,-0.30000001192092896,-0.30000001192092896,0.699999988079071,-0.11818182992092896,-0.22116183792092897,0.30000001192092896,-0.30000001192092896,0.30000001192092896,-0.16666667892092896,-0.29909212652523803
1.2999999523162842,0.4224137672170105,-0.30000001192092896,0.3103092908859253,0.4880341868976746,-0.30000001192092896,-0.30000001192092896,-0.30000001192092896,0.699999988079071,-0.30000001192092896,-0.30000001192092896,0.30000001192092896,-0.30000001192092896,0.30000001192092896,-0.30000001192092896,-0.29252272952523806
1.2999999523162842,0.3003159812170105,-0.30000001192092896,0.3103092908859253,0.3512820498976746,-0.30000001192092896,-0.08225807692092896,-0.28989900192092893,-0.30000001192092896,-0.30000001192092896,-0.30000001192092896,1.112165786920929,-0.30000001192092896,0.30000001192092896,-0.30000001192092896,-0.29984012152523803
1.2999999523162842,0.4833025622170105,-0.30000001192092896,0.3103092908859253,0.5136752128976746,-0.30000001192092896,-0.30000001192092896,-0.30000001192092896,-0.30000001192092896,-0.30000001192092896,-0.30000001192092896,0.30000001192092896,-0.295850633920929,1.159883051920929,-0.30000001192092896,-0.299507260525238
1.2999999523162842,0.42180790821701053,-0.30000001192092896,0.3103092908859253,0.3256410248976746,-0.30000001192092896,-0.25161291492092897,-0.23939395092092897,-0.30000001192092896,-0.30000001192092896,-0.30000001192092896,0.30000001192092896,-0.30000001192092896,0.30000001192092896,-0.30000001192092896,-0.29985564452523805
1.2999999523162842,0.3921193202170105,-0.30000001192092896,0.3103092908859253,0.3598290588976746,-0.30000001192092896,-0.29193549592092893,-0.28989900192092893,-0.30000001192092896,-0.30000001192092896,-0.30000001192092896,0.4610962689209289,0.699999988079071,0.7939963459209289,-0.30000001192092896,-0.26449812152523805
1.2999999523162842,0.3021247722170105,-0.30000001192092896,0.3103092908859253,0.33418803289767457,-0.30000001192092896,-0.21935485092092893,-0.19898991092092894,-0.30000001192092896,-0.30000001192092896,-0.30000001192092896,0.30000001192092896,-0.30000001192092896,0.30000001192092896,-0.30000001192092896,-0.295920303525238
1.2999999523162842,0.4233225552170105,-0.30000001192092896,0.3103092908859253,0.5051282038976745,-0.30000001192092896,-0.30000001192092896,-0.30000001192092896,-0.30000001192092896,-0.30000001192092896,-0.30000001192092896,0.30000001192092896,-0.29170125692092896,0.831649561920929,-0.30000001192092896,-0.29858407652523805
1.2999999523162842,0.3606098232170105,-0.30000001192092896,0.4134020748859253,0.5393162378976746,-0.30000001192092896,-0.30000001192092896,-0.30000001192092896,-0.30000001192092896,-0.30000001192092896,-0.30000001192092896,0.30000001192092896,-0.24605810292092894,0.905518600920929,-0.30000001192092896,-0.27671750152523805
1.2999999523162842,0.39242376421701053,-0.30000001192092896,0.3103092908859253,0.33418803289767457,-0.30000001192092896,-0.25967743092092893,-0.24949496092092896,-0.30000001192092896,-0.30000001192092896,-0.30000001192092896,0.30000001192092896,-0.30000001192092896,0.30000001192092896,-0.30000001192092896,-0.29985542252523806
1.2999999523162842,0.5123837772170106,-0.30000001192092896,0.3103092908859253,0.5136752128976746,-0.30000001192092896,-0.30000001192092896,-0.30000001192092896,-0.30000001192092896,-0.30000001192092896,-0.30000001192092896,0.30000001192092896,-0.295850633920929,0.8893623089209289,-0.30000001192092896,-0.29961437052523804
1.2999999523162842,0.3605961912170105,-0.30000001192092896,0.5061855798859253,0.5393162378976746,-0.30000001192092896,-0.30000001192092896,-0.30000001192092896,-0.30000001192092896,-0.30000001192092896,-0.30000001192092896,0.30000001192092896,-0.24605810292092894,1.119382977920929,-0.30000001192092896,-0.29485985052523805
1.2999999523162842,0.5426767102170105,-0.30000001192092896,0.3103092908859253,0.5307692298976746,-0.30000001192092896,-0.30000001192092896,-0.30000001192092896,-0.30000001192092896,-0.30000001192092896,-0.30000001192092896,0.30000001192092896,-0.30000001192092896,0.30000001192092896,-0.30000001192092896,-0.299900661325238
1.2999999523162842,0.4533125582170105,-0.30000001192092896,0.3103092908859253,0.5222222208976746,-0.30000001192092896,-0.30000001192092896,-0.30000001192092896,-0.30000001192092896,-0.30000001192092896,-0.30000001192092896,0.30000001192092896,-0.30000001192092896,0.30000001192092896,-0.30000001192092896,-0.29907438652523805
1.2999999523162842,0.3327466862170105,-0.30000001192092896,0.3103092908859253,0.3940170928976746,-0.30000001192092896,-0.29193549592092893,-0.28989900192092893,-0.30000001192092896,-0.30000001192092896,-0.30000001192092896,0.4610962689209289,0.218672187079071,0.856131456920929,-0.30000001192092896,-0.26287617452523804
1.2999999523162842,0.3045697152170105,-0.30000001192092896,0.3103092908859253,0.34273504189767456,-0.30000001192092896,-0.07419355992092896,-0.01717172892092894,-0.30000001192092896,-0.30000001192092896,-0.30000001192092896,0.30000001192092896,-0.30000001192092896,0.30000001192092896,-0.30000001192092896,-0.29983945552523805
1.2999999523162842,0.3345391192170105,-0.30000001192092896,0.3103092908859253,0.33418803289767457,-0.30000001192092896,-0.09838710892092895,-0.04747475892092895,-0.30000001192092896,-0.30000001192092896,-0.30000001192092896,0.30000001192092896,-0.30000001192092896,0.30000001192092896,-0.30000001192092896,-0.299841229525238
1.2999999523162842,0.3045724412170105,-0.30000001192092896,0.3103092908859253,0.3256410248976746,-0.30000001192092896,-0.14677420592092896,-0.10808081992092897,-0.30000001192092896,-0.30000001192092896,-0.30000001192092896,1.062032097920929,-0.05103735592092895,0.7584912959209289,-0.30000001192092896,-0.24557451452523804
1.2999999523162842,0.4236254842170105,-0.30000001192092896,0.3103092908859253,0.5222222208976746,-0.30000001192092896,-0.30000001192092896,-0.30000001192092896,-0.30000001192092896,-0.30000001192092896,-0.30000001192092896,0.30000001192092896,-0.295850633920929,0.9044411749209289,-0.30000001192092896,-0.29917218252523803
1.2999999523162842,0.5129681282170104,-0.30000001192092896,0.3103092908859253,0.5222222208976746,-0.30000001192092896,-0.30000001192092896,-0.30000001192092896,-0.30000001192092896,-0.30000001192092896,-0.30000001192092896,0.30000001192092896,-0.30000001192092896,0.30000001192092896,-0.30000001192092896,-0.299292375525238
1.2999999523162842,0.4230184142170105,-0.30000001192092896,0.3103092908859253,0.5051282038976745,-0.30000001192092896,-0.30000001192092896,-0.30000001192092896,-0.30000001192092896,-0.30000001192092896,-0.30000001192092896,0.30000001192092896,-0.295850633920929,0.748362389920929,-0.30000001192092896,-0.29885950152523805
1.2999999523162842,0.4517979122170105,-0.30000001192092896,0.3103092908859253,0.5136752128976746,-0.30000001192092896,-0.30000001192092896,-0.30000001192092896,-0.30000001192092896,-0.30000001192092896,-0.30000001192092896,0.30000001192092896,-0.30000001192092896,0.30000001192092896,-0.30000001192092896,-0.299896669525238
1.2999999523162842,0.3618003352170105,-0.30000001192092896,0.49587630188592535,0.5393162378976746,-0.30000001192092896,-0.30000001192092896,-0.30000001192092896,-0.30000001192092896,-0.30000001192092896,-0.30000001192092896,0.30000001192092896,-0.24605810292092894,1.088932179920929,-0.30000001192092896,-0.285778808525238
1.2999999523162842,0.3327466862170105,-0.30000001192092896,0.3103092908859253,0.33418803289767457,-0.30000001192092896,-0.25967743092092893,-0.24949496092092896,-0.30000001192092896,-0.30000001192092896,-0.30000001192092896,0.30000001192092896,-0.30000001192092896,0.30000001192092896,-0.30000001192092896,-0.29984854752523804
1.2999999523162842,0.4212020502170105,-0.30000001192092896,0.3103092908859253,0.3598290588976746,-0.30000001192092896,-0.30000001192092896,-0.30000001192092896,-0.30000001192092896,-0.30000001192092896,-0.30000001192092896,0.30000001192092896,-0.30000001192092896,0.30000001192092896,-0.30000001192092896,-0.29990465302523805
1.2999999523162842,0.3036366932170105,-0.30000001192092896,0.3103092908859253,0.3170940158976746,-0.30000001192092896,-0.13870968892092894,-0.09797980992092895,-0.30000001192092896,-0.30000001192092896,-0.30000001192092896,0.30000001192092896,-0.30000001192092896,0.30000001192092896,-0.30000001192092896,-0.29983923452523803
1.2999999523162842,0.3330302282170105,-0.30000001192092896,0.3103092908859253,0.33418803289767457,-0.30000001192092896,-0.25161291492092897,-0.23939395092092897,-0.30000001192092896,-0.30000001192092896,-0.30000001192092896,0.30000001192092896,-0.30000001192092896,0.30000001192092896,-0.30000001192092896,-0.29567792052523806
1.2999999523162842,0.45149498221701045,-0.30000001192092896,0.3103092908859253,0.5222222208976746,-0.30000001192092896,-0.30000001192092896,-0.30000001192092896,-0.30000001192092896,-0.30000001192092896,-0.30000001192092896,0.30000001192092896,-0.30000001192092896,0.30000001192092896,-0.30000001192092896,-0.299896891525238
1.2999999523162842,0.4826967032170105,-0.30000001192092896,0.3103092908859253,0.5222222208976746,-0.30000001192092896,-0.30000001192092896,-0.30000001192092896,-0.30000001192092896,-0.30000001192092896,-0.30000001192092896,0.30000001192092896,-0.29170125692092896,0.920659170920929,-0.30000001192092896,-0.29957312252523804
1.2999999523162842,0.3342470952170105,-0.30000001192092896,0.3103092908859253,0.3598290588976746,-0.30000001192092896,-0.28387097992092897,-0.28989900192092893,-0.30000001192092896,-0.30000001192092896,-0.30000001192092896,0.5212566959209289,-0.30000001192092896,0.30000001192092896,-0.30000001192092896,-0.299846330525238
1.2999999523162842,0.3912108352170105,-0.30000001192092896,0.6608247548859253,0.5393162378976746,-0.30000001192092896,-0.30000001192092896,-0.30000001192092896,-0.30000001192092896,-0.30000001192092896,-0.30000001192092896,0.30000001192092896,-0.24605810292092894,0.808402569920929,-0.30000001192092896,-0.29544285652523805
1.2999999523162842,0.3909003322170105,-0.30000001192092896,0.3103092908859253,0.3256410248976746,-0.30000001192092896,-0.25967743092092893,-0.28989900192092893,-0.30000001192092896,-0.30000001192092896,-0.30000001192092896,0.7812834339209289,0.02365144007907105,0.891385137920929,-0.30000001192092896,-0.24979392852523802
1.2999999523162842,0.3621308312170105,-0.30000001192092896,0.3103092908859253,0.5222222208976746,-0.30000001192092896,-0.30000001192092896,-0.30000001192092896,-0.30000001192092896,-0.30000001192092896,-0.30000001192092896,0.30000001192092896,-0.29170125692092896,0.6983733689209289,-0.30000001192092896,-0.294917064525238
1.2999999523162842,0.4224137672170105,-0.30000001192092896,0.3103092908859253,0.5136752128976746,-0.30000001192092896,-0.30000001192092896,-0.30000001192092896,-0.30000001192092896,-0.30000001192092896,-0.30000001192092896,0.30000001192092896,-0.283402501920929,1.1746556309209288,-0.30000001192092896,-0.28968310252523805
1.2999999523162842,0.5429796392170105,-0.30000001192092896,0.3103092908859253,0.5222222208976746,-0.30000001192092896,-0.30000001192092896,-0.30000001192092896,-0.30000001192092896,-0.30000001192092896,-0.30000001192092896,0.30000001192092896,-0.30000001192092896,0.30000001192092896,-0.30000001192092896,-0.29990088312523805
1.2999999523162842,0.4520829682170105,-0.30000001192092896,0.3103092908859253,0.5222222208976746,-0.30000001192092896,-0.30000001192092896,-0.30000001192092896,-0.30000001192092896,-0.30000001192092896,-0.30000001192092896,0.30000001192092896,-0.295850633920929,0.830881789920929,-0.30000001192092896,-0.299322313525238
1.2999999523162842,0.36211507921701047,-0.30000001192092896,0.3103092908859253,0.34273504189767456,-0.30000001192092896,-0.20322581792092898,-0.17878789092092895,-0.30000001192092896,-0.30000001192092896,-0.30000001192092896,0.30000001192092896,-0.30000001192092896,0.30000001192092896,-0.30000001192092896,-0.293247439525238
1.2999999523162842,0.3321271962170105,-0.30000001192092896,0.3103092908859253,0.3512820498976746,-0.30000001192092896,-0.18709678592092896,-0.15858587092092896,-0.30000001192092896,-0.30000001192092896,-0.30000001192092896,0.30000001192092896,-0.30000001192092896,0.30000001192092896,-0.30000001192092896,-0.299841229525238
1.2999999523162842,0.3302990172170105,-0.30000001192092896,0.3103092908859253,0.34273504189767456,-0.30000001192092896,-0.17096775392092894,-0.28989900192092893,-0.30000001192092896,-0.30000001192092896,-0.30000001192092896,1.005882364920929,-0.23360997092092894,0.8542434229209289,-0.30000001192092896,-0.27996538852523806
1.2999999523162842,0.5738784302170106,-0.30000001192092896,0.3103092908859253,0.5136752128976746,-0.30000001192092896,-0.30000001192092896,-0.30000001192092896,-0.30000001192092896,-0.30000001192092896,-0.30000001192092896,0.30000001192092896,-0.2875518789209289,1.018495879920929,-0.30000001192092896,-0.29818069652523804
1.2999999523162842,0.3324183112170105,-0.30000001192092896,0.49587630188592535,0.3769230758976746,-0.30000001192092896,-0.29193549592092893,-0.28989900192092893,-0.30000001192092896,-0.30000001192092896,-0.30000001192092896,0.4610962689209289,0.699999988079071,0.572031290920929,-0.30000001192092896,-0.26574485252523805
1.2999999523162842,0.3045530542170105,-0.30000001192092896,0.3103092908859253,0.3085470078976746,-0.30000001192092896,0.31290321407907107,-0.28989900192092893,-0.30000001192092896,-0.30000001192092896,-0.30000001192092896,1.163636375920929,-0.30000001192092896,0.30000001192092896,-0.30000001192092896,-0.29983879052523804
1.2999999523162842,0.48236590421701053,-0.30000001192092896,0.3103092908859253,0.5222222208976746,-0.30000001192092896,-0.30000001192092896,-0.30000001192092896,-0.30000001192092896,-0.30000001192092896,-0.30000001192092896,0.30000001192092896,-0.30000001192092896,0.30000001192092896,-0.30000001192092896,-0.299900217825238
1.2999999523162842,0.30063496621701047,-0.30000001192092896,0.3927835178859253,0.46239316089767457,-0.30000001192092896,-0.30000001192092896,-0.30000001192092896,-0.30000001192092896,-0.30000001192092896,-0.30000001192092896,0.30000001192092896,-0.24605810292092894,0.808402569920929,-0.30000001192092896,-0.28722046552523806
1.2999999523162842,0.42180790821701053,-0.30000001192092896,0.3103092908859253,0.5136752128976746,-0.30000001192092896,-0.30000001192092896,-0.30000001192092896,-0.30000001192092896,-0.30000001192092896,-0.30000001192092896,0.30000001192092896,-0.30000001192092896,0.30000001192092896,-0.30000001192092896,-0.29963765452523805
1.2999999523162842,0.45149498221701045,-0.30000001192092896,0.3103092908859253,0.3769230758976746,-0.30000001192092896,-0.30000001192092896,-0.30000001192092896,-0.30000001192092896,-0.30000001192092896,-0.30000001192092896,0.30000001192092896,-0.2875518789209289,0.7381502899209289,-0.30000001192092896,-0.29960394752523806
1.2999999523162842,0.3012120462170105,-0.30000001192092896,0.3103092908859253,0.33418803289767457,-0.30000001192092896,-0.17096775392092894,-0.28989900192092893,-0.30000001192092896,-0.30000001192092896,-0.30000001192092896,1.0272727389209289,-0.30000001192092896,0.30000001192092896,-0.30000001192092896,-0.29983923452523803
1.2999999523162842,0.3912120462170105,-0.30000001192092896,0.3103092908859253,0.5222222208976746,-0.30000001192092896,-0.30000001192092896,-0.30000001192092896,-0.30000001192092896,-0.30000001192092896,-0.30000001192092896,0.30000001192092896,-0.30000001192092896,0.30000001192092896,-0.30000001192092896,-0.299542298525238
1.2999999523162842,0.3012168932170105,-0.30000001192092896,0.3103092908859253,0.3683760668976746,-0.30000001192092896,-0.29193549592092893,-0.28989900192092893,-0.30000001192092896,-0.30000001192092896,-0.30000001192092896,0.4610962689209289,0.699999988079071,0.7769382279209289,-0.30000001192092896,-0.25214080752523804
1.2999999523162842,0.45178670321701053,-0.30000001192092896,0.5268041368859253,0.5393162378976746,-0.30000001192092896,-0.30000001192092896,-0.30000001192092896,-0.30000001192092896,-0.30000001192092896,-0.30000001192092896,0.30000001192092896,-0.24605810292092894,0.913875549920929,-0.30000001192092896,-0.29480640652523804
1.2999999523162842,0.6332525782170104,-0.30000001192092896,0.3103092908859253,0.3769230758976746,-0.30000001192092896,-0.30000001192092896,-0.30000001192092896,-0.30000001192092896,-0.30000001192092896,-0.30000001192092896,0.30000001192092896,-0.30000001192092896,0.30000001192092896,-0.30000001192092896,-0.299757626525238
1.2999999523162842,0.45149498221701045,-0.30000001192092896,0.3103092908859253,0.5222222208976746,-0.30000001192092896,-0.30000001192092896,-0.30000001192092896,-0.30000001192092896,-0.30000001192092896,-0.30000001192092896,0.30000001192092896,-0.30000001192092896,0.30000001192092896,-0.30000001192092896,-0.299900661325238
1.2999999523162842,0.4527067002170105,-0.30000001192092896,0.3103092908859253,0.5136752128976746,-0.30000001192092896,-0.30000001192092896,-0.30000001192092896,-0.30000001192092896,-0.30000001192092896,-0.30000001192092896,0.30000001192092896,-0.295850633920929,1.1082968329209288,-0.30000001192092896,-0.299328300525238
1.2999999523162842,0.3912120462170105,-0.30000001192092896,0.3103092908859253,0.3170940158976746,-0.30000001192092896,-0.15483872192092896,-0.11818182992092896,-0.30000001192092896,-0.30000001192092896,-0.30000001192092896,0.30000001192092896,-0.30000001192092896,0.30000001192092896,-0.30000001192092896,-0.29985542252523806
1.2999999523162842,0.3921208342170105,-0.30000001192092896,0.3103092908859253,0.4025641018976746,-0.30000001192092896,-0.28387097992092897,-0.28989900192092893,-0.30000001192092896,-0.30000001192092896,-0.30000001192092896,0.5747326319209289,0.13153525807907107,0.917708219920929,-0.30000001192092896,-0.258001239525238
1.2999999523162842,0.48239377421701046,-0.30000001192092896,0.3103092908859253,0.5136752128976746,-0.30000001192092896,-0.30000001192092896,-0.30000001192092896,-0.30000001192092896,-0.30000001192092896,-0.30000001192092896,0.30000001192092896,-0.295850633920929,0.940819772920929,-0.30000001192092896,-0.29972524952523805
1.2999999523162842,0.45149498221701045,-0.30000001192092896,0.3103092908859253,0.5222222208976746,-0.30000001192092896,-0.30000001192092896,-0.30000001192092896,-0.30000001192092896,-0.30000001192092896,-0.30000001192092896,0.30000001192092896,-0.30000001192092896,0.30000001192092896,-0.30000001192092896,-0.299896891525238
1.2999999523162842,0.4817679222170105,-0.30000001192092896,0.48556702288592535,0.5393162378976746,-0.30000001192092896,-0.30000001192092896,-0.30000001192092896,-0.30000001192092896,-0.30000001192092896,-0.30000001192092896,0.30000001192092896,-0.24605810292092894,1.119382977920929,-0.30000001192092896,-0.29456025452523804
1.2999999523162842,0.3611965972170105,-0.30000001192092896,0.4546391878859253,0.5393162378976746,-0.30000001192092896,-0.30000001192092896,-0.30000001192092896,-0.30000001192092896,-0.30000001192092896,-0.30000001192092896,0.30000001192092896,-0.24605810292092894,0.572031290920929,-0.30000001192092896,-0.25853856252523805
1.2999999523162842,0.42150497921701047,-0.30000001192092896,0.3103092908859253,0.5136752128976746,-0.30000001192092896,-0.27580646392092895,-0.28989900192092893,-0.30000001192092896,-0.30000001192092896,-0.30000001192092896,0.6402406539209289,-0.30000001192092896,0.30000001192092896,-0.30000001192092896,-0.28441410152523805
1.2999999523162842,0.4826967032170105,-0.30000001192092896,0.3103092908859253,0.5222222208976746,-0.30000001192092896,-0.30000001192092896,-0.30000001192092896,-0.30000001192092896,-0.30000001192092896,-0.30000001192092896,0.30000001192092896,-0.30000001192092896,0.30000001192092896,-0.30000001192092896,-0.299900661325238
1.2999999523162842,0.3614974062170105,-0.30000001192092896,0.3103092908859253,0.3940170928976746,-0.30000001192092896,-0.27580646392092895,-0.28989900192092893,-0.30000001192092896,-0.30000001192092896,-0.30000001192092896,0.5439839689209289,-0.30000001192092896,0.30000001192092896,-0.30000001192092896,-0.26546477052523804
1.2999999523162842,0.45421498521701054,-0.30000001192092896,0.3103092908859253,0.5222222208976746,-0.30000001192092896,-0.30000001192092896,-0.30000001192092896,-0.30000001192092896,-0.30000001192092896,-0.30000001192092896,0.30000001192092896,-0.30000001192092896,0.30000001192092896,-0.30000001192092896,-0.29918083052523803
1.2999999523162842,0.45149498221701045,-0.30000001192092896,0.3103092908859253,0.5136752128976746,-0.30000001192092896,-0.30000001192092896,-0.30000001192092896,-0.30000001192092896,-0.30000001192092896,-0.30000001192092896,0.30000001192092896,-0.30000001192092896,0.30000001192092896,-0.30000001192092896,-0.29889453952523803
1.2999999523162842,0.3036482042170105,-0.30000001192092896,0.3103092908859253,0.34273504189767456,-0.30000001192092896,-0.16290323792092895,-0.28989900192092893,-0.30000001192092896,-0.30000001192092896,-0.30000001192092896,1.038636375920929,-0.30000001192092896,0.30000001192092896,-0.30000001192092896,-0.29983967752523805
1.2999999523162842,0.36061618421701047,-0.30000001192092896,0.3103092908859253,0.3512820498976746,-0.30000001192092896,-0.29193549592092893,-0.28989900192092893,-0.30000001192092896,-0.30000001192092896,-0.30000001192092896,0.460427818920929,0.695850610079071,0.918342235920929,-0.30000001192092896,-0.25538448052523804
1.2999999523162842,0.3021290132170105,-0.30000001192092896,0.3103092908859253,0.3256410248976746,-0.30000001192092896,0.08709676207907102,0.18484847307907104,-0.30000001192092896,-0.30000001192092896,-0.30000001192092896,0.30000001192092896,-0.30000001192092896,0.30000001192092896,-0.30000001192092896,-0.29984012152523803
1.2999999523162842,0.3048696152170105,-0.30000001192092896,0.3103092908859253,0.33418803289767457,-0.30000001192092896,0.03870966507907103,-0.28989900192092893,-0.30000001192092896,-0.30000001192092896,-0.30000001192092896,1.142246000920929,-0.24605810292092894,1.009900091920929,-0.30000001192092896,-0.285039019525238
1.2999999523162842,0.45149498221701045,-0.30000001192092896,0.3103092908859253,0.5307692298976746,-0.30000001192092896,-0.30000001192092896,-0.30000001192092896,-0.30000001192092896,-0.30000001192092896,-0.30000001192092896,0.30000001192092896,-0.30000001192092896,0.30000001192092896,-0.30000001192092896,-0.299897113525238
1.2999999523162842,0.3039614332170105,-0.30000001192092896,0.3103092908859253,0.3170940158976746,-0.30000001192092896,-0.17903226992092897,-0.14848485992092897,-0.30000001192092896,-0.30000001192092896,-0.30000001192092896,1.021925145920929,-0.0012448249209289775,0.7509791739209289,-0.30000001192092896,-0.25277082552523805
1.2999999523162842,0.4826679252170105,-0.30000001192092896,0.3103092908859253,0.5051282038976745,-0.30000001192092896,-0.30000001192092896,-0.30000001192092896,-0.30000001192092896,-0.30000001192092896,-0.30000001192092896,0.30000001192092896,-0.30000001192092896,0.30000001192092896,-0.30000001192092896,-0.299900661325238
1.2999999523162842,0.3627197252170105,-0.30000001192092896,0.3103092908859253,0.3256410248976746,-0.30000001192092896,-0.20322581792092898,-0.17878789092092895,-0.30000001192092896,-0.30000001192092896,-0.30000001192092896,0.30000001192092896,-0.30000001192092896,0.30000001192092896,-0.30000001192092896,-0.29984899152523803
1.2999999523162842,0.3003114372170105,-0.30000001192092896,0.3103092908859253,0.38547008389767456,-0.30000001192092896,-0.19516130192092895,-0.28989900192092893,-0.30000001192092896,-0.30000001192092896,-0.30000001192092896,0.882219262920929,-0.30000001192092896,0.30000001192092896,-0.30000001192092896,-0.29984056452523805
1.2999999523162842,0.39242376421701053,-0.30000001192092896,0.3103092908859253,0.4965811958976746,-0.30000001192092896,-0.30000001192092896,-0.30000001192092896,-0.30000001192092896,-0.30000001192092896,-0.30000001192092896,0.30000001192092896,-0.30000001192092896,0.30000001192092896,-0.30000001192092896,-0.29990088312523805
1.2999999523162842,0.4530096292170105,-0.30000001192092896,0.3103092908859253,0.5136752128976746,-0.30000001192092896,-0.30000001192092896,-0.30000001192092896,-0.30000001192092896,-0.30000001192092896,-0.30000001192092896,0.30000001192092896,-0.30000001192092896,0.30000001192092896,-0.30000001192092896,-0.299870723525238
1.2999999523162842,0.5135954942170105,-0.30000001192092896,0.3103092908859253,0.5051282038976745,-0.30000001192092896,-0.30000001192092896,-0.30000001192092896,-0.30000001192092896,-0.30000001192092896,-0.30000001192092896,0.30000001192092896,-0.2875518789209289,1.159883051920929,-0.30000001192092896,-0.29915067152523805
1.2999999523162842,0.3306161842170105,-0.30000001192092896,0.3103092908859253,0.2999999988976746,-0.30000001192092896,-0.30000001192092896,-0.30000001192092896,-0.30000001192092896,-0.30000001192092896,-0.30000001192092896,0.30000001192092896,-0.30000001192092896,0.30000001192092896,-0.30000001192092896,-0.299868062525238
1.2999999523162842,0.5123698422170104,-0.30000001192092896,0.7639175388859254,0.5393162378976746,-0.30000001192092896,-0.30000001192092896,-0.30000001192092896,-0.30000001192092896,-0.30000001192092896,-0.30000001192092896,0.30000001192092896,-0.24605810292092894,1.300000011920929,-0.30000001192092896,-0.293500910525238
1.2999999523162842,0.3609191142170105,-0.30000001192092896,0.3103092908859253,0.3598290588976746,-0.30000001192092896,-0.26774194692092895,-0.28989900192092893,-0.30000001192092896,-0.30000001192092896,-0.30000001192092896,0.6669786219209289,-0.30000001192092896,0.30000001192092896,-0.30000001192092896,-0.27328710752523805
1.2999999523162842,0.3912120462170105,-0.30000001192092896,0.3103092908859253,0.5136752128976746,-0.30000001192092896,-0.30000001192092896,-0.30000001192092896,-0.30000001192092896,-0.30000001192092896,-0.30000001192092896,0.30000001192092896,-0.30000001192092896,0.30000001192092896,-0.30000001192092896,-0.299507482525238
1.2999999523162842,0.3611926592170105,-0.30000001192092896,0.3103092908859253,0.3256410248976746,-0.30000001192092896,-0.15483872192092896,-0.28989900192092893,-0.30000001192092896,-0.30000001192092896,-0.30000001192092896,1.0459893169209291,-0.30000001192092896,0.30000001192092896,-0.30000001192092896,-0.299844777525238
1.2999999523162842,0.3918179052170105,-0.30000001192092896,0.3103092908859253,0.4880341868976746,-0.30000001192092896,-0.30000001192092896,-0.30000001192092896,-0.30000001192092896,-0.30000001192092896,-0.30000001192092896,0.30000001192092896,-0.30000001192092896,0.30000001192092896,-0.30000001192092896,-0.29987050252523806
1.2999999523162842,0.3039684002170105,-0.30000001192092896,0.3103092908859253,0.34273504189767456,-0.30000001192092896,-0.12258065692092895,-0.28989900192092893,-0.30000001192092896,-0.30000001192092896,-0.30000001192092896,1.0794117769209288,-0.20041494992092895,0.8156024129209289,-0.30000001192092896,-0.255338797525238
1.2999999523162842,0.3312093202170105,-0.30000001192092896,0.3103092908859253,0.34273504189767456,-0.30000001192092896,-0.21129033492092897,-0.18888890092092897,-0.30000001192092896,-0.30000001192092896,-0.30000001192092896,0.36016043992092894,0.07344397107907102,0.985206940920929,-0.30000001192092896,-0.25939433152523805
1.2999999523162842,0.4212020502170105,-0.30000001192092896,0.3103092908859253,0.5136752128976746,-0.30000001192092896,-0.30000001192092896,-0.30000001192092896,-0.30000001192092896,-0.30000001192092896,-0.30000001192092896,0.30000001192092896,-0.30000001192092896,0.30000001192092896,-0.30000001192092896,-0.29990088312523805
1.2999999523162842,0.3018333542170105,-0.30000001192092896,0.3103092908859253,0.3683760668976746,-0.30000001192092896,-0.18709678592092896,-0.28989900192092893,-0.30000001192092896,-0.30000001192092896,-0.30000001192092896,1.010561508920929,-0.30000001192092896,0.30000001192092896,-0.30000001192092896,-0.29984078652523805
1.2999999523162842,0.4221099292170105,-0.30000001192092896,0.3103092908859253,0.4367521358976746,-0.30000001192092896,-0.29193549592092893,-0.28989900192092893,-0.30000001192092896,-0.30000001192092896,-0.30000001192092896,0.460427818920929,0.18132778907907104,0.676590412920929,-0.30000001192092896,-0.262708302525238
1.2999999523162842,0.3015449662170105,-0.30000001192092896,0.3103092908859253,0.3170940158976746,-0.30000001192092896,-0.22741936692092896,-0.28989900192092893,-0.30000001192092896,-0.30000001192092896,-0.30000001192092896,0.919652417920929,-0.10912864292092894,0.973676295920929,-0.30000001192092896,-0.25980968652523806
1.2999999523162842,0.7544243092170104,-0.30000001192092896,0.3103092908859253,0.3769230758976746,-0.30000001192092896,-0.30000001192092896,-0.30000001192092896,-0.30000001192092896,-0.30000001192092896,-0.30000001192092896,0.30000001192092896,-0.30000001192092896,0.30000001192092896,-0.30000001192092896,-0.29972569352523803
1.2999999523162842,0.3927266932170105,-0.30000001192092896,0.3103092908859253,0.5307692298976746,-0.30000001192092896,-0.30000001192092896,-0.30000001192092896,-0.30000001192092896,-0.30000001192092896,-0.30000001192092896,0.30000001192092896,-0.295850633920929,0.860955634920929,-0.30000001192092896,-0.29858917652523803
1.2999999523162842,0.3630262902170105,-0.30000001192092896,0.3103092908859253,0.3256410248976746,-0.30000001192092896,-0.11451614092092896,-0.28989900192092893,-0.30000001192092896,-0.30000001192092896,-0.30000001192092896,1.084090920920929,-0.18381743892092894,0.940819772920929,-0.30000001192092896,-0.25203635852523804
1.2999999523162842,0.36122022521701047,-0.30000001192092896,0.3103092908859253,0.3256410248976746,-0.30000001192092896,-0.28387097992092897,-0.28989900192092893,-0.30000001192092896,-0.30000001192092896,-0.30000001192092896,0.575401081920929,-0.30000001192092896,0.30000001192092896,-0.30000001192092896,-0.29984766052523804
1.2999999523162842,0.5132925652170105,-0.30000001192092896,0.3103092908859253,0.5222222208976746,-0.30000001192092896,-0.30000001192092896,-0.30000001192092896,-0.30000001192092896,-0.30000001192092896,-0.30000001192092896,0.30000001192092896,-0.30000001192092896,0.30000001192092896,-0.30000001192092896,-0.29943585352523805
1.2999999523162842,0.9664748372170104,-0.30000001192092896,0.3103092908859253,0.3769230758976746,-0.30000001192092896,-0.30000001192092896,-0.30000001192092896,-0.30000001192092896,-0.30000001192092896,-0.30000001192092896,0.30000001192092896,-0.295850633920929,0.901223653920929,-0.30000001192092896,-0.299556934525238
1.2999999523162842,0.42150497921701047,-0.30000001192092896,0.3103092908859253,0.5136752128976746,-0.30000001192092896,-0.30000001192092896,-0.30000001192092896,-0.30000001192092896,-0.30000001192092896,-0.30000001192092896,0.30000001192092896,-0.30000001192092896,0.30000001192092896,-0.30000001192092896,-0.299507482525238
1.2999999523162842,0.4239284142170105,-0.30000001192092896,0.3103092908859253,0.5307692298976746,-0.30000001192092896,-0.30000001192092896,-0.30000001192092896,0.699999988079071,-0.30000001192092896,-0.30000001192092896,0.30000001192092896,-0.30000001192092896,0.30000001192092896,-0.30000001192092896,-0.299902657225238
1.2999999523162842,0.3036354812170105,-0.30000001192092896,0.3103092908859253,0.33418803289767457,-0.30000001192092896,-0.017741946920928953,-0.28989900192092893,-0.30000001192092896,-0.30000001192092896,-0.30000001192092896,1.142246000920929,-0.20456432692092896,0.9747591699209289,-0.30000001192092896,-0.24894126452523802
1.2999999523162842,0.5432719662170105,-0.30000001192092896,0.3103092908859253,0.5222222208976746,-0.30000001192092896,-0.30000001192092896,-0.30000001192092896,-0.30000001192092896,-0.30000001192092896,-0.30000001192092896,0.30000001192092896,-0.30000001192092896,0.30000001192092896,-0.30000001192092896,-0.299900661325238
1.2999999523162842,0.3024455742170105,-0.30000001192092896,0.3103092908859253,0.34273504189767456,-0.30000001192092896,-0.14677420592092896,-0.28989900192092893,-0.30000001192092896,-0.30000001192092896,-0.30000001192092896,1.062032097920929,-0.16721992892092896,0.973676295920929,-0.30000001192092896,-0.24825336652523802
1.2999999523162842,0.3315170962170105,-0.30000001192092896,0.3103092908859253,0.3598290588976746,-0.30000001192092896,-0.25161291492092897,-0.28989900192092893,-0.30000001192092896,-0.30000001192092896,-0.30000001192092896,0.825401081920929,-0.05103735592092895,0.830881789920929,-0.30000001192092896,-0.253929517525238
1.2999999523162842,0.3606131552170105,-0.30000001192092896,0.3103092908859253,0.3170940158976746,-0.30000001192092896,-0.21935485092092893,-0.28989900192092893,-0.30000001192092896,-0.30000001192092896,-0.30000001192092896,0.9417112419209289,-0.30000001192092896,0.30000001192092896,-0.30000001192092896,-0.29984189552523804
1.2999999523162842,0.5423589372170106,-0.30000001192092896,0.3103092908859253,0.5222222208976746,-0.30000001192092896,-0.30000001192092896,-0.30000001192092896,-0.30000001192092896,-0.30000001192092896,-0.30000001192092896,0.30000001192092896,-0.30000001192092896,0.30000001192092896,-0.30000001192092896,-0.29990043962523805
1.2999999523162842,0.3336312402170105,-0.30000001192092896,0.3103092908859253,0.3598290588976746,-0.30000001192092896,-0.26774194692092895,-0.259595971920929,-0.30000001192092896,-0.30000001192092896,-0.30000001192092896,0.30000001192092896,-0.30000001192092896,0.30000001192092896,-0.30000001192092896,-0.299843447525238
1.2999999523162842,0.4524037702170105,-0.30000001192092896,0.3103092908859253,0.5222222208976746,-0.30000001192092896,-0.30000001192092896,-0.30000001192092896,-0.30000001192092896,-0.30000001192092896,-0.30000001192092896,0.30000001192092896,-0.30000001192092896,0.30000001192092896,-0.30000001192092896,-0.299002979525238
1.2999999523162842,0.4521008412170105,-0.30000001192092896,0.3103092908859253,0.5222222208976746,-0.30000001192092896,-0.30000001192092896,-0.30000001192092896,-0.30000001192092896,-0.30000001192092896,-0.30000001192092896,0.30000001192092896,-0.30000001192092896,0.30000001192092896,-0.30000001192092896,-0.29983812552523803
1.2999999523162842,0.3609109342170105,-0.30000001192092896,0.3103092908859253,0.3170940158976746,-0.30000001192092896,-0.06612904392092894,-0.007070718920928976,-0.30000001192092896,-0.30000001192092896,-0.30000001192092896,0.30000001192092896,-0.30000001192092896,0.30000001192092896,-0.30000001192092896,-0.299845221525238
1.2999999523162842,0.3006158812170105,-0.30000001192092896,0.3103092908859253,0.34273504189767456,-0.30000001192092896,-0.16290323792092895,-0.28989900192092893,-0.30000001192092896,-0.30000001192092896,-0.30000001192092896,1.038636375920929,-0.16307055092092895,1.104964719920929,-0.30000001192092896,-0.24904194252523804
1.2999999523162842,0.6029396522170105,-0.30000001192092896,0.3103092908859253,0.3769230758976746,-0.30000001192092896,-0.30000001192092896,-0.30000001192092896,-0.30000001192092896,-0.30000001192092896,-0.30000001192092896,0.30000001192092896,-0.2875518789209289,1.119382977920929,-0.30000001192092896,-0.299795103525238
1.2999999523162842,0.3909091172170105,-0.30000001192092896,0.3103092908859253,0.5222222208976746,-0.30000001192092896,-0.30000001192092896,-0.30000001192092896,-0.30000001192092896,-0.30000001192092896,-0.30000001192092896,0.30000001192092896,-0.29170125692092896,0.9734403289209289,-0.30000001192092896,-0.29863485952523805
1.2999999523162842,0.3348372012170105,-0.30000001192092896,0.3103092908859253,0.3085470078976746,-0.30000001192092896,0.030645149079071066,-0.28989900192092893,-0.30000001192092896,-0.30000001192092896,-0.30000001192092896,1.142246000920929,-0.30000001192092896,0.30000001192092896,-0.30000001192092896,-0.299843225525238
1.2999999523162842,0.30275335121701047,-0.30000001192092896,0.3103092908859253,0.3512820498976746,-0.30000001192092896,-0.22741936692092896,-0.28989900192092893,-0.30000001192092896,-0.30000001192092896,-0.30000001192092896,0.919652417920929,-0.30000001192092896,0.30000001192092896,-0.30000001192092896,-0.29983967752523805
1.2999999523162842,0.3036627442170105,-0.30000001192092896,0.3103092908859253,0.3598290588976746,-0.30000001192092896,-0.17096775392092894,-0.13838384992092895,-0.30000001192092896,-0.30000001192092896,-0.30000001192092896,0.30000001192092896,-0.30000001192092896,0.30000001192092896,-0.30000001192092896,-0.29983856852523805
1.2999999523162842,0.45149498221701045,-0.30000001192092896,0.3103092908859253,0.5222222208976746,-0.30000001192092896,-0.30000001192092896,-0.30000001192092896,-0.30000001192092896,-0.30000001192092896,-0.30000001192092896,0.30000001192092896,-0.30000001192092896,0.30000001192092896,-0.30000001192092896,-0.29922074752523803
1.2999999523162842,0.3318233582170105,-0.30000001192092896,0.3618556828859253,0.5393162378976746,-0.30000001192092896,-0.30000001192092896,-0.30000001192092896,0.699999988079071,-0.30000001192092896,-0.30000001192092896,0.30000001192092896,-0.24605810292092894,1.019762921920929,-0.30000001192092896,-0.23009859952523803
1.2999999523162842,0.42180790821701053,-0.30000001192092896,0.3103092908859253,0.5136752128976746,-0.30000001192092896,-0.30000001192092896,-0.30000001192092896,-0.30000001192092896,-0.30000001192092896,-0.30000001192092896,0.30000001192092896,-0.30000001192092896,0.30000001192092896,-0.30000001192092896,-0.299870723525238
1.2999999523162842,0.5438884272170105,-0.30000001192092896,0.3103092908859253,0.5136752128976746,-0.30000001192092896,-0.30000001192092896,-0.30000001192092896,-0.30000001192092896,-0.30000001192092896,-0.30000001192092896,0.30000001192092896,-0.30000001192092896,0.30000001192092896,-0.30000001192092896,-0.299900661325238
1.2999999523162842,0.3914977092170105,-0.30000001192092896,0.3103092908859253,0.3683760668976746,-0.30000001192092896,-0.25967743092092893,-0.28989900192092893,-0.30000001192092896,-0.30000001192092896,-0.30000001192092896,0.7812834339209289,-0.30000001192092896,0.30000001192092896,-0.30000001192092896,-0.29985653152523806
1.2999999523162842,0.3024370922170105,-0.30000001192092896,0.3103092908859253,0.3170940158976746,-0.30000001192092896,-0.23548388292092895,-0.21919193092092895,-0.30000001192092896,-0.30000001192092896,-0.30000001192092896,0.30000001192092896,-0.30000001192092896,0.30000001192092896,-0.30000001192092896,-0.29983768152523804
1.2999999523162842,0.3330326512170105,-0.30000001192092896,0.3412371258859253,0.5393162378976746,-0.30000001192092896,-0.30000001192092896,-0.30000001192092896,-0.30000001192092896,-0.30000001192092896,-0.30000001192092896,0.30000001192092896,-0.24605810292092894,0.920659170920929,-0.30000001192092896,-0.27833989252523805
1.2999999523162842,0.3315049792170105,-0.30000001192092896,0.4752577448859253,0.5393162378976746,-0.30000001192092896,-0.30000001192092896,-0.30000001192092896,0.699999988079071,-0.30000001192092896,-0.30000001192092896,0.30000001192092896,-0.24605810292092894,1.1978775169209288,-0.30000001192092896,-0.27516496552523806
1.2999999523162842,0.6335555082170106,-0.30000001192092896,0.3103092908859253,0.5136752128976746,-0.30000001192092896,-0.30000001192092896,-0.30000001192092896,-0.30000001192092896,-0.30000001192092896,-0.30000001192092896,0.30000001192092896,-0.30000001192092896,0.30000001192092896,-0.30000001192092896,-0.299214759525238
1.2999999523162842,0.42150497921701047,-0.30000001192092896,0.3103092908859253,0.5051282038976745,-0.30000001192092896,-0.30000001192092896,-0.30000001192092896,-0.30000001192092896,-0.30000001192092896,-0.30000001192092896,0.30000001192092896,-0.30000001192092896,0.30000001192092896,-0.30000001192092896,-0.299900661325238
1.2999999523162842,0.5129896362170105,-0.30000001192092896,0.3103092908859253,0.5222222208976746,-0.30000001192092896,-0.30000001192092896,-0.30000001192092896,-0.30000001192092896,-0.30000001192092896,-0.30000001192092896,0.30000001192092896,-0.30000001192092896,0.30000001192092896,-0.30000001192092896,-0.299900661325238
1.2999999523162842,0.5735755012170105,-0.30000001192092896,0.3103092908859253,0.5136752128976746,-0.30000001192092896,-0.30000001192092896,-0.30000001192092896,-0.30000001192092896,-0.30000001192092896,-0.30000001192092896,0.30000001192092896,-0.30000001192092896,0.30000001192092896,-0.30000001192092896,-0.29990132662523805
1.2999999523162842,0.4527067002170105,-0.30000001192092896,0.3103092908859253,0.5222222208976746,-0.30000001192092896,-0.30000001192092896,-0.30000001192092896,-0.30000001192092896,-0.30000001192092896,-0.30000001192092896,0.30000001192092896,-0.29170125692092896,0.897441642920929,-0.30000001192092896,-0.29916020752523803
1.2999999523162842,0.3018415332170105,-0.30000001192092896,0.3103092908859253,0.3256410248976746,-0.30000001192092896,0.10322579407907106,0.20505049307907108,-0.30000001192092896,-0.30000001192092896,-0.30000001192092896,0.30000001192092896,-0.30000001192092896,0.30000001192092896,-0.30000001192092896,-0.29983768152523804
1.2999999523162842,0.6635240032170104,-0.30000001192092896,0.3103092908859253,0.3769230758976746,-0.30000001192092896,-0.30000001192092896,-0.30000001192092896,-0.30000001192092896,-0.30000001192092896,-0.30000001192092896,0.30000001192092896,-0.30000001192092896,0.30000001192092896,-0.30000001192092896,-0.29947510552523804
1.2999999523162842,0.5438884272170105,-0.30000001192092896,0.3103092908859253,0.5136752128976746,-0.30000001192092896,-0.30000001192092896,-0.30000001192092896,-0.30000001192092896,-0.30000001192092896,-0.30000001192092896,0.30000001192092896,-0.30000001192092896,0.30000001192092896,-0.30000001192092896,-0.29990088312523805
1.2999999523162842,0.3918179052170105,-0.30000001192092896,0.3103092908859253,0.5222222208976746,-0.30000001192092896,-0.30000001192092896,-0.30000001192092896,-0.30000001192092896,-0.30000001192092896,-0.30000001192092896,0.30000001192092896,-0.2875518789209289,1.1441927509209289,-0.30000001192092896,-0.29873354252523804
1.2999999523162842,0.4820826652170105,-0.30000001192092896,0.48556702288592535,0.5393162378976746,-0.30000001192092896,-0.30000001192092896,-0.30000001192092896,-0.30000001192092896,-0.30000001192092896,-0.30000001192092896,0.30000001192092896,-0.24605810292092894,0.973676295920929,-0.30000001192092896,-0.295181623525238
1.2999999523162842,0.42329256521701053,-0.30000001192092896,0.3103092908859253,0.3940170928976746,-0.30000001192092896,-0.28387097992092897,-0.28989900192092893,-0.30000001192092896,-0.30000001192092896,-0.30000001192092896,0.575401081920929,-0.30000001192092896,0.30000001192092896,-0.30000001192092896,-0.25342191052523805
1.2999999523162842,0.3024255812170105,-0.30000001192092896,0.3103092908859253,0.33418803289767457,-0.30000001192092896,-0.017741946920928953,-0.28989900192092893,-0.30000001192092896,-0.30000001192092896,-0.30000001192092896,1.142246000920929,-0.23360997092092894,0.918342235920929,-0.30000001192092896,-0.24777747152523805
1.2999999523162842,0.48239377421701046,-0.30000001192092896,0.3103092908859253,0.5136752128976746,-0.30000001192092896,-0.30000001192092896,-0.30000001192092896,0.699999988079071,-0.30000001192092896,-0.30000001192092896,0.30000001192092896,-0.30000001192092896,0.30000001192092896,-0.30000001192092896,-0.299569574525238
1.2999999523162842,0.3054630532170105,-0.30000001192092896,0.3103092908859253,0.3256410248976746,-0.30000001192092896,-0.017741946920928953,-0.28989900192092893,-0.30000001192092896,-0.30000001192092896,-0.30000001192092896,1.142246000920929,-0.30000001192092896,0.30000001192092896,-0.30000001192092896,-0.29984034252523806
1.2999999523162842,0.4211790272170105,-0.30000001192092896,0.3103092908859253,0.3598290588976746,-0.30000001192092896,-0.30000001192092896,-0.30000001192092896,-0.30000001192092896,-0.30000001192092896,-0.30000001192092896,0.30000001192092896,-0.30000001192092896,0.30000001192092896,-0.30000001192092896,-0.299708839525238
1.2999999523162842,0.42271669621701047,-0.30000001192092896,0.3103092908859253,0.5222222208976746,-0.30000001192092896,-0.30000001192092896,-0.30000001192092896,-0.30000001192092896,-0.30000001192092896,-0.30000001192092896,0.30000001192092896,-0.30000001192092896,0.30000001192092896,-0.30000001192092896,-0.29896993752523804
1.2999999523162842,0.45178609721701046,-0.30000001192092896,0.3103092908859253,0.3512820498976746,-0.30000001192092896,-0.25161291492092897,-0.23939395092092897,-0.30000001192092896,-0.30000001192092896,-0.30000001192092896,0.30000001192092896,-0.30000001192092896,0.30000001192092896,-0.30000001192092896,-0.299854978525238
1.2999999523162842,0.4224137672170105,-0.30000001192092896,0.3103092908859253,0.5222222208976746,-0.30000001192092896,-0.30000001192092896,-0.30000001192092896,-0.30000001192092896,-0.30000001192092896,-0.30000001192092896,0.30000001192092896,-0.295850633920929,1.112000005920929,-0.30000001192092896,-0.29918526552523805
1.2999999523162842,0.3009251722170105,-0.30000001192092896,0.3103092908859253,0.3683760668976746,-0.30000001192092896,-0.26774194692092895,-0.28989900192092893,-0.30000001192092896,-0.30000001192092896,-0.30000001192092896,0.7278074989209289,-0.30000001192092896,0.30000001192092896,-0.30000001192092896,-0.25051553352523803
1.2999999523162842,0.9061919012170105,-0.30000001192092896,0.3103092908859253,0.3769230758976746,-0.30000001192092896,-0.30000001192092896,-0.30000001192092896,-0.30000001192092896,-0.30000001192092896,-0.30000001192092896,0.30000001192092896,-0.283402501920929,0.8365443559209289,-0.30000001192092896,-0.299657613525238
1.2999999523162842,0.3315349692170105,-0.30000001192092896,0.3103092908859253,0.3512820498976746,-0.30000001192092896,-0.30000001192092896,-0.30000001192092896,0.699999988079071,-0.30000001192092896,-0.30000001192092896,0.30000001192092896,-0.30000001192092896,0.30000001192092896,-0.30000001192092896,-0.29987050252523806
1.2999999523162842,0.5435854982170105,-0.30000001192092896,0.3103092908859253,0.5222222208976746,-0.30000001192092896,-0.30000001192092896,-0.30000001192092896,-0.30000001192092896,-0.30000001192092896,-0.30000001192092896,0.30000001192092896,-0.2875518789209289,0.940819772920929,-0.30000001192092896,-0.29889542652523804
0.2999999523162842,0.30303113721701047,-0.16060338192092896,0.3000000128859253,0.3769230758976746,0.699999988079071,-0.30000001192092896,-0.30000001192092896,0.699999988079071,-0.259595971920929,0.07344397107907102,0.30000001192092896,-0.30000001192092896,0.30000001192092896,0.033333321079071054,-0.29659378652523805
0.2999999523162842,0.3306261812170105,-0.07053751192092894,0.3000000128859253,0.3170940158976746,0.699999988079071,-0.30000001192092896,-0.30000001192092896,0.699999988079071,-0.15858587092092896,-0.16307055092092895,0.30000001192092896,-0.18796681692092895,1.067763975920929,-0.23333334492092894,-0.26365898452523806
1.2999999523162842,0.5123837772170106,-0.30000001192092896,0.3103092908859253,0.5222222208976746,-0.30000001192092896,-0.30000001192092896,-0.30000001192092896,-0.30000001192092896,-0.30000001192092896,-0.30000001192092896,0.30000001192092896,-0.30000001192092896,0.30000001192092896,-0.30000001192092896,-0.29965273452523805
1.2999999523162842,0.42271669621701047,-0.30000001192092896,0.3103092908859253,0.5222222208976746,-0.30000001192092896,-0.30000001192092896,-0.30000001192092896,-0.30000001192092896,-0.30000001192092896,-0.30000001192092896,0.30000001192092896,-0.30000001192092896,0.30000001192092896,-0.30000001192092896,-0.278985877525238
1.2999999523162842,0.4820908442170105,-0.30000001192092896,0.3103092908859253,0.5307692298976746,-0.30000001192092896,-0.30000001192092896,-0.30000001192092896,-0.30000001192092896,-0.30000001192092896,-0.30000001192092896,0.30000001192092896,-0.30000001192092896,0.30000001192092896,-0.30000001192092896,-0.29942232652523804
1.2999999523162842,0.3606049762170105,-0.30000001192092896,0.3103092908859253,0.34273504189767456,-0.30000001192092896,-0.13870968892092894,-0.09797980992092895,-0.30000001192092896,-0.30000001192092896,-0.30000001192092896,0.30000001192092896,-0.30000001192092896,0.30000001192092896,-0.30000001192092896,-0.29984100852523804
1.2999999523162842,0.48239377421701046,-0.30000001192092896,0.3103092908859253,0.5051282038976745,-0.30000001192092896,-0.30000001192092896,-0.30000001192092896,-0.30000001192092896,-0.30000001192092896,-0.30000001192092896,0.30000001192092896,-0.30000001192092896,0.30000001192092896,-0.30000001192092896,-0.29990088312523805
1.2999999523162842,0.4212020502170105,-0.30000001192092896,0.3103092908859253,0.3512820498976746,-0.30000001192092896,-0.29193549592092893,-0.28989900192092893,-0.30000001192092896,-0.30000001192092896,-0.30000001192092896,0.4610962689209289,0.699999988079071,0.737751744920929,-0.30000001192092896,-0.263739483525238
1.2999999523162842,0.5423737802170105,-0.30000001192092896,0.3103092908859253,0.3769230758976746,-0.30000001192092896,-0.30000001192092896,-0.30000001192092896,-0.30000001192092896,-0.30000001192092896,-0.30000001192092896,0.30000001192092896,-0.30000001192092896,0.30000001192092896,-0.30000001192092896,-0.29990465302523805
1.2999999523162842,0.30335739221701047,-0.30000001192092896,0.3103092908859253,0.3256410248976746,-0.30000001192092896,-0.07419355992092896,-0.28989900192092893,-0.30000001192092896,-0.30000001192092896,-0.30000001192092896,1.104812845920929,-0.21286308292092895,1.105094860920929,-0.30000001192092896,-0.25103688952523806
1.2999999523162842,0.4820908442170105,-0.30000001192092896,0.3103092908859253,0.5222222208976746,-0.30000001192092896,-0.30000001192092896,-0.30000001192092896,-0.30000001192092896,-0.30000001192092896,-0.30000001192092896,0.30000001192092896,-0.30000001192092896,0.30000001192092896,-0.30000001192092896,-0.29900164952523806
1.2999999523162842,0.42150497921701047,-0.30000001192092896,0.3103092908859253,0.3940170928976746,-0.30000001192092896,-0.27580646392092895,-0.26969698192092895,-0.30000001192092896,-0.30000001192092896,-0.30000001192092896,0.30000001192092896,-0.30000001192092896,0.30000001192092896,-0.30000001192092896,-0.299856309525238
1.2999999523162842,0.33059588821701047,-0.30000001192092896,0.3103092908859253,0.2999999988976746,-0.30000001192092896,-0.30000001192092896,-0.30000001192092896,-0.30000001192092896,-0.30000001192092896,-0.30000001192092896,0.30000001192092896,-0.30000001192092896,0.30000001192092896,-0.30000001192092896,-0.299870945525238
1.2999999523162842,0.3330429512170105,-0.30000001192092896,0.3103092908859253,0.33418803289767457,-0.30000001192092896,-0.07419355992092896,-0.01717172892092894,-0.30000001192092896,-0.30000001192092896,-0.30000001192092896,0.30000001192092896,-0.30000001192092896,0.30000001192092896,-0.30000001192092896,-0.29271898652523803
1.2999999523162842,0.3921087172170105,-0.30000001192092896,0.3103092908859253,0.38547008389767456,-0.30000001192092896,-0.26774194692092895,-0.28989900192092893,-0.30000001192092896,-0.30000001192092896,-0.30000001192092896,0.7278074989209289,-0.30000001192092896,0.30000001192092896,-0.30000001192092896,-0.265609135525238
1.2999999523162842,0.4235967062170105,-0.30000001192092896,0.3103092908859253,0.5136752128976746,-0.30000001192092896,-0.30000001192092896,-0.30000001192092896,-0.30000001192092896,-0.30000001192092896,-0.30000001192092896,0.30000001192092896,-0.29170125692092896,0.981370357920929,-0.30000001192092896,-0.29957844552523805
1.2999999523162842,0.30121659021701047,-0.30000001192092896,0.5164948578859253,0.3598290588976746,-0.30000001192092896,-0.28387097992092897,-0.28989900192092893,-0.30000001192092896,-0.30000001192092896,-0.30000001192092896,0.30000001192092896,-0.30000001192092896,0.30000001192092896,-0.30000001192092896,-0.293253204525238
1.2999999523162842,0.4514662042170105,-0.30000001192092896,0.3103092908859253,0.5051282038976745,-0.30000001192092896,-0.30000001192092896,-0.30000001192092896,-0.30000001192092896,-0.30000001192092896,-0.30000001192092896,0.30000001192092896,-0.30000001192092896,0.30000001192092896,-0.30000001192092896,-0.29990088312523805
1.2999999523162842,0.39363548121701053,-0.30000001192092896,0.3103092908859253,0.5051282038976745,-0.30000001192092896,-0.30000001192092896,-0.30000001192092896,-0.30000001192092896,-0.30000001192092896,-0.30000001192092896,0.30000001192092896,-0.29170125692092896,0.990216424920929,-0.30000001192092896,-0.299002757525238
1.2999999523162842,0.4221108382170105,-0.30000001192092896,0.3103092908859253,0.5051282038976745,-0.30000001192092896,-0.30000001192092896,-0.30000001192092896,-0.30000001192092896,-0.30000001192092896,-0.30000001192092896,0.30000001192092896,-0.30000001192092896,0.30000001192092896,-0.30000001192092896,-0.29573912652523804
1.2999999523162842,0.4514840772170105,-0.30000001192092896,0.3103092908859253,0.5051282038976745,-0.30000001192092896,-0.29193549592092893,-0.28989900192092893,-0.30000001192092896,-0.30000001192092896,-0.30000001192092896,0.4610962689209289,-0.30000001192092896,0.30000001192092896,-0.30000001192092896,-0.29989445252523805
1.2999999523162842,0.3006219402170105,-0.30000001192092896,0.3103092908859253,0.3598290588976746,-0.30000001192092896,-0.18709678592092896,-0.15858587092092896,-0.30000001192092896,-0.30000001192092896,-0.30000001192092896,0.30000001192092896,-0.30000001192092896,0.30000001192092896,-0.30000001192092896,-0.29806360752523803
1.2999999523162842,0.3054624482170105,-0.30000001192092896,0.3103092908859253,0.3598290588976746,-0.30000001192092896,-0.25161291492092897,-0.23939395092092897,-0.30000001192092896,-0.30000001192092896,-0.30000001192092896,0.30000001192092896,-0.30000001192092896,0.30000001192092896,-0.30000001192092896,-0.29983590752523803
1.2999999523162842,0.3615249722170105,-0.30000001192092896,0.3103092908859253,0.46239316089767457,-0.30000001192092896,-0.30000001192092896,-0.30000001192092896,-0.30000001192092896,-0.30000001192092896,-0.30000001192092896,0.30000001192092896,-0.29170125692092896,0.7584912959209289,-0.30000001192092896,-0.29921076852523804
1.2999999523162842,0.3027360842170105,-0.30000001192092896,0.3103092908859253,0.3598290588976746,-0.30000001192092896,-0.21129033492092897,-0.28989900192092893,-0.30000001192092896,-0.30000001192092896,-0.30000001192092896,0.9610962689209289,-0.12987553092092896,1.110981954920929,-0.30000001192092896,-0.254355073525238
1.2999999523162842,0.3048471982170105,-0.30000001192092896,0.3103092908859253,0.3512820498976746,-0.30000001192092896,-0.16290323792092895,-0.28989900192092893,-0.30000001192092896,-0.30000001192092896,-0.30000001192092896,1.038636375920929,-0.30000001192092896,0.30000001192092896,-0.30000001192092896,-0.29983923452523803
1.2999999523162842,0.3615249722170105,-0.30000001192092896,0.3103092908859253,0.3683760668976746,-0.30000001192092896,-0.29193549592092893,-0.28989900192092893,-0.30000001192092896,-0.30000001192092896,-0.30000001192092896,0.4610962689209289,0.19377592207907107,0.7071134619209289,-0.30000001192092896,-0.25389958052523803
1.2999999523162842,0.5738784302170106,-0.30000001192092896,0.3103092908859253,0.5136752128976746,-0.30000001192092896,-0.30000001192092896,-0.30000001192092896,-0.30000001192092896,-0.30000001192092896,-0.30000001192092896,0.30000001192092896,-0.2875518789209289,0.695747523920929,-0.30000001192092896,-0.298314417525238
1.2999999523162842,0.4221108382170105,-0.30000001192092896,0.3103092908859253,0.5051282038976745,-0.30000001192092896,-0.30000001192092896,-0.30000001192092896,-0.30000001192092896,-0.30000001192092896,-0.30000001192092896,0.30000001192092896,-0.295850633920929,0.979299344920929,-0.30000001192092896,-0.29978822952523804
1.2999999523162842,0.4224137672170105,-0.30000001192092896,0.3103092908859253,0.5051282038976745,-0.30000001192092896,-0.30000001192092896,-0.30000001192092896,-0.30000001192092896,-0.30000001192092896,-0.30000001192092896,0.30000001192092896,-0.30000001192092896,0.30000001192092896,-0.30000001192092896,-0.29127732952523805
1.2999999523162842,0.3333507272170105,-0.30000001192092896,0.3103092908859253,0.3940170928976746,-0.30000001192092896,-0.30000001192092896,-0.30000001192092896,0.699999988079071,-0.30000001192092896,-0.30000001192092896,0.30000001192092896,-0.30000001192092896,0.30000001192092896,-0.30000001192092896,-0.29987050252523806
1.2999999523162842,0.3054666892170105,-0.30000001192092896,0.3103092908859253,0.3598290588976746,-0.30000001192092896,-0.14677420592092896,-0.10808081992092897,-0.30000001192092896,-0.30000001192092896,-0.30000001192092896,0.30000001192092896,-0.30000001192092896,0.30000001192092896,-0.30000001192092896,-0.29984034252523806
1.2999999523162842,0.7241313762170105,-0.30000001192092896,0.3103092908859253,0.3769230758976746,-0.30000001192092896,-0.30000001192092896,-0.30000001192092896,-0.30000001192092896,-0.30000001192092896,-0.30000001192092896,0.30000001192092896,-0.30000001192092896,0.30000001192092896,-0.30000001192092896,-0.29990465302523805
1.2999999523162842,0.3042540632170105,-0.30000001192092896,0.3103092908859253,0.34273504189767456,-0.30000001192092896,-0.22741936692092896,-0.28989900192092893,-0.30000001192092896,-0.30000001192092896,-0.30000001192092896,0.919652417920929,-0.30000001192092896,0.30000001192092896,-0.30000001192092896,-0.25223195052523806
1.2999999523162842,0.3000197166170105,-0.30000001192092896,0.3103092908859253,0.2999999988976746,-0.30000001192092896,-0.001612914920928965,0.07373736207907106,-0.30000001192092896,-0.30000001192092896,-0.30000001192092896,0.30000001192092896,-0.30000001192092896,0.30000001192092896,-0.30000001192092896,-0.299949004925238
1.2999999523162842,0.5126867062170105,-0.30000001192092896,0.3103092908859253,0.5222222208976746,-0.30000001192092896,-0.30000001192092896,-0.30000001192092896,-0.30000001192092896,-0.30000001192092896,-0.30000001192092896,0.30000001192092896,-0.30000001192092896,0.30000001192092896,-0.30000001192092896,-0.29916065052523805
1.2999999523162842,0.5429714602170105,-0.30000001192092896,0.3103092908859253,0.5222222208976746,-0.30000001192092896,-0.30000001192092896,-0.30000001192092896,-0.30000001192092896,-0.30000001192092896,-0.30000001192092896,0.30000001192092896,-0.30000001192092896,0.30000001192092896,-0.30000001192092896,-0.29990088312523805
1.2999999523162842,0.5429796392170105,-0.30000001192092896,0.3103092908859253,0.5222222208976746,-0.30000001192092896,-0.30000001192092896,-0.30000001192092896,-0.30000001192092896,-0.30000001192092896,-0.30000001192092896,0.30000001192092896,-0.30000001192092896,0.30000001192092896,-0.30000001192092896,-0.29990088312523805
1.2999999523162842,0.5729481342170105,-0.30000001192092896,0.3103092908859253,0.3769230758976746,-0.30000001192092896,-0.30000001192092896,-0.30000001192092896,-0.30000001192092896,-0.30000001192092896,-0.30000001192092896,0.30000001192092896,-0.295850633920929,1.044382434920929,-0.30000001192092896,-0.29973988552523806
1.2999999523162842,0.5120808482170105,-0.30000001192092896,0.3103092908859253,0.5222222208976746,-0.30000001192092896,-0.30000001192092896,-0.30000001192092896,-0.30000001192092896,-0.30000001192092896,-0.30000001192092896,0.30000001192092896,-0.30000001192092896,0.30000001192092896,-0.30000001192092896,-0.29990088312523805
1.2999999523162842,0.42271669621701047,-0.30000001192092896,0.3103092908859253,0.5051282038976745,-0.30000001192092896,-0.30000001192092896,-0.30000001192092896,-0.30000001192092896,-0.30000001192092896,-0.30000001192092896,0.30000001192092896,-0.30000001192092896,0.30000001192092896,-0.30000001192092896,-0.298966389525238
1.2999999523162842,0.3006155782170105,-0.30000001192092896,0.44432990988592536,0.4111111098976746,-0.30000001192092896,-0.30000001192092896,-0.30000001192092896,-0.30000001192092896,-0.30000001192092896,-0.30000001192092896,0.30000001192092896,-0.24605810292092894,1.010245103920929,-0.30000001192092896,-0.283202852525238
1.2999999523162842,0.4539172052170105,-0.30000001192092896,0.3103092908859253,0.5222222208976746,-0.30000001192092896,-0.30000001192092896,-0.30000001192092896,-0.30000001192092896,-0.30000001192092896,-0.30000001192092896,0.30000001192092896,-0.295850633920929,0.748362389920929,-0.30000001192092896,-0.299003866525238
1.2999999523162842,0.8755745312170105,-0.30000001192092896,0.3103092908859253,0.3769230758976746,-0.30000001192092896,-0.30000001192092896,-0.30000001192092896,-0.30000001192092896,-0.30000001192092896,-0.30000001192092896,0.30000001192092896,-0.29170125692092896,1.044382434920929,-0.30000001192092896,-0.29919834952523805
1.2999999523162842,0.3612220432170105,-0.30000001192092896,0.3103092908859253,0.3512820498976746,-0.30000001192092896,-0.21935485092092893,-0.19898991092092894,-0.30000001192092896,-0.30000001192092896,-0.30000001192092896,0.8782085679209289,0.09834023707907102,0.831649561920929,-0.30000001192092896,-0.24932601652523803
1.2999999523162842,0.4817867032170105,-0.30000001192092896,0.7432989818859252,0.5393162378976746,-0.30000001192092896,-0.30000001192092896,-0.30000001192092896,-0.30000001192092896,-0.30000001192092896,-0.30000001192092896,0.30000001192092896,-0.24605810292092894,0.808402569920929,-0.30000001192092896,-0.295432211525238
1.2999999523162842,0.3324183112170105,-0.30000001192092896,0.3103092908859253,0.34273504189767456,-0.30000001192092896,-0.07419355992092896,-0.28989900192092893,-0.30000001192092896,-0.30000001192092896,-0.30000001192092896,1.0914438619209288,-0.30000001192092896,0.30000001192092896,-0.30000001192092896,-0.250737514525238
1.2999999523162842,0.3048720382170105,-0.30000001192092896,0.3103092908859253,0.3170940158976746,-0.30000001192092896,-0.09032259292092895,-0.28989900192092893,-0.30000001192092896,-0.30000001192092896,-0.30000001192092896,1.099465252920929,-0.19211619492092896,1.077492108920929,-0.30000001192092896,-0.25087079152523806
1.2999999523162842,0.39242376421701053,-0.30000001192092896,0.3103092908859253,0.5051282038976745,-0.30000001192092896,-0.30000001192092896,-0.30000001192092896,-0.30000001192092896,-0.30000001192092896,-0.30000001192092896,0.30000001192092896,-0.30000001192092896,0.30000001192092896,-0.30000001192092896,-0.299901104925238
1.2999999523162842,0.4233225552170105,-0.30000001192092896,0.3103092908859253,0.5051282038976745,-0.30000001192092896,-0.30000001192092896,-0.30000001192092896,-0.30000001192092896,-0.30000001192092896,-0.30000001192092896,0.30000001192092896,-0.30000001192092896,0.30000001192092896,-0.30000001192092896,-0.291266019525238
1.2999999523162842,0.4212020502170105,-0.30000001192092896,0.3103092908859253,0.5222222208976746,-0.30000001192092896,-0.30000001192092896,-0.30000001192092896,-0.30000001192092896,-0.30000001192092896,-0.30000001192092896,0.30000001192092896,-0.30000001192092896,0.30000001192092896,-0.30000001192092896,-0.29896683252523804
1.2999999523162842,0.3618279022170105,-0.30000001192092896,0.3103092908859253,0.3512820498976746,-0.30000001192092896,-0.20322581792092898,-0.28989900192092893,-0.30000001192092896,-0.30000001192092896,-0.30000001192092896,0.981818193920929,-0.30000001192092896,0.30000001192092896,-0.30000001192092896,-0.299862075525238
1.2999999523162842,0.5432686332170105,-0.30000001192092896,0.3103092908859253,0.5051282038976745,-0.30000001192092896,-0.30000001192092896,-0.30000001192092896,-0.30000001192092896,-0.30000001192092896,-0.30000001192092896,0.30000001192092896,-0.30000001192092896,0.30000001192092896,-0.30000001192092896,-0.29939948552523804
1.2999999523162842,0.3027448692170105,-0.30000001192092896,0.3103092908859253,0.3256410248976746,-0.30000001192092896,-0.26774194692092895,-0.259595971920929,-0.30000001192092896,-0.30000001192092896,-0.30000001192092896,0.30000001192092896,-0.30000001192092896,0.30000001192092896,-0.30000001192092896,-0.29983879052523804
1.2999999523162842,0.4817603482170105,-0.30000001192092896,0.5061855798859253,0.5393162378976746,-0.30000001192092896,-0.30000001192092896,-0.30000001192092896,-0.30000001192092896,-0.30000001192092896,-0.30000001192092896,0.30000001192092896,-0.24605810292092894,1.088932179920929,-0.30000001192092896,-0.295147251525238
1.2999999523162842,0.4524037702170105,-0.30000001192092896,0.3103092908859253,0.5222222208976746,-0.30000001192092896,-0.30000001192092896,-0.30000001192092896,-0.30000001192092896,-0.30000001192092896,-0.30000001192092896,0.30000001192092896,-0.295850633920929,0.9734403289209289,-0.30000001192092896,-0.29895729752523803
1.2999999523162842,0.4214968002170105,-0.30000001192092896,0.4030927968859253,0.5393162378976746,-0.30000001192092896,-0.30000001192092896,-0.30000001192092896,-0.30000001192092896,-0.30000001192092896,-0.30000001192092896,0.30000001192092896,-0.24605810292092894,0.973676295920929,-0.30000001192092896,-0.29516077852523803
1.2999999523162842,0.3912020502170105,-0.30000001192092896,0.3103092908859253,0.5222222208976746,-0.30000001192092896,-0.30000001192092896,-0.30000001192092896,-0.30000001192092896,-0.30000001192092896,-0.30000001192092896,0.30000001192092896,-0.295850633920929,1.092871814920929,-0.30000001192092896,-0.29910809352523804
1.2999999523162842,0.42271669621701047,-0.30000001192092896,0.3103092908859253,0.5222222208976746,-0.30000001192092896,-0.30000001192092896,-0.30000001192092896,-0.30000001192092896,-0.30000001192092896,-0.30000001192092896,0.30000001192092896,-0.295850633920929,0.9899074149209289,-0.30000001192092896,-0.29928638852523803
1.2999999523162842,0.3918179052170105,-0.30000001192092896,0.3103092908859253,0.4880341868976746,-0.30000001192092896,-0.28387097992092897,-0.28989900192092893,-0.30000001192092896,-0.30000001192092896,-0.30000001192092896,0.575401081920929,0.12738588007907103,1.1082968329209288,-0.30000001192092896,-0.266831916525238
0.2999999523162842,0.30547698821701047,-0.09762275392092895,0.3000000128859253,0.3256410248976746,0.699999988079071,-0.30000001192092896,-0.30000001192092896,0.699999988079071,0.033333321079071054,-0.18381743892092894,0.30000001192092896,-0.30000001192092896,0.30000001192092896,-0.16666667892092896,-0.29884530852523805
1.2999999523162842,0.4817879152170105,-0.30000001192092896,0.3103092908859253,0.5222222208976746,-0.30000001192092896,-0.30000001192092896,-0.30000001192092896,-0.30000001192092896,-0.30000001192092896,-0.30000001192092896,0.30000001192092896,-0.30000001192092896,0.30000001192092896,-0.30000001192092896,-0.29939992852523806
1.2999999523162842,0.3054748682170105,-0.30000001192092896,0.3103092908859253,0.34273504189767456,-0.30000001192092896,0.17580644007907104,-0.28989900192092893,-0.30000001192092896,-0.30000001192092896,-0.30000001192092896,1.167647070920929,-0.27095436892092895,0.973676295920929,-0.30000001192092896,-0.252681012525238
1.2999999523162842,0.3923937742170105,-0.30000001192092896,0.3103092908859253,0.3683760668976746,-0.30000001192092896,-0.27580646392092895,-0.26969698192092895,-0.30000001192092896,-0.30000001192092896,-0.30000001192092896,0.30000001192092896,-0.30000001192092896,0.30000001192092896,-0.30000001192092896,-0.29986140952523804
1.2999999523162842,0.3609097232170105,-0.30000001192092896,0.3103092908859253,0.3940170928976746,-0.30000001192092896,-0.25967743092092893,-0.28989900192092893,-0.30000001192092896,-0.30000001192092896,-0.30000001192092896,0.780614984920929,-0.30000001192092896,0.30000001192092896,-0.30000001192092896,-0.26196230452523805
1.2999999523162842,0.42150497921701047,-0.30000001192092896,0.3103092908859253,0.3598290588976746,-0.30000001192092896,-0.25967743092092893,-0.24949496092092896,-0.30000001192092896,-0.30000001192092896,-0.30000001192092896,0.30000001192092896,-0.30000001192092896,0.30000001192092896,-0.30000001192092896,-0.29985542252523806
1.2999999523162842,0.5123837772170106,-0.30000001192092896,0.3103092908859253,0.5222222208976746,-0.30000001192092896,-0.30000001192092896,-0.30000001192092896,-0.30000001192092896,-0.30000001192092896,-0.30000001192092896,0.30000001192092896,-0.30000001192092896,0.30000001192092896,-0.30000001192092896,-0.299507482525238
1.2999999523162842,0.3918179052170105,-0.30000001192092896,0.3103092908859253,0.38547008389767456,-0.30000001192092896,-0.30000001192092896,-0.30000001192092896,-0.30000001192092896,-0.30000001192092896,-0.30000001192092896,0.30000001192092896,-0.30000001192092896,0.30000001192092896,-0.30000001192092896,-0.299517461525238
1.2999999523162842,0.5423737802170105,-0.30000001192092896,0.3103092908859253,0.5136752128976746,-0.30000001192092896,-0.30000001192092896,-0.30000001192092896,-0.30000001192092896,-0.30000001192092896,-0.30000001192092896,0.30000001192092896,-0.30000001192092896,0.30000001192092896,-0.30000001192092896,-0.29127267252523803
1.2999999523162842,0.3006086112170105,-0.30000001192092896,0.3103092908859253,0.3512820498976746,-0.30000001192092896,-0.23548388292092895,-0.21919193092092895,-0.30000001192092896,-0.30000001192092896,-0.30000001192092896,0.30000001192092896,-0.30000001192092896,0.30000001192092896,-0.30000001192092896,-0.29984012152523803
1.2999999523162842,0.33304779821701047,-0.30000001192092896,0.3103092908859253,0.33418803289767457,-0.30000001192092896,-0.17903226992092897,-0.14848485992092897,-0.30000001192092896,-0.30000001192092896,-0.30000001192092896,0.34812835392092895,-0.0012448249209289775,1.126473973920929,-0.30000001192092896,-0.261386173525238
1.2999999523162842,0.3609191142170105,-0.30000001192092896,0.3103092908859253,0.34273504189767456,-0.30000001192092896,-0.26774194692092895,-0.28989900192092893,-0.30000001192092896,-0.30000001192092896,-0.30000001192092896,0.7278074989209289,-0.30000001192092896,0.30000001192092896,-0.30000001192092896,-0.29019869252523806
1.2999999523162842,0.4517979122170105,-0.30000001192092896,0.3103092908859253,0.5136752128976746,-0.30000001192092896,-0.30000001192092896,-0.30000001192092896,-0.30000001192092896,-0.30000001192092896,-0.30000001192092896,0.30000001192092896,-0.30000001192092896,0.30000001192092896,-0.30000001192092896,-0.299897113525238
1.2999999523162842,0.4212020502170105,-0.30000001192092896,0.3103092908859253,0.5222222208976746,-0.30000001192092896,-0.30000001192092896,-0.30000001192092896,-0.30000001192092896,-0.30000001192092896,-0.30000001192092896,0.30000001192092896,-0.30000001192092896,0.30000001192092896,-0.30000001192092896,-0.298966611525238
1.2999999523162842,0.42150497921701047,-0.30000001192092896,0.3103092908859253,0.4880341868976746,-0.30000001192092896,-0.30000001192092896,-0.30000001192092896,-0.30000001192092896,-0.30000001192092896,-0.30000001192092896,0.30000001192092896,-0.30000001192092896,0.30000001192092896,-0.30000001192092896,-0.29923760152523804
1.2999999523162842,0.3333298252170105,-0.30000001192092896,0.3103092908859253,0.3170940158976746,-0.30000001192092896,-0.050000011920928955,0.013131301079071067,-0.30000001192092896,-0.30000001192092896,-0.30000001192092896,0.30000001192092896,-0.30000001192092896,0.30000001192092896,-0.30000001192092896,-0.29983834652523805
1.2999999523162842,0.48239377421701046,-0.30000001192092896,0.3103092908859253,0.5136752128976746,-0.30000001192092896,-0.30000001192092896,-0.30000001192092896,-0.30000001192092896,-0.30000001192092896,-0.30000001192092896,0.30000001192092896,-0.27095436892092895,1.1393229639209288,-0.30000001192092896,-0.298013046525238
1.2999999523162842,0.3045742592170105,-0.30000001192092896,0.3103092908859253,0.3512820498976746,-0.30000001192092896,-0.15483872192092896,-0.28989900192092893,-0.30000001192092896,-0.30000001192092896,-0.30000001192092896,1.0459893169209291,-0.17136930692092894,0.869510518920929,-0.30000001192092896,-0.24841015052523802
1.2999999523162842,0.45298478921701046,-0.30000001192092896,0.3103092908859253,0.5222222208976746,-0.30000001192092896,-0.30000001192092896,-0.30000001192092896,-0.30000001192092896,-0.30000001192092896,-0.30000001192092896,0.30000001192092896,-0.30000001192092896,0.30000001192092896,-0.30000001192092896,-0.299900217825238
1.2999999523162842,0.42271669621701047,-0.30000001192092896,0.3103092908859253,0.5222222208976746,-0.30000001192092896,-0.30000001192092896,-0.30000001192092896,-0.30000001192092896,-0.30000001192092896,-0.30000001192092896,0.30000001192092896,-0.30000001192092896,0.30000001192092896,-0.30000001192092896,-0.299900661325238
1.2999999523162842,0.39242376421701053,-0.30000001192092896,0.3103092908859253,0.5136752128976746,-0.30000001192092896,-0.30000001192092896,-0.30000001192092896,-0.30000001192092896,-0.30000001192092896,-0.30000001192092896,0.30000001192092896,-0.2875518789209289,0.897304123920929,-0.30000001192092896,-0.29901140652523805
1.2999999523162842,0.5129814562170105,-0.30000001192092896,0.3103092908859253,0.5222222208976746,-0.30000001192092896,-0.30000001192092896,-0.30000001192092896,-0.30000001192092896,-0.30000001192092896,-0.30000001192092896,0.30000001192092896,-0.30000001192092896,0.30000001192092896,-0.30000001192092896,-0.29990088312523805
1.2999999523162842,0.3921208342170105,-0.30000001192092896,0.3103092908859253,0.4880341868976746,-0.30000001192092896,-0.30000001192092896,-0.30000001192092896,-0.30000001192092896,-0.30000001192092896,-0.30000001192092896,0.30000001192092896,-0.30000001192092896,0.30000001192092896,-0.30000001192092896,-0.29989955252523803
1.2999999523162842,0.4217921562170105,-0.30000001192092896,0.3103092908859253,0.5222222208976746,-0.30000001192092896,-0.30000001192092896,-0.30000001192092896,-0.30000001192092896,-0.30000001192092896,-0.30000001192092896,0.30000001192092896,-0.29170125692092896,0.979165439920929,-0.30000001192092896,-0.29925622852523803
1.2999999523162842,0.3615037672170105,-0.30000001192092896,0.3103092908859253,0.3512820498976746,-0.30000001192092896,-0.25967743092092893,-0.24949496092092896,-0.30000001192092896,-0.30000001192092896,-0.30000001192092896,0.30000001192092896,-0.30000001192092896,0.30000001192092896,-0.30000001192092896,-0.27542065352523804
1.2999999523162842,0.3318227522170105,-0.30000001192092896,0.3103092908859253,0.3683760668976746,-0.30000001192092896,-0.13870968892092894,-0.28989900192092893,-0.30000001192092896,-0.30000001192092896,-0.30000001192092896,1.037967925920929,-0.30000001192092896,0.30000001192092896,-0.30000001192092896,-0.299841229525238
1.2999999523162842,0.3612147732170105,-0.30000001192092896,0.3412371258859253,0.5393162378976746,-0.30000001192092896,-0.30000001192092896,-0.30000001192092896,-0.30000001192092896,-0.30000001192092896,-0.30000001192092896,0.30000001192092896,-0.24605810292092894,0.766034467920929,-0.30000001192092896,-0.24272446452523805
1.2999999523162842,0.3321168962170105,-0.30000001192092896,0.3103092908859253,0.3085470078976746,-0.30000001192092896,0.022580633079071044,-0.28989900192092893,-0.30000001192092896,-0.30000001192092896,-0.30000001192092896,1.155614984920929,-0.24605810292092894,0.721141444920929,-0.30000001192092896,-0.25088808852523803
1.2999999523162842,0.3615249722170105,-0.30000001192092896,0.3103092908859253,0.3769230758976746,-0.30000001192092896,-0.26774194692092895,-0.259595971920929,-0.30000001192092896,-0.30000001192092896,-0.30000001192092896,0.30000001192092896,-0.30000001192092896,0.30000001192092896,-0.30000001192092896,-0.299859192525238
1.2999999523162842,0.3333525452170105,-0.30000001192092896,0.3103092908859253,0.3170940158976746,-0.30000001192092896,-0.18709678592092896,-0.15858587092092896,-0.30000001192092896,-0.30000001192092896,-0.30000001192092896,0.30000001192092896,-0.30000001192092896,0.30000001192092896,-0.30000001192092896,-0.29984766052523804
1.2999999523162842,0.4236254842170105,-0.30000001192092896,0.3103092908859253,0.5307692298976746,-0.30000001192092896,-0.30000001192092896,-0.30000001192092896,-0.30000001192092896,-0.30000001192092896,-0.30000001192092896,0.30000001192092896,-0.295850633920929,0.9792399689209289,-0.30000001192092896,-0.29888566952523804
1.2999999523162842,0.5432825682170105,-0.30000001192092896,0.3103092908859253,0.5222222208976746,-0.30000001192092896,-0.30000001192092896,-0.30000001192092896,-0.30000001192092896,-0.30000001192092896,-0.30000001192092896,0.30000001192092896,-0.30000001192092896,0.30000001192092896,-0.30000001192092896,-0.299900661325238
1.2999999523162842,0.5123837772170106,-0.30000001192092896,0.3103092908859253,0.5136752128976746,-0.30000001192092896,-0.30000001192092896,-0.30000001192092896,-0.30000001192092896,-0.30000001192092896,-0.30000001192092896,0.30000001192092896,-0.283402501920929,0.917944533920929,-0.30000001192092896,-0.29879297352523804
1.2999999523162842,0.30122719321701047,-0.30000001192092896,0.3103092908859253,0.34273504189767456,-0.30000001192092896,-0.09838710892092895,-0.28989900192092893,-0.30000001192092896,-0.30000001192092896,-0.30000001192092896,1.1021390489209288,-0.30000001192092896,0.30000001192092896,-0.30000001192092896,-0.29983901252523804
1.2999999523162842,0.5435854982170105,-0.30000001192092896,0.3103092908859253,0.5222222208976746,-0.30000001192092896,-0.30000001192092896,-0.30000001192092896,-0.30000001192092896,-0.30000001192092896,-0.30000001192092896,0.30000001192092896,-0.30000001192092896,0.30000001192092896,-0.30000001192092896,-0.299900661325238
1.2999999523162842,0.5129690362170105,-0.30000001192092896,0.3103092908859253,0.5222222208976746,-0.30000001192092896,-0.30000001192092896,-0.30000001192092896,-0.30000001192092896,-0.30000001192092896,-0.30000001192092896,0.30000001192092896,-0.30000001192092896,0.30000001192092896,-0.30000001192092896,-0.29975119552523805
1.2999999523162842,0.3912120462170105,-0.30000001192092896,0.3103092908859253,0.3598290588976746,-0.30000001192092896,-0.26774194692092895,-0.28989900192092893,-0.30000001192092896,-0.30000001192092896,-0.30000001192092896,0.7278074989209289,-0.30000001192092896,0.30000001192092896,-0.30000001192092896,-0.299856087525238
1.2999999523162842,0.3054736562170105,-0.30000001192092896,0.3103092908859253,0.3256410248976746,-0.30000001192092896,-0.08225807692092896,-0.027272738920928963,-0.30000001192092896,-0.30000001192092896,-0.30000001192092896,0.30000001192092896,-0.30000001192092896,0.30000001192092896,-0.30000001192092896,-0.288013032525238
1.2999999523162842,0.4826967032170105,-0.30000001192092896,0.3103092908859253,0.4965811958976746,-0.30000001192092896,-0.30000001192092896,-0.30000001192092896,-0.30000001192092896,-0.30000001192092896,-0.30000001192092896,0.30000001192092896,-0.30000001192092896,0.30000001192092896,-0.30000001192092896,-0.28873064652523805
1.2999999523162842,0.30578082621701047,-0.30000001192092896,0.3103092908859253,0.33418803289767457,-0.30000001192092896,-0.18709678592092896,-0.28989900192092893,-0.30000001192092896,-0.30000001192092896,-0.30000001192092896,1.011229958920929,-0.17136930692092894,0.708840948920929,-0.30000001192092896,-0.25460699252523805
1.2999999523162842,0.4817879152170105,-0.30000001192092896,0.3103092908859253,0.5222222208976746,-0.30000001192092896,-0.30000001192092896,-0.30000001192092896,-0.30000001192092896,-0.30000001192092896,-0.30000001192092896,0.30000001192092896,-0.30000001192092896,0.30000001192092896,-0.30000001192092896,-0.299900661325238
1.2999999523162842,0.6029596462170105,-0.30000001192092896,0.3103092908859253,0.5136752128976746,-0.30000001192092896,-0.30000001192092896,-0.30000001192092896,-0.30000001192092896,-0.30000001192092896,-0.30000001192092896,0.30000001192092896,-0.29170125692092896,0.9747591699209289,-0.30000001192092896,-0.29950681652523803
1.2999999523162842,0.5123537872170105,-0.30000001192092896,0.3103092908859253,0.5136752128976746,-0.30000001192092896,-0.30000001192092896,-0.30000001192092896,-0.30000001192092896,-0.30000001192092896,-0.30000001192092896,0.30000001192092896,-0.30000001192092896,0.30000001192092896,-0.30000001192092896,-0.29961215252523804
1.2999999523162842,0.3039668862170105,-0.30000001192092896,0.3103092908859253,0.34273504189767456,-0.30000001192092896,-0.25967743092092893,-0.28989900192092893,-0.30000001192092896,-0.30000001192092896,-0.30000001192092896,0.7812834339209289,0.007053930079071069,0.755274616920929,-0.30000001192092896,-0.25259275252523805
1.2999999523162842,0.3309291102170105,-0.30000001192092896,0.3103092908859253,0.3512820498976746,-0.30000001192092896,-0.20322581792092898,-0.28989900192092893,-0.30000001192092896,-0.30000001192092896,-0.30000001192092896,0.981818193920929,-0.10912864292092894,1.072055110920929,-0.30000001192092896,-0.24796574552523803
1.2999999523162842,0.4536154882170105,-0.30000001192092896,0.3103092908859253,0.5393162378976746,-0.30000001192092896,-0.30000001192092896,-0.30000001192092896,-0.30000001192092896,-0.30000001192092896,-0.30000001192092896,0.30000001192092896,-0.2875518789209289,0.8997136619209289,-0.30000001192092896,-0.29858296752523805
1.2999999523162842,0.4527067002170105,-0.30000001192092896,0.3103092908859253,0.5393162378976746,-0.30000001192092896,-0.30000001192092896,-0.30000001192092896,-0.30000001192092896,-0.30000001192092896,-0.30000001192092896,0.30000001192092896,-0.27510374592092895,0.990216424920929,-0.30000001192092896,-0.29863596852523805
1.2999999523162842,0.3606149732170105,-0.30000001192092896,0.6608247548859253,0.5393162378976746,-0.30000001192092896,-0.30000001192092896,-0.30000001192092896,-0.30000001192092896,-0.30000001192092896,-0.30000001192092896,0.30000001192092896,-0.24605810292092894,0.808402569920929,-0.30000001192092896,-0.29418925052523803
1.2999999523162842,0.3918179052170105,-0.30000001192092896,0.3103092908859253,0.5222222208976746,-0.30000001192092896,-0.30000001192092896,-0.30000001192092896,-0.30000001192092896,-0.30000001192092896,-0.30000001192092896,0.30000001192092896,-0.295850633920929,0.7509791739209289,-0.30000001192092896,-0.29979133452523804
1.2999999523162842,0.4221108382170105,-0.30000001192092896,0.3103092908859253,0.5136752128976746,-0.30000001192092896,-0.30000001192092896,-0.30000001192092896,-0.30000001192092896,-0.30000001192092896,-0.30000001192092896,0.30000001192092896,-0.30000001192092896,0.30000001192092896,-0.30000001192092896,-0.295246377525238
1.2999999523162842,0.4536154882170105,-0.30000001192092896,0.3103092908859253,0.38547008389767456,-0.30000001192092896,-0.19516130192092895,-0.16868688092092896,-0.30000001192092896,-0.30000001192092896,-0.30000001192092896,0.30000001192092896,-0.30000001192092896,0.30000001192092896,-0.30000001192092896,-0.299856309525238
1.2999999523162842,0.4211717572170105,-0.30000001192092896,0.3103092908859253,0.5051282038976745,-0.30000001192092896,-0.30000001192092896,-0.30000001192092896,-0.30000001192092896,-0.30000001192092896,-0.30000001192092896,0.30000001192092896,-0.30000001192092896,0.30000001192092896,-0.30000001192092896,-0.299899774525238
1.2999999523162842,0.42271669621701047,-0.30000001192092896,0.3103092908859253,0.4965811958976746,-0.30000001192092896,-0.30000001192092896,-0.30000001192092896,-0.30000001192092896,-0.30000001192092896,-0.30000001192092896,0.30000001192092896,-0.30000001192092896,0.30000001192092896,-0.30000001192092896,-0.298966389525238
1.2999999523162842,0.3012380982170105,-0.30000001192092896,0.3103092908859253,0.3512820498976746,-0.30000001192092896,-0.27580646392092895,-0.28989900192092893,-0.30000001192092896,-0.30000001192092896,-0.30000001192092896,0.6629679259209289,0.04439832807907107,0.8156024129209289,-0.30000001192092896,-0.25315602152523803
1.2999999523162842,0.4517815532170105,-0.30000001192092896,0.3103092908859253,0.33418803289767457,-0.30000001192092896,-0.26774194692092895,-0.259595971920929,-0.30000001192092896,-0.30000001192092896,-0.30000001192092896,0.30000001192092896,-0.30000001192092896,0.30000001192092896,-0.30000001192092896,-0.29986185352523803
1.2999999523162842,0.3909091172170105,-0.30000001192092896,0.3103092908859253,0.3769230758976746,-0.30000001192092896,-0.30000001192092896,-0.30000001192092896,-0.30000001192092896,-0.30000001192092896,-0.30000001192092896,0.30000001192092896,-0.30000001192092896,0.30000001192092896,-0.30000001192092896,-0.29986074452523803
1.2999999523162842,0.3909091172170105,-0.30000001192092896,0.3103092908859253,0.5051282038976745,-0.30000001192092896,-0.30000001192092896,-0.30000001192092896,-0.30000001192092896,-0.30000001192092896,-0.30000001192092896,0.30000001192092896,-0.30000001192092896,0.30000001192092896,-0.30000001192092896,-0.299542963525238
1.2999999523162842,0.48239377421701046,-0.30000001192092896,0.3103092908859253,0.5222222208976746,-0.30000001192092896,-0.30000001192092896,-0.30000001192092896,-0.30000001192092896,-0.30000001192092896,-0.30000001192092896,0.30000001192092896,-0.2875518789209289,0.726050401920929,-0.30000001192092896,-0.298993444525238
1.2999999523162842,0.45149498221701045,-0.30000001192092896,0.3103092908859253,0.5222222208976746,-0.30000001192092896,-0.30000001192092896,-0.30000001192092896,-0.30000001192092896,-0.30000001192092896,-0.30000001192092896,0.30000001192092896,-0.30000001192092896,0.30000001192092896,-0.30000001192092896,-0.29936378252523804
1.2999999523162842,0.4230196262170105,-0.30000001192092896,0.3103092908859253,0.5051282038976745,-0.30000001192092896,-0.30000001192092896,-0.30000001192092896,0.699999988079071,-0.30000001192092896,-0.30000001192092896,0.30000001192092896,-0.30000001192092896,0.30000001192092896,-0.30000001192092896,-0.299894673525238
1.2999999523162842,0.45209145021701047,-0.30000001192092896,0.3103092908859253,0.5222222208976746,-0.30000001192092896,-0.30000001192092896,-0.30000001192092896,-0.30000001192092896,-0.30000001192092896,-0.30000001192092896,0.30000001192092896,-0.295850633920929,0.737751744920929,-0.30000001192092896,-0.299315216525238
1.2999999523162842,0.3606064912170105,-0.30000001192092896,0.3103092908859253,0.33418803289767457,-0.30000001192092896,-0.25967743092092893,-0.28989900192092893,-0.30000001192092896,-0.30000001192092896,-0.30000001192092896,0.7812834339209289,0.01120330807907105,0.7382474989209289,-0.30000001192092896,-0.24924152652523804
1.2999999523162842,0.3612150762170105,-0.30000001192092896,0.4649484668859253,0.5393162378976746,-0.30000001192092896,-0.30000001192092896,-0.30000001192092896,-0.30000001192092896,-0.30000001192092896,-0.30000001192092896,0.30000001192092896,-0.24605810292092894,0.9897557319209289,-0.30000001192092896,-0.24132804652523804
1.2999999523162842,0.3630232612170105,-0.30000001192092896,0.3103092908859253,0.3512820498976746,-0.30000001192092896,-0.19516130192092895,-0.16868688092092896,-0.30000001192092896,-0.30000001192092896,-0.30000001192092896,0.35347594792092896,0.03195019507907104,0.798222310920929,-0.30000001192092896,-0.257015298525238
1.2999999523162842,0.3027530482170105,-0.30000001192092896,0.3103092908859253,0.3512820498976746,-0.30000001192092896,-0.21129033492092897,-0.18888890092092897,-0.30000001192092896,-0.30000001192092896,-0.30000001192092896,0.30000001192092896,-0.30000001192092896,0.30000001192092896,-0.30000001192092896,-0.29983923452523803
1.2999999523162842,0.8153131032170104,-0.30000001192092896,0.3103092908859253,0.3683760668976746,-0.30000001192092896,-0.30000001192092896,-0.30000001192092896,-0.30000001192092896,-0.30000001192092896,-0.30000001192092896,0.30000001192092896,-0.295850633920929,1.088932179920929,-0.30000001192092896,-0.299686220525238
1.2999999523162842,0.3012356752170105,-0.30000001192092896,0.4134020748859253,0.44529914389767455,-0.30000001192092896,-0.29193549592092893,-0.28989900192092893,-0.30000001192092896,-0.30000001192092896,-0.30000001192092896,0.4610962689209289,0.699999988079071,0.905518600920929,-0.30000001192092896,-0.21562326152523803
1.2999999523162842,0.3930296222170105,-0.30000001192092896,0.3103092908859253,0.5051282038976745,-0.30000001192092896,-0.30000001192092896,-0.30000001192092896,-0.30000001192092896,-0.30000001192092896,-0.30000001192092896,0.30000001192092896,-0.295850633920929,0.981370357920929,-0.30000001192092896,-0.298751726525238
1.2999999523162842,0.4527067002170105,-0.30000001192092896,0.3103092908859253,0.5222222208976746,-0.30000001192092896,-0.30000001192092896,-0.30000001192092896,-0.30000001192092896,-0.30000001192092896,-0.30000001192092896,0.30000001192092896,-0.30000001192092896,0.30000001192092896,-0.30000001192092896,-0.299900661325238
1.2999999523162842,0.4820908442170105,-0.30000001192092896,0.3103092908859253,0.5136752128976746,-0.30000001192092896,-0.30000001192092896,-0.30000001192092896,-0.30000001192092896,-0.30000001192092896,-0.30000001192092896,0.30000001192092896,-0.30000001192092896,0.30000001192092896,-0.30000001192092896,-0.29979089052523805
1.2999999523162842,0.3615249722170105,-0.30000001192092896,0.3103092908859253,0.34273504189767456,-0.30000001192092896,-0.29193549592092893,-0.28989900192092893,-0.30000001192092896,-0.30000001192092896,-0.30000001192092896,0.4610962689209289,0.699999988079071,0.7165446179209289,-0.30000001192092896,-0.26609767152523806
1.2999999523162842,0.3908912442170105,-0.30000001192092896,0.3103092908859253,0.33418803289767457,-0.30000001192092896,-0.30000001192092896,-0.30000001192092896,-0.30000001192092896,-0.30000001192092896,-0.30000001192092896,0.30000001192092896,-0.30000001192092896,0.30000001192092896,-0.30000001192092896,-0.299206111525238
1.2999999523162842,0.3036354812170105,-0.30000001192092896,0.3103092908859253,0.3512820498976746,-0.30000001192092896,-0.06612904392092894,-0.28989900192092893,-0.30000001192092896,-0.30000001192092896,-0.30000001192092896,1.114171134920929,-0.30000001192092896,0.30000001192092896,-0.30000001192092896,-0.29984078652523805
1.2999999523162842,0.3054809262170105,-0.30000001192092896,0.3103092908859253,0.3512820498976746,-0.30000001192092896,-0.050000011920928955,0.013131301079071067,-0.30000001192092896,-0.30000001192092896,-0.30000001192092896,0.30000001192092896,-0.30000001192092896,0.30000001192092896,-0.30000001192092896,-0.29983901252523804
1.2999999523162842,0.5126867062170105,-0.30000001192092896,0.3103092908859253,0.5222222208976746,-0.30000001192092896,-0.30000001192092896,-0.30000001192092896,-0.30000001192092896,-0.30000001192092896,-0.30000001192092896,0.30000001192092896,-0.295850633920929,0.9899074149209289,-0.30000001192092896,-0.29949883352523804
1.2999999523162842,0.3036397222170105,-0.30000001192092896,0.3103092908859253,0.3170940158976746,-0.30000001192092896,-0.11451614092092896,-0.06767677992092896,-0.30000001192092896,-0.30000001192092896,-0.30000001192092896,0.30000001192092896,-0.30000001192092896,0.30000001192092896,-0.30000001192092896,-0.29983856852523805
1.2999999523162842,0.4521008412170105,-0.30000001192092896,0.3103092908859253,0.5136752128976746,-0.30000001192092896,-0.30000001192092896,-0.30000001192092896,-0.30000001192092896,-0.30000001192092896,-0.30000001192092896,0.30000001192092896,-0.30000001192092896,0.30000001192092896,-0.30000001192092896,-0.29989733452523804
1.2999999523162842,0.42180790821701053,-0.30000001192092896,0.3103092908859253,0.5222222208976746,-0.30000001192092896,-0.30000001192092896,-0.30000001192092896,-0.30000001192092896,-0.30000001192092896,-0.30000001192092896,0.30000001192092896,-0.30000001192092896,0.30000001192092896,-0.30000001192092896,-0.299901104925238
1.2999999523162842,0.3318345662170105,-0.30000001192092896,0.3103092908859253,0.3683760668976746,-0.30000001192092896,-0.21129033492092897,-0.28989900192092893,-0.30000001192092896,-0.30000001192092896,-0.30000001192092896,0.9610962689209289,-0.10912864292092894,1.0424097209209289,-0.30000001192092896,-0.24787127552523802
1.2999999523162842,0.4212020502170105,-0.30000001192092896,0.3103092908859253,0.5222222208976746,-0.30000001192092896,-0.30000001192092896,-0.30000001192092896,0.699999988079071,-0.30000001192092896,-0.30000001192092896,0.30000001192092896,-0.30000001192092896,0.30000001192092896,-0.30000001192092896,-0.296814437525238
1.2999999523162842,0.5726667132170105,-0.30000001192092896,0.3103092908859253,0.4794871778976746,-0.30000001192092896,-0.30000001192092896,-0.30000001192092896,-0.30000001192092896,-0.30000001192092896,-0.30000001192092896,0.30000001192092896,-0.30000001192092896,0.30000001192092896,-0.30000001192092896,-0.299507038525238
1.2999999523162842,0.4520956912170105,-0.30000001192092896,0.3103092908859253,0.46239316089767457,-0.30000001192092896,-0.28387097992092897,-0.28989900192092893,-0.30000001192092896,-0.30000001192092896,-0.30000001192092896,0.575401081920929,-0.30000001192092896,0.30000001192092896,-0.30000001192092896,-0.29986362752523804
1.2999999523162842,0.5741813592170105,-0.30000001192092896,0.3103092908859253,0.5136752128976746,-0.30000001192092896,-0.30000001192092896,-0.30000001192092896,-0.30000001192092896,-0.30000001192092896,-0.30000001192092896,0.30000001192092896,-0.29170125692092896,0.9026445069209289,-0.30000001192092896,-0.299214981525238
1.2999999523162842,0.45149498221701045,-0.30000001192092896,0.3103092908859253,0.5307692298976746,-0.30000001192092896,-0.30000001192092896,-0.30000001192092896,-0.30000001192092896,-0.30000001192092896,-0.30000001192092896,0.30000001192092896,-0.30000001192092896,0.30000001192092896,-0.30000001192092896,-0.299252680525238
1.2999999523162842,0.3015149762170105,-0.30000001192092896,0.4752577448859253,0.5393162378976746,-0.30000001192092896,-0.30000001192092896,-0.30000001192092896,-0.30000001192092896,-0.30000001192092896,-0.30000001192092896,0.30000001192092896,-0.24605810292092894,1.1978775169209288,-0.30000001192092896,-0.24907387652523805
1.2999999523162842,0.3915149762170105,-0.30000001192092896,0.3103092908859253,0.5222222208976746,-0.30000001192092896,-0.30000001192092896,-0.30000001192092896,-0.30000001192092896,-0.30000001192092896,-0.30000001192092896,0.30000001192092896,-0.295850633920929,0.979165439920929,-0.30000001192092896,-0.29965051652523805
1.2999999523162842,0.48239377421701046,-0.30000001192092896,0.3103092908859253,0.5222222208976746,-0.30000001192092896,-0.30000001192092896,-0.30000001192092896,-0.30000001192092896,-0.30000001192092896,-0.30000001192092896,0.30000001192092896,-0.30000001192092896,0.30000001192092896,-0.30000001192092896,-0.299901104925238
1.2999999523162842,0.3912026552170105,-0.30000001192092896,0.5783505278859253,0.5393162378976746,-0.30000001192092896,-0.30000001192092896,-0.30000001192092896,-0.30000001192092896,-0.30000001192092896,-0.30000001192092896,0.30000001192092896,-0.24605810292092894,0.765188056920929,-0.30000001192092896,-0.29506364752523806
1.2999999523162842,0.3027394162170105,-0.30000001192092896,0.3103092908859253,0.3512820498976746,-0.30000001192092896,-0.17903226992092897,-0.28989900192092893,-0.30000001192092896,-0.30000001192092896,-0.30000001192092896,1.021925145920929,-0.15062241892092895,1.046923599920929,-0.30000001192092896,-0.24706606752523802
1.2999999523162842,0.4820896322170105,-0.30000001192092896,0.3103092908859253,0.33418803289767457,-0.30000001192092896,-0.27580646392092895,-0.26969698192092895,-0.30000001192092896,-0.30000001192092896,-0.30000001192092896,0.30000001192092896,-0.30000001192092896,0.30000001192092896,-0.30000001192092896,-0.29986185352523803
0.2999999523162842,0.30486113321701047,0.0006873020790710282,0.3000000128859253,0.3170940158976746,0.699999988079071,-0.30000001192092896,-0.30000001192092896,0.699999988079071,-0.10808081992092897,-0.23360997092092894,0.30000001192092896,-0.30000001192092896,0.30000001192092896,-0.23333334492092894,-0.299243145525238
1.2999999523162842,0.45149498221701045,-0.30000001192092896,0.3103092908859253,0.5222222208976746,-0.30000001192092896,-0.30000001192092896,-0.30000001192092896,-0.30000001192092896,-0.30000001192092896,-0.30000001192092896,0.30000001192092896,-0.30000001192092896,0.30000001192092896,-0.30000001192092896,-0.291267128525238
1.2999999523162842,0.3036421452170105,-0.30000001192092896,0.3103092908859253,0.33418803289767457,-0.30000001192092896,-0.17903226992092897,-0.14848485992092897,-0.30000001192092896,-0.30000001192092896,-0.30000001192092896,0.30000001192092896,-0.30000001192092896,0.30000001192092896,-0.30000001192092896,-0.29984012152523803
1.2999999523162842,0.3048735532170105,-0.30000001192092896,0.3103092908859253,0.3683760668976746,-0.30000001192092896,-0.21935485092092893,-0.28989900192092893,-0.30000001192092896,-0.30000001192092896,-0.30000001192092896,0.941042792920929,-0.30000001192092896,0.30000001192092896,-0.30000001192092896,-0.29983923452523803
1.2999999523162842,0.3911920532170105,-0.30000001192092896,1.2484536208859254,0.5393162378976746,-0.30000001192092896,-0.30000001192092896,-0.30000001192092896,-0.30000001192092896,-0.30000001192092896,-0.30000001192092896,0.30000001192092896,-0.24605810292092894,1.119382977920929,-0.30000001192092896,-0.29430767052523804
1.2999999523162842,0.4517979122170105,-0.30000001192092896,0.3103092908859253,0.5307692298976746,-0.30000001192092896,-0.30000001192092896,-0.30000001192092896,-0.30000001192092896,-0.30000001192092896,-0.30000001192092896,0.30000001192092896,-0.295850633920929,1.044382434920929,-0.30000001192092896,-0.299381744525238
1.2999999523162842,0.3927266932170105,-0.30000001192092896,0.3103092908859253,0.33418803289767457,-0.30000001192092896,-0.24354839892092894,-0.22929294092092894,-0.30000001192092896,-0.30000001192092896,-0.30000001192092896,0.30000001192092896,-0.30000001192092896,0.30000001192092896,-0.30000001192092896,-0.29985387052523804
1.2999999523162842,0.3618160872170105,-0.30000001192092896,0.5268041368859253,0.5393162378976746,-0.30000001192092896,-0.30000001192092896,-0.30000001192092896,-0.30000001192092896,-0.30000001192092896,-0.30000001192092896,0.30000001192092896,-0.24605810292092894,0.965039404920929,-0.30000001192092896,-0.27059827652523805
1.2999999523162842,0.5123837772170106,-0.30000001192092896,0.3103092908859253,0.5222222208976746,-0.30000001192092896,-0.30000001192092896,-0.30000001192092896,-0.30000001192092896,-0.30000001192092896,-0.30000001192092896,0.30000001192092896,-0.30000001192092896,0.30000001192092896,-0.30000001192092896,-0.29990088312523805
1.2999999523162842,0.3039441662170105,-0.30000001192092896,0.3103092908859253,0.3512820498976746,-0.30000001192092896,-0.07419355992092896,-0.28989900192092893,-0.30000001192092896,-0.30000001192092896,-0.30000001192092896,1.104812845920929,-0.20041494992092895,0.8542434229209289,-0.30000001192092896,-0.250092194525238
1.2999999523162842,0.4820908442170105,-0.30000001192092896,0.3103092908859253,0.5222222208976746,-0.30000001192092896,-0.30000001192092896,-0.30000001192092896,-0.30000001192092896,-0.30000001192092896,-0.30000001192092896,0.30000001192092896,-0.30000001192092896,0.30000001192092896,-0.30000001192092896,-0.299038017525238
1.2999999523162842,0.4236039762170105,-0.30000001192092896,0.3103092908859253,0.5307692298976746,-0.30000001192092896,-0.30000001192092896,-0.30000001192092896,-0.30000001192092896,-0.30000001192092896,-0.30000001192092896,0.30000001192092896,-0.30000001192092896,0.30000001192092896,-0.30000001192092896,-0.299811292525238
1.2999999523162842,0.4220856942170105,-0.30000001192092896,0.3103092908859253,0.4282051268976746,-0.30000001192092896,-0.29193549592092893,-0.28989900192092893,-0.30000001192092896,-0.30000001192092896,-0.30000001192092896,0.4610962689209289,-0.30000001192092896,0.30000001192092896,-0.30000001192092896,-0.299863184525238
1.2999999523162842,0.3351537632170105,-0.30000001192092896,0.3103092908859253,0.33418803289767457,-0.30000001192092896,-0.16290323792092895,-0.12828283992092895,-0.30000001192092896,-0.30000001192092896,-0.30000001192092896,0.30000001192092896,-0.30000001192092896,0.30000001192092896,-0.30000001192092896,-0.29984100852523804
1.2999999523162842,0.3318315372170105,-0.30000001192092896,0.3103092908859253,0.3170940158976746,-0.30000001192092896,0.19193547207907102,0.316161604079071,-0.30000001192092896,-0.30000001192092896,-0.30000001192092896,0.30000001192092896,-0.30000001192092896,0.30000001192092896,-0.30000001192092896,-0.29984012152523803
1.2999999523162842,0.4224137672170105,-0.30000001192092896,0.3103092908859253,0.5222222208976746,-0.30000001192092896,-0.30000001192092896,-0.30000001192092896,-0.30000001192092896,-0.30000001192092896,-0.30000001192092896,0.30000001192092896,-0.29170125692092896,0.695747523920929,-0.30000001192092896,-0.299000096525238
1.2999999523162842,0.4233225552170105,-0.30000001192092896,0.3103092908859253,0.5051282038976745,-0.30000001192092896,-0.30000001192092896,-0.30000001192092896,-0.30000001192092896,-0.30000001192092896,-0.30000001192092896,0.30000001192092896,-0.30000001192092896,0.30000001192092896,-0.30000001192092896,-0.298970381525238
1.2999999523162842,0.4211766042170105,-0.30000001192092896,0.49587630188592535,0.5393162378976746,-0.30000001192092896,-0.30000001192092896,-0.30000001192092896,-0.30000001192092896,-0.30000001192092896,-0.30000001192092896,0.30000001192092896,-0.24605810292092894,0.572031290920929,-0.30000001192092896,-0.29516233052523805
1.2999999523162842,0.3305974032170105,-0.30000001192092896,0.3103092908859253,0.2999999988976746,-0.30000001192092896,-0.30000001192092896,-0.30000001192092896,-0.30000001192092896,-0.30000001192092896,-0.30000001192092896,0.30000001192092896,-0.30000001192092896,0.30000001192092896,-0.30000001192092896,-0.299868062525238
1.2999999523162842,0.3615249722170105,-0.30000001192092896,0.3103092908859253,0.34273504189767456,-0.30000001192092896,-0.25967743092092893,-0.24949496092092896,-0.30000001192092896,-0.30000001192092896,-0.30000001192092896,0.30000001192092896,-0.30000001192092896,0.30000001192092896,-0.30000001192092896,-0.29986185352523803
1.2999999523162842,0.4530096292170105,-0.30000001192092896,0.3103092908859253,0.5222222208976746,-0.30000001192092896,-0.30000001192092896,-0.30000001192092896,-0.30000001192092896,-0.30000001192092896,-0.30000001192092896,0.30000001192092896,-0.29170125692092896,0.830881789920929,-0.30000001192092896,-0.29908591752523805
1.2999999523162842,0.4826967032170105,-0.30000001192092896,0.3103092908859253,0.5222222208976746,-0.30000001192092896,-0.30000001192092896,-0.30000001192092896,-0.30000001192092896,-0.30000001192092896,-0.30000001192092896,0.30000001192092896,-0.30000001192092896,0.30000001192092896,-0.30000001192092896,-0.29127267252523803
1.2999999523162842,0.4233225552170105,-0.30000001192092896,0.3103092908859253,0.5222222208976746,-0.30000001192092896,-0.30000001192092896,-0.30000001192092896,-0.30000001192092896,-0.30000001192092896,-0.30000001192092896,0.30000001192092896,-0.30000001192092896,0.30000001192092896,-0.30000001192092896,-0.29989533952523806
1.2999999523162842,0.3609191142170105,-0.30000001192092896,0.3103092908859253,0.41965811889767457,-0.30000001192092896,-0.29193549592092893,-0.28989900192092893,-0.30000001192092896,-0.30000001192092896,-0.30000001192092896,0.4610962689209289,-0.30000001192092896,0.30000001192092896,-0.30000001192092896,-0.26667491052523806
1.2999999523162842,0.3309197192170105,-0.30000001192092896,0.3412371258859253,0.4965811958976746,-0.30000001192092896,-0.29193549592092893,-0.28989900192092893,-0.30000001192092896,-0.30000001192092896,-0.30000001192092896,0.44639038592092894,0.6087136810790711,0.765188056920929,-0.30000001192092896,-0.278532379525238
1.2999999523162842,0.3627133642170105,-0.30000001192092896,0.3103092908859253,0.3512820498976746,-0.30000001192092896,-0.19516130192092895,-0.28989900192092893,-0.30000001192092896,-0.30000001192092896,-0.30000001192092896,0.9951871779209289,-0.14647304092092894,0.909611701920929,-0.30000001192092896,-0.25131054052523805
1.2999999523162842,0.3018179052170105,-0.30000001192092896,0.3103092908859253,0.3085470078976746,-0.30000001192092896,0.14354837507907103,-0.28989900192092893,-0.30000001192092896,-0.30000001192092896,-0.30000001192092896,1.182352952920929,-0.25435685792092894,0.9747591699209289,-0.30000001192092896,-0.267987947525238
1.2999999523162842,0.4521008412170105,-0.30000001192092896,0.3103092908859253,0.5136752128976746,-0.30000001192092896,-0.30000001192092896,-0.30000001192092896,-0.30000001192092896,-0.30000001192092896,-0.30000001192092896,0.30000001192092896,-0.295850633920929,1.159883051920929,-0.30000001192092896,-0.298715801525238
1.2999999523162842,0.5426767102170105,-0.30000001192092896,0.3103092908859253,0.5222222208976746,-0.30000001192092896,-0.30000001192092896,-0.30000001192092896,-0.30000001192092896,-0.30000001192092896,-0.30000001192092896,0.30000001192092896,-0.29170125692092896,1.044382434920929,-0.30000001192092896,-0.299364003525238
1.2999999523162842,0.48206933621701054,-0.30000001192092896,0.3103092908859253,0.5307692298976746,-0.30000001192092896,-0.30000001192092896,-0.30000001192092896,-0.30000001192092896,-0.30000001192092896,-0.30000001192092896,0.30000001192092896,-0.30000001192092896,0.30000001192092896,-0.30000001192092896,-0.299038017525238
1.2999999523162842,0.5423646922170104,-0.30000001192092896,0.3103092908859253,0.33418803289767457,-0.30000001192092896,-0.30000001192092896,-0.30000001192092896,-0.30000001192092896,-0.30000001192092896,-0.30000001192092896,0.30000001192092896,-0.30000001192092896,0.30000001192092896,-0.30000001192092896,-0.29944006752523805
1.2999999523162842,0.3606022502170105,-0.30000001192092896,0.3103092908859253,0.33418803289767457,-0.30000001192092896,-0.17096775392092894,-0.13838384992092895,-0.30000001192092896,-0.30000001192092896,-0.30000001192092896,0.30000001192092896,-0.30000001192092896,0.30000001192092896,-0.30000001192092896,-0.299843225525238
1.2999999523162842,0.5429796392170105,-0.30000001192092896,0.3103092908859253,0.5136752128976746,-0.30000001192092896,-0.30000001192092896,-0.30000001192092896,0.699999988079071,-0.30000001192092896,-0.30000001192092896,0.30000001192092896,-0.30000001192092896,0.30000001192092896,-0.30000001192092896,-0.29990088312523805
1.2999999523162842,0.3621308312170105,-0.30000001192092896,0.3103092908859253,0.3683760668976746,-0.30000001192092896,-0.25161291492092897,-0.28989900192092893,-0.30000001192092896,-0.30000001192092896,-0.30000001192092896,0.825401081920929,-0.05518673392092896,0.897304123920929,-0.30000001192092896,-0.259107818525238
1.2999999523162842,0.4820908442170105,-0.30000001192092896,0.3103092908859253,0.5222222208976746,-0.30000001192092896,-0.30000001192092896,-0.30000001192092896,-0.30000001192092896,-0.30000001192092896,-0.30000001192092896,0.30000001192092896,-0.30000001192092896,0.30000001192092896,-0.30000001192092896,-0.29972258852523803
1.2999999523162842,0.3921208342170105,-0.30000001192092896,0.3103092908859253,0.34273504189767456,-0.30000001192092896,-0.29193549592092893,-0.28989900192092893,-0.30000001192092896,-0.30000001192092896,-0.30000001192092896,0.4610962689209289,0.699999988079071,0.708840948920929,-0.30000001192092896,-0.264075226525238
1.2999999523162842,0.3305964942170105,-0.30000001192092896,0.3103092908859253,0.33418803289767457,-0.30000001192092896,-0.041935495920928934,0.023232311079071033,-0.30000001192092896,-0.30000001192092896,-0.30000001192092896,1.134224610920929,-0.13817428592092895,0.831649561920929,-0.30000001192092896,-0.24752555252523803
1.2999999523162842,0.3612050792170105,-0.30000001192092896,0.4134020748859253,0.5393162378976746,-0.30000001192092896,-0.30000001192092896,-0.30000001192092896,0.699999988079071,-0.30000001192092896,-0.30000001192092896,0.30000001192092896,-0.24605810292092894,0.920659170920929,-0.30000001192092896,-0.24788901652523804
1.2999999523162842,0.3918179052170105,-0.30000001192092896,0.3103092908859253,0.5222222208976746,-0.30000001192092896,-0.30000001192092896,-0.30000001192092896,-0.30000001192092896,-0.30000001192092896,-0.30000001192092896,0.30000001192092896,-0.30000001192092896,0.30000001192092896,-0.30000001192092896,-0.29950570852523806
1.2999999523162842,0.3911820562170105,-0.30000001192092896,0.4649484668859253,0.5393162378976746,-0.30000001192092896,-0.30000001192092896,-0.30000001192092896,-0.30000001192092896,-0.30000001192092896,-0.30000001192092896,0.30000001192092896,-0.24605810292092894,1.1978775169209288,-0.30000001192092896,-0.29453497352523805
1.2999999523162842,0.4817879152170105,-0.30000001192092896,0.3103092908859253,0.5222222208976746,-0.30000001192092896,-0.30000001192092896,-0.30000001192092896,-0.30000001192092896,-0.30000001192092896,-0.30000001192092896,0.30000001192092896,-0.30000001192092896,0.30000001192092896,-0.30000001192092896,-0.299900661325238
1.2999999523162842,0.3312120462170105,-0.30000001192092896,0.3618556828859253,0.4794871778976746,-0.30000001192092896,-0.30000001192092896,-0.30000001192092896,-0.30000001192092896,-0.30000001192092896,-0.30000001192092896,0.30000001192092896,-0.24605810292092894,1.119382977920929,-0.30000001192092896,-0.294505923525238
1.2999999523162842,0.5423737802170105,-0.30000001192092896,0.3103092908859253,0.5051282038976745,-0.30000001192092896,-0.30000001192092896,-0.30000001192092896,-0.30000001192092896,-0.30000001192092896,-0.30000001192092896,0.30000001192092896,-0.30000001192092896,0.30000001192092896,-0.30000001192092896,-0.29975230452523804
1.2999999523162842,0.4521008412170105,-0.30000001192092896,0.3103092908859253,0.3170940158976746,-0.30000001192092896,-0.13064517292092895,-0.08787879992092895,-0.30000001192092896,-0.30000001192092896,-0.30000001192092896,0.30000001192092896,-0.30000001192092896,0.30000001192092896,-0.30000001192092896,-0.29985431352523806
1.2999999523162842,0.3918179052170105,-0.30000001192092896,0.3103092908859253,0.4880341868976746,-0.30000001192092896,-0.30000001192092896,-0.30000001192092896,-0.30000001192092896,-0.30000001192092896,-0.30000001192092896,0.30000001192092896,-0.30000001192092896,0.30000001192092896,-0.30000001192092896,-0.299870723525238
1.2999999523162842,0.3012402192170105,-0.30000001192092896,0.3103092908859253,0.33418803289767457,-0.30000001192092896,0.14354837507907103,-0.28989900192092893,-0.30000001192092896,-0.30000001192092896,-0.30000001192092896,1.182352952920929,-0.30000001192092896,0.30000001192092896,-0.30000001192092896,-0.29983989952523804
1.2999999523162842,0.3000024496470105,-0.30000001192092896,0.3103092908859253,0.2999999988976746,-0.30000001192092896,-0.12258065692092895,-0.28989900192092893,-0.30000001192092896,-0.30000001192092896,-0.30000001192092896,1.0794117769209288,-0.30000001192092896,0.30000001192092896,-0.30000001192092896,-0.29994967012523804
1.2999999523162842,0.5123837772170106,-0.30000001192092896,0.3103092908859253,0.5222222208976746,-0.30000001192092896,-0.30000001192092896,-0.30000001192092896,-0.30000001192092896,-0.30000001192092896,-0.30000001192092896,0.30000001192092896,-0.29170125692092896,0.891385137920929,-0.30000001192092896,-0.29908392152523805
1.2999999523162842,0.5429720662170106,-0.30000001192092896,0.3103092908859253,0.5222222208976746,-0.30000001192092896,-0.30000001192092896,-0.30000001192092896,-0.30000001192092896,-0.30000001192092896,-0.30000001192092896,0.30000001192092896,-0.30000001192092896,0.30000001192092896,-0.30000001192092896,-0.299900661325238
1.2999999523162842,0.3030320462170105,-0.30000001192092896,0.49587630188592535,0.2999999988976746,-0.30000001192092896,-0.30000001192092896,-0.30000001192092896,-0.30000001192092896,-0.30000001192092896,-0.30000001192092896,0.30000001192092896,-0.2502074809209289,1.088932179920929,-0.30000001192092896,-0.27917836452523803
1.2999999523162842,0.4826967032170105,-0.30000001192092896,0.3103092908859253,0.5222222208976746,-0.30000001192092896,-0.30000001192092896,-0.30000001192092896,-0.30000001192092896,-0.30000001192092896,-0.30000001192092896,0.30000001192092896,-0.30000001192092896,0.30000001192092896,-0.30000001192092896,-0.299292375525238
1.2999999523162842,0.5426767102170105,-0.30000001192092896,0.3103092908859253,0.5136752128976746,-0.30000001192092896,-0.30000001192092896,-0.30000001192092896,-0.30000001192092896,-0.30000001192092896,-0.30000001192092896,0.30000001192092896,-0.30000001192092896,0.30000001192092896,-0.30000001192092896,-0.299900217825238
1.2999999523162842,0.4224137672170105,-0.30000001192092896,0.3103092908859253,0.5222222208976746,-0.30000001192092896,-0.30000001192092896,-0.30000001192092896,-0.30000001192092896,-0.30000001192092896,-0.30000001192092896,0.30000001192092896,-0.30000001192092896,0.30000001192092896,-0.30000001192092896,-0.299871167525238
1.2999999523162842,0.45299266521701054,-0.30000001192092896,0.3103092908859253,0.5222222208976746,-0.30000001192092896,-0.30000001192092896,-0.30000001192092896,-0.30000001192092896,-0.30000001192092896,-0.30000001192092896,0.30000001192092896,-0.30000001192092896,0.30000001192092896,-0.30000001192092896,-0.29127755152523804
1.2999999523162842,0.3615173992170105,-0.30000001192092896,0.4134020748859253,0.4367521358976746,-0.30000001192092896,-0.29193549592092893,-0.28989900192092893,-0.30000001192092896,-0.30000001192092896,-0.30000001192092896,0.30000001192092896,-0.30000001192092896,0.30000001192092896,-0.30000001192092896,-0.29977603252523805
1.2999999523162842,0.30032416021701047,-0.30000001192092896,0.3103092908859253,0.3085470078976746,-0.30000001192092896,0.2645161170790711,0.407070695079071,-0.30000001192092896,-0.30000001192092896,-0.30000001192092896,0.309358300920929,-0.30000001192092896,0.30000001192092896,-0.30000001192092896,-0.29983834652523805
1.2999999523162842,0.9061919012170105,-0.30000001192092896,0.3103092908859253,0.3769230758976746,-0.30000001192092896,-0.30000001192092896,-0.30000001192092896,-0.30000001192092896,-0.30000001192092896,-0.30000001192092896,0.30000001192092896,-0.30000001192092896,0.30000001192092896,-0.30000001192092896,-0.29990465302523805
1.2999999523162842,0.3057777972170105,-0.30000001192092896,0.3103092908859253,0.38547008389767456,-0.30000001192092896,-0.21935485092092893,-0.28989900192092893,-0.30000001192092896,-0.30000001192092896,-0.30000001192092896,0.941042792920929,-0.30000001192092896,0.30000001192092896,-0.30000001192092896,-0.29984056452523805
1.2999999523162842,0.5435854982170105,-0.30000001192092896,0.3103092908859253,0.5222222208976746,-0.30000001192092896,-0.30000001192092896,-0.30000001192092896,-0.30000001192092896,-0.30000001192092896,-0.30000001192092896,0.30000001192092896,-0.30000001192092896,0.30000001192092896,-0.30000001192092896,-0.29990043962523805
1.2999999523162842,0.39090790521701047,-0.30000001192092896,0.5371134148859253,0.5393162378976746,-0.30000001192092896,-0.30000001192092896,-0.30000001192092896,-0.30000001192092896,-0.30000001192092896,-0.30000001192092896,0.30000001192092896,-0.24605810292092894,0.808402569920929,-0.30000001192092896,-0.287043057525238
1.2999999523162842,0.4230196262170105,-0.30000001192092896,0.3103092908859253,0.5051282038976745,-0.30000001192092896,-0.30000001192092896,-0.30000001192092896,-0.30000001192092896,-0.30000001192092896,-0.30000001192092896,0.30000001192092896,-0.30000001192092896,0.30000001192092896,-0.30000001192092896,-0.27774491252523803
1.2999999523162842,0.3033507272170105,-0.30000001192092896,0.3103092908859253,0.33418803289767457,-0.30000001192092896,-0.26774194692092895,-0.28989900192092893,-0.30000001192092896,-0.30000001192092896,-0.30000001192092896,0.7278074989209289,-0.30000001192092896,0.30000001192092896,-0.30000001192092896,-0.250750376525238
1.2999999523162842,0.3909091172170105,-0.30000001192092896,0.3103092908859253,0.5051282038976745,-0.30000001192092896,-0.30000001192092896,-0.30000001192092896,-0.30000001192092896,-0.30000001192092896,-0.30000001192092896,0.30000001192092896,-0.30000001192092896,0.30000001192092896,-0.30000001192092896,-0.299542741525238
1.2999999523162842,0.3908854882170105,-0.30000001192092896,0.3103092908859253,0.3512820498976746,-0.30000001192092896,-0.28387097992092897,-0.28989900192092893,-0.30000001192092896,-0.30000001192092896,-0.30000001192092896,0.575401081920929,-0.30000001192092896,0.30000001192092896,-0.30000001192092896,-0.29985475752523805
1.2999999523162842,0.5120808482170105,-0.30000001192092896,0.3103092908859253,0.5222222208976746,-0.30000001192092896,-0.30000001192092896,-0.30000001192092896,-0.30000001192092896,-0.30000001192092896,-0.30000001192092896,0.30000001192092896,-0.30000001192092896,0.30000001192092896,-0.30000001192092896,-0.29908613952523805
1.2999999523162842,0.3015386042170105,-0.30000001192092896,0.3103092908859253,0.3256410248976746,-0.30000001192092896,0.240322569079071,0.376767665079071,-0.30000001192092896,-0.30000001192092896,-0.30000001192092896,0.30000001192092896,-0.30000001192092896,0.30000001192092896,-0.30000001192092896,-0.29983989952523804
1.2999999523162842,0.5423737802170105,-0.30000001192092896,0.3103092908859253,0.5222222208976746,-0.30000001192092896,-0.30000001192092896,-0.30000001192092896,-0.30000001192092896,-0.30000001192092896,-0.30000001192092896,0.30000001192092896,-0.30000001192092896,0.30000001192092896,-0.30000001192092896,-0.29990088312523805
1.2999999523162842,0.4529990262170105,-0.30000001192092896,0.3103092908859253,0.5222222208976746,-0.30000001192092896,-0.30000001192092896,-0.30000001192092896,-0.30000001192092896,-0.30000001192092896,-0.30000001192092896,0.30000001192092896,-0.30000001192092896,0.30000001192092896,-0.30000001192092896,-0.29990043962523805
1.2999999523162842,0.4530096292170105,-0.30000001192092896,0.3103092908859253,0.5136752128976746,-0.30000001192092896,-0.30000001192092896,-0.30000001192092896,-0.30000001192092896,-0.30000001192092896,-0.30000001192092896,0.30000001192092896,-0.295850633920929,1.072055110920929,-0.30000001192092896,-0.299394606525238
1.2999999523162842,0.3009309282170105,-0.30000001192092896,0.3103092908859253,0.33418803289767457,-0.30000001192092896,-0.08225807692092896,-0.28989900192092893,-0.30000001192092896,-0.30000001192092896,-0.30000001192092896,1.112165786920929,-0.20041494992092895,0.7782413209209289,-0.30000001192092896,-0.25448945952523805
1.2999999523162842,0.4517979122170105,-0.30000001192092896,0.3103092908859253,0.5222222208976746,-0.30000001192092896,-0.30000001192092896,-0.30000001192092896,-0.30000001192092896,-0.30000001192092896,-0.30000001192092896,0.30000001192092896,-0.30000001192092896,0.30000001192092896,-0.30000001192092896,-0.29990088312523805
1.2999999523162842,0.4224137672170105,-0.30000001192092896,0.3103092908859253,0.4880341868976746,-0.30000001192092896,-0.30000001192092896,-0.30000001192092896,-0.30000001192092896,-0.30000001192092896,-0.30000001192092896,0.30000001192092896,-0.30000001192092896,0.30000001192092896,-0.30000001192092896,-0.29987050252523806
1.2999999523162842,0.3012350692170105,-0.30000001192092896,0.3103092908859253,0.3256410248976746,-0.30000001192092896,-0.17903226992092897,-0.28989900192092893,-0.30000001192092896,-0.30000001192092896,-0.30000001192092896,1.021925145920929,-0.30000001192092896,0.30000001192092896,-0.30000001192092896,-0.29983657252523804
1.2999999523162842,0.6941183502170105,-0.30000001192092896,0.3103092908859253,0.3769230758976746,-0.30000001192092896,-0.30000001192092896,-0.30000001192092896,-0.30000001192092896,-0.30000001192092896,-0.30000001192092896,0.30000001192092896,-0.30000001192092896,0.30000001192092896,-0.30000001192092896,-0.29981594952523805
1.2999999523162842,0.39242376421701053,-0.30000001192092896,0.3103092908859253,0.33418803289767457,-0.30000001192092896,-0.19516130192092895,-0.16868688092092896,-0.30000001192092896,-0.30000001192092896,-0.30000001192092896,0.30000001192092896,-0.30000001192092896,0.30000001192092896,-0.30000001192092896,-0.29985542252523806
1.2999999523162842,0.7544012862170104,-0.30000001192092896,0.3103092908859253,0.3769230758976746,-0.30000001192092896,-0.30000001192092896,-0.30000001192092896,-0.30000001192092896,-0.30000001192092896,-0.30000001192092896,0.30000001192092896,-0.295850633920929,0.860955634920929,-0.30000001192092896,-0.299744099525238
1.2999999523162842,0.3618279022170105,-0.30000001192092896,0.3103092908859253,0.4025641018976746,-0.30000001192092896,-0.29193549592092893,-0.28989900192092893,-0.30000001192092896,-0.30000001192092896,-0.30000001192092896,0.4597593699209289,0.19377592207907107,1.104964719920929,-0.30000001192092896,-0.254105150525238
1.2999999523162842,0.5123837772170106,-0.30000001192092896,0.3103092908859253,0.5222222208976746,-0.30000001192092896,-0.30000001192092896,-0.30000001192092896,-0.30000001192092896,-0.30000001192092896,-0.30000001192092896,0.30000001192092896,-0.295850633920929,0.940819772920929,-0.30000001192092896,-0.299149340525238
1.2999999523162842,0.3915149762170105,-0.30000001192092896,0.3103092908859253,0.5136752128976746,-0.30000001192092896,-0.30000001192092896,-0.30000001192092896,0.699999988079071,-0.30000001192092896,-0.30000001192092896,0.30000001192092896,-0.30000001192092896,0.30000001192092896,-0.30000001192092896,-0.299899996525238
1.2999999523162842,0.4214762012170105,-0.30000001192092896,0.3103092908859253,0.5307692298976746,-0.30000001192092896,-0.30000001192092896,-0.30000001192092896,-0.30000001192092896,-0.30000001192092896,-0.30000001192092896,0.30000001192092896,-0.295850633920929,0.981370357920929,-0.30000001192092896,-0.299077490525238
1.2999999523162842,0.3306080052170105,-0.30000001192092896,0.3515464048859253,0.4965811958976746,-0.30000001192092896,-0.30000001192092896,-0.30000001192092896,-0.30000001192092896,-0.30000001192092896,-0.30000001192092896,0.30000001192092896,-0.24605810292092894,0.692159436920929,-0.30000001192092896,-0.26783116352523806
1.2999999523162842,0.3621138672170105,-0.30000001192092896,0.3103092908859253,0.3598290588976746,-0.30000001192092896,-0.29193549592092893,-0.28989900192092893,-0.30000001192092896,-0.30000001192092896,-0.30000001192092896,0.4610962689209289,0.23112032007907102,0.920659170920929,-0.30000001192092896,-0.253189285525238
1.2999999523162842,0.3021293162170105,-0.30000001192092896,0.3103092908859253,0.33418803289767457,-0.30000001192092896,-0.22741936692092896,-0.20909092092092896,-0.30000001192092896,-0.30000001192092896,-0.30000001192092896,0.30000001192092896,-0.30000001192092896,0.30000001192092896,-0.30000001192092896,-0.29983989952523804
1.2999999523162842,0.9361519152170105,-0.30000001192092896,0.3103092908859253,0.3769230758976746,-0.30000001192092896,-0.30000001192092896,-0.30000001192092896,-0.30000001192092896,-0.30000001192092896,-0.30000001192092896,0.30000001192092896,-0.30000001192092896,0.30000001192092896,-0.30000001192092896,-0.299794882525238
1.2999999523162842,0.3611944762170105,-0.30000001192092896,0.3103092908859253,0.38547008389767456,-0.30000001192092896,-0.29193549592092893,-0.28989900192092893,-0.30000001192092896,-0.30000001192092896,-0.30000001192092896,0.4610962689209289,-0.30000001192092896,0.30000001192092896,-0.30000001192092896,-0.29986251852523804
1.2999999523162842,0.5132925652170105,-0.30000001192092896,0.3103092908859253,0.5222222208976746,-0.30000001192092896,-0.30000001192092896,-0.30000001192092896,-0.30000001192092896,-0.30000001192092896,-0.30000001192092896,0.30000001192092896,-0.30000001192092896,0.30000001192092896,-0.30000001192092896,-0.29127245052523804
1.2999999523162842,0.3015404222170105,-0.30000001192092896,0.3103092908859253,0.3256410248976746,-0.30000001192092896,0.30483869807907105,-0.28989900192092893,-0.30000001192092896,-0.30000001192092896,-0.30000001192092896,1.2024064289209289,-0.30000001192092896,0.30000001192092896,-0.30000001192092896,-0.29983879052523804
1.2999999523162842,0.3018294162170105,-0.30000001192092896,0.3103092908859253,0.33418803289767457,-0.30000001192092896,-0.06612904392092894,-0.007070718920928976,-0.30000001192092896,-0.30000001192092896,-0.30000001192092896,0.32807487792092893,-0.12572615292092895,0.7712671929209289,-0.30000001192092896,-0.26860732152523803
1.2999999523162842,0.3921208342170105,-0.30000001192092896,0.3103092908859253,0.5222222208976746,-0.30000001192092896,-0.30000001192092896,-0.30000001192092896,-0.30000001192092896,-0.30000001192092896,-0.30000001192092896,0.30000001192092896,-0.295850633920929,0.908976793920929,-0.30000001192092896,-0.299522118525238
1.2999999523162842,0.4517979122170105,-0.30000001192092896,0.3103092908859253,0.38547008389767456,-0.30000001192092896,-0.28387097992092897,-0.27979799192092897,-0.30000001192092896,-0.30000001192092896,-0.30000001192092896,0.30000001192092896,-0.30000001192092896,0.30000001192092896,-0.30000001192092896,-0.299856087525238
1.2999999523162842,0.3636442662170105,-0.30000001192092896,0.3103092908859253,0.33418803289767457,-0.30000001192092896,-0.21129033492092897,-0.18888890092092897,-0.30000001192092896,-0.30000001192092896,-0.30000001192092896,0.30000001192092896,-0.30000001192092896,0.30000001192092896,-0.30000001192092896,-0.29984854752523804
1.2999999523162842,0.3048726442170105,-0.30000001192092896,0.3103092908859253,0.3256410248976746,-0.30000001192092896,-0.009677430920928931,0.06363635207907103,-0.30000001192092896,-0.30000001192092896,-0.30000001192092896,0.30000001192092896,-0.30000001192092896,0.30000001192092896,-0.30000001192092896,-0.29983945552523805
1.2999999523162842,0.5429796392170105,-0.30000001192092896,0.3103092908859253,0.5222222208976746,-0.30000001192092896,-0.30000001192092896,-0.30000001192092896,-0.30000001192092896,-0.30000001192092896,-0.30000001192092896,0.30000001192092896,-0.30000001192092896,0.30000001192092896,-0.30000001192092896,-0.291272229525238
1.2999999523162842,0.36061618421701047,-0.30000001192092896,0.3103092908859253,0.3256410248976746,-0.30000001192092896,-0.17903226992092897,-0.14848485992092897,-0.30000001192092896,-0.30000001192092896,-0.30000001192092896,0.30000001192092896,-0.30000001192092896,0.30000001192092896,-0.30000001192092896,-0.27859358552523805
1.2999999523162842,0.4826967032170105,-0.30000001192092896,0.3103092908859253,0.5136752128976746,-0.30000001192092896,-0.30000001192092896,-0.30000001192092896,-0.30000001192092896,-0.30000001192092896,-0.30000001192092896,0.30000001192092896,-0.30000001192092896,0.30000001192092896,-0.30000001192092896,-0.29885905752523806
1.2999999523162842,0.4833025622170105,-0.30000001192092896,0.3103092908859253,0.5136752128976746,-0.30000001192092896,-0.30000001192092896,-0.30000001192092896,-0.30000001192092896,-0.30000001192092896,-0.30000001192092896,0.30000001192092896,-0.283402501920929,0.869510518920929,-0.30000001192092896,-0.299015398525238
1.2999999523162842,0.3918179052170105,-0.30000001192092896,0.3103092908859253,0.5222222208976746,-0.30000001192092896,-0.30000001192092896,-0.30000001192092896,-0.30000001192092896,-0.30000001192092896,-0.30000001192092896,0.30000001192092896,-0.29170125692092896,0.9164036419209289,-0.30000001192092896,-0.299179056525238
1.2999999523162842,0.3605977062170105,-0.30000001192092896,0.3103092908859253,0.3170940158976746,-0.30000001192092896,-0.13870968892092894,-0.09797980992092895,-0.30000001192092896,-0.30000001192092896,-0.30000001192092896,0.30000001192092896,-0.30000001192092896,0.30000001192092896,-0.30000001192092896,-0.299844556525238
1.2999999523162842,0.39242376421701053,-0.30000001192092896,0.3103092908859253,0.5222222208976746,-0.30000001192092896,-0.30000001192092896,-0.30000001192092896,-0.30000001192092896,-0.30000001192092896,-0.30000001192092896,0.30000001192092896,-0.30000001192092896,0.30000001192092896,-0.30000001192092896,-0.299900661325238
1.2999999523162842,0.4527067002170105,-0.30000001192092896,0.3103092908859253,0.5051282038976745,-0.30000001192092896,-0.30000001192092896,-0.30000001192092896,-0.30000001192092896,-0.30000001192092896,-0.30000001192092896,0.30000001192092896,-0.30000001192092896,0.30000001192092896,-0.30000001192092896,-0.299870945525238
1.2999999523162842,0.6032625752170104,-0.30000001192092896,0.3103092908859253,0.5222222208976746,-0.30000001192092896,-0.30000001192092896,-0.30000001192092896,-0.30000001192092896,-0.30000001192092896,-0.30000001192092896,0.30000001192092896,-0.30000001192092896,0.30000001192092896,-0.30000001192092896,-0.29990154842523803
1.2999999523162842,0.3024519362170105,-0.30000001192092896,0.3103092908859253,0.3512820498976746,-0.30000001192092896,-0.19516130192092895,-0.16868688092092896,-0.30000001192092896,-0.30000001192092896,-0.30000001192092896,0.30000001192092896,-0.30000001192092896,0.30000001192092896,-0.30000001192092896,-0.29983989952523804
1.2999999523162842,0.3051734532170105,-0.30000001192092896,0.3103092908859253,0.3256410248976746,-0.30000001192092896,-0.06612904392092894,-0.007070718920928976,-0.30000001192092896,-0.30000001192092896,-0.30000001192092896,0.30000001192092896,-0.30000001192092896,0.30000001192092896,-0.30000001192092896,-0.299837238525238
1.2999999523162842,0.3621135642170105,-0.30000001192092896,0.5268041368859253,0.5393162378976746,-0.30000001192092896,-0.30000001192092896,-0.30000001192092896,-0.30000001192092896,-0.30000001192092896,-0.30000001192092896,0.30000001192092896,-0.24605810292092894,1.046923599920929,-0.30000001192092896,-0.27537364052523805
1.2999999523162842,0.3609191142170105,-0.30000001192092896,0.3103092908859253,0.3769230758976746,-0.30000001192092896,-0.30000001192092896,-0.30000001192092896,-0.30000001192092896,-0.30000001192092896,-0.30000001192092896,0.30000001192092896,-0.29170125692092896,1.104964719920929,-0.30000001192092896,-0.299610600525238
1.2999999523162842,0.3009175992170105,-0.30000001192092896,0.3103092908859253,0.3256410248976746,-0.30000001192092896,-0.21129033492092897,-0.18888890092092897,-0.30000001192092896,-0.30000001192092896,-0.30000001192092896,0.30000001192092896,-0.30000001192092896,0.30000001192092896,-0.30000001192092896,-0.29177828352523805
1.2999999523162842,0.3042567892170105,-0.30000001192092896,0.3103092908859253,0.33418803289767457,-0.30000001192092896,0.06290321407907107,0.15454544307907103,-0.30000001192092896,-0.30000001192092896,-0.30000001192092896,0.30000001192092896,-0.30000001192092896,0.30000001192092896,-0.30000001192092896,-0.29984078652523805
1.2999999523162842,0.6335555082170106,-0.30000001192092896,0.3103092908859253,0.5307692298976746,-0.30000001192092896,-0.30000001192092896,-0.30000001192092896,-0.30000001192092896,-0.30000001192092896,-0.30000001192092896,0.30000001192092896,-0.295850633920929,0.905518600920929,-0.30000001192092896,-0.299220969525238
1.2999999523162842,0.39242376421701053,-0.30000001192092896,0.3103092908859253,0.5051282038976745,-0.30000001192092896,-0.30000001192092896,-0.30000001192092896,-0.30000001192092896,-0.30000001192092896,-0.30000001192092896,0.30000001192092896,-0.30000001192092896,0.30000001192092896,-0.30000001192092896,-0.29990088312523805
1.2999999523162842,0.6332525782170104,-0.30000001192092896,0.3103092908859253,0.3769230758976746,-0.30000001192092896,-0.30000001192092896,-0.30000001192092896,-0.30000001192092896,-0.30000001192092896,-0.30000001192092896,0.30000001192092896,-0.30000001192092896,0.30000001192092896,-0.30000001192092896,-0.299582436525238
1.2999999523162842,0.3612056852170105,-0.30000001192092896,0.3103092908859253,0.3170940158976746,-0.30000001192092896,-0.16290323792092895,-0.28989900192092893,-0.30000001192092896,-0.30000001192092896,-0.30000001192092896,1.038636375920929,-0.12572615292092895,0.798222310920929,-0.30000001192092896,-0.24995913952523802
1.2999999523162842,0.4514855912170105,-0.30000001192092896,0.4752577448859253,0.5393162378976746,-0.30000001192092896,-0.30000001192092896,-0.30000001192092896,-0.30000001192092896,-0.30000001192092896,-0.30000001192092896,0.30000001192092896,-0.24605810292092894,0.765188056920929,-0.30000001192092896,-0.29504745952523803
0.2999999523162842,0.3006073992170105,-0.12734055292092897,0.3000000128859253,0.3256410248976746,0.699999988079071,-0.30000001192092896,-0.30000001192092896,0.699999988079071,-0.05757576992092894,-0.14647304092092894,0.30000001192092896,-0.30000001192092896,0.30000001192092896,-0.23333334492092894,-0.29852131852523806
1.2999999523162842,0.3621308312170105,-0.30000001192092896,0.3103092908859253,0.5222222208976746,-0.30000001192092896,-0.30000001192092896,-0.30000001192092896,-0.30000001192092896,-0.30000001192092896,-0.30000001192092896,0.30000001192092896,-0.30000001192092896,0.30000001192092896,-0.30000001192092896,-0.29936356052523805
1.2999999523162842,0.5726667132170105,-0.30000001192092896,0.3103092908859253,0.5222222208976746,-0.30000001192092896,-0.30000001192092896,-0.30000001192092896,-0.30000001192092896,-0.30000001192092896,-0.30000001192092896,0.30000001192092896,-0.29170125692092896,0.766397456920929,-0.30000001192092896,-0.299465347525238
1.2999999523162842,0.8755960392170105,-0.30000001192092896,0.3103092908859253,0.3769230758976746,-0.30000001192092896,-0.30000001192092896,-0.30000001192092896,-0.30000001192092896,-0.30000001192092896,-0.30000001192092896,0.30000001192092896,-0.2875518789209289,1.104964719920929,-0.30000001192092896,-0.29913315252523803
1.2999999523162842,0.4517979122170105,-0.30000001192092896,0.3103092908859253,0.5222222208976746,-0.30000001192092896,-0.30000001192092896,-0.30000001192092896,-0.30000001192092896,-0.30000001192092896,-0.30000001192092896,0.30000001192092896,-0.30000001192092896,0.30000001192092896,-0.30000001192092896,-0.291272007525238
1.2999999523162842,0.4212020502170105,-0.30000001192092896,0.3103092908859253,0.5307692298976746,-0.30000001192092896,-0.30000001192092896,-0.30000001192092896,-0.30000001192092896,-0.30000001192092896,-0.30000001192092896,0.30000001192092896,-0.295850633920929,0.992381329920929,-0.30000001192092896,-0.29963743352523803
1.2999999523162842,0.4533125582170105,-0.30000001192092896,0.3103092908859253,0.5136752128976746,-0.30000001192092896,-0.30000001192092896,-0.30000001192092896,-0.30000001192092896,-0.30000001192092896,-0.30000001192092896,0.30000001192092896,-0.30000001192092896,0.30000001192092896,-0.30000001192092896,-0.299074829525238
1.2999999523162842,0.4212020502170105,-0.30000001192092896,0.3103092908859253,0.5136752128976746,-0.30000001192092896,-0.30000001192092896,-0.30000001192092896,-0.30000001192092896,-0.30000001192092896,-0.30000001192092896,0.30000001192092896,-0.30000001192092896,0.30000001192092896,-0.30000001192092896,-0.29990088312523805
1.2999999523162842,0.4236254842170105,-0.30000001192092896,0.3103092908859253,0.5222222208976746,-0.30000001192092896,-0.30000001192092896,-0.30000001192092896,-0.30000001192092896,-0.30000001192092896,-0.30000001192092896,0.30000001192092896,-0.30000001192092896,0.30000001192092896,-0.30000001192092896,-0.29889498252523805
1.2999999523162842,0.5429796392170105,-0.30000001192092896,0.3103092908859253,0.5051282038976745,-0.30000001192092896,-0.30000001192092896,-0.30000001192092896,-0.30000001192092896,-0.30000001192092896,-0.30000001192092896,0.30000001192092896,-0.295850633920929,0.695747523920929,-0.30000001192092896,-0.29975252652523804
1.2999999523162842,0.9967677702170105,-0.30000001192092896,0.3103092908859253,0.3769230758976746,-0.30000001192092896,-0.30000001192092896,-0.30000001192092896,-0.30000001192092896,-0.30000001192092896,-0.30000001192092896,0.30000001192092896,-0.29170125692092896,0.7381502899209289,-0.30000001192092896,-0.29953741952523805
1.2999999523162842,0.5429796392170105,-0.30000001192092896,0.3103092908859253,0.5136752128976746,-0.30000001192092896,-0.30000001192092896,-0.30000001192092896,-0.30000001192092896,-0.30000001192092896,-0.30000001192092896,0.30000001192092896,-0.30000001192092896,0.30000001192092896,-0.30000001192092896,-0.29947111352523803
1.2999999523162842,0.45149498221701045,-0.30000001192092896,0.3103092908859253,0.5222222208976746,-0.30000001192092896,-0.30000001192092896,-0.30000001192092896,-0.30000001192092896,-0.30000001192092896,-0.30000001192092896,0.30000001192092896,-0.2875518789209289,0.973676295920929,-0.30000001192092896,-0.29922229952523804
1.2999999523162842,0.4221108382170105,-0.30000001192092896,0.3103092908859253,0.3940170928976746,-0.30000001192092896,-0.29193549592092893,-0.28989900192092893,-0.30000001192092896,-0.30000001192092896,-0.30000001192092896,0.4610962689209289,0.24356845307907105,0.7089505379209289,-0.30000001192092896,-0.26528159752523806
1.2999999523162842,0.3006192142170105,-0.30000001192092896,0.3103092908859253,0.3256410248976746,-0.30000001192092896,-0.11451614092092896,-0.06767677992092896,-0.30000001192092896,-0.30000001192092896,-0.30000001192092896,0.30000001192092896,-0.30000001192092896,0.30000001192092896,-0.30000001192092896,-0.279895534525238
1.2999999523162842,0.3921208342170105,-0.30000001192092896,0.3103092908859253,0.34273504189767456,-0.30000001192092896,-0.26774194692092895,-0.259595971920929,-0.30000001192092896,-0.30000001192092896,-0.30000001192092896,0.30000001192092896,-0.30000001192092896,0.30000001192092896,-0.30000001192092896,-0.254536694525238
1.2999999523162842,0.4527067002170105,-0.30000001192092896,0.3103092908859253,0.5222222208976746,-0.30000001192092896,-0.30000001192092896,-0.30000001192092896,-0.30000001192092896,-0.30000001192092896,-0.30000001192092896,0.30000001192092896,-0.30000001192092896,0.30000001192092896,-0.30000001192092896,-0.299328300525238
1.2999999523162842,0.4233225552170105,-0.30000001192092896,0.3103092908859253,0.33418803289767457,-0.30000001192092896,-0.27580646392092895,-0.26969698192092895,-0.30000001192092896,-0.30000001192092896,-0.30000001192092896,0.30000001192092896,-0.30000001192092896,0.30000001192092896,-0.30000001192092896,-0.279264407525238
1.2999999523162842,0.3915149762170105,-0.30000001192092896,0.3103092908859253,0.3598290588976746,-0.30000001192092896,-0.29193549592092893,-0.28989900192092893,-0.30000001192092896,-0.30000001192092896,-0.30000001192092896,0.4610962689209289,0.699999988079071,0.6740299839209289,-0.30000001192092896,-0.267846021525238
1.2999999523162842,0.3021308312170105,-0.30000001192092896,0.3515464048859253,0.4880341868976746,-0.30000001192092896,-0.30000001192092896,-0.30000001192092896,-0.30000001192092896,-0.30000001192092896,-0.30000001192092896,0.30000001192092896,-0.24605810292092894,1.119382977920929,-0.30000001192092896,-0.27885503952523805
1.2999999523162842,0.5132925652170105,-0.30000001192092896,0.3103092908859253,0.5136752128976746,-0.30000001192092896,-0.30000001192092896,-0.30000001192092896,-0.30000001192092896,-0.30000001192092896,-0.30000001192092896,0.30000001192092896,-0.29170125692092896,0.8893623089209289,-0.30000001192092896,-0.299608826525238
1.2999999523162842,0.45149498221701045,-0.30000001192092896,0.3103092908859253,0.5136752128976746,-0.30000001192092896,-0.30000001192092896,-0.30000001192092896,-0.30000001192092896,-0.30000001192092896,-0.30000001192092896,0.30000001192092896,-0.30000001192092896,0.30000001192092896,-0.30000001192092896,-0.29893379052523805
1.2999999523162842,0.5429784272170105,-0.30000001192092896,0.3103092908859253,0.5222222208976746,-0.30000001192092896,-0.30000001192092896,-0.30000001192092896,-0.30000001192092896,-0.30000001192092896,-0.30000001192092896,0.30000001192092896,-0.30000001192092896,0.30000001192092896,-0.30000001192092896,-0.29939970752523803
1.2999999523162842,0.6032625752170104,-0.30000001192092896,0.3103092908859253,0.5136752128976746,-0.30000001192092896,-0.30000001192092896,-0.30000001192092896,-0.30000001192092896,-0.30000001192092896,-0.30000001192092896,0.30000001192092896,-0.30000001192092896,0.30000001192092896,-0.30000001192092896,-0.29957844552523805
1.2999999523162842,0.4820832712170105,-0.30000001192092896,0.3103092908859253,0.5222222208976746,-0.30000001192092896,-0.30000001192092896,-0.30000001192092896,-0.30000001192092896,-0.30000001192092896,-0.30000001192092896,0.30000001192092896,-0.30000001192092896,0.30000001192092896,-0.30000001192092896,-0.299507260525238
1.2999999523162842,0.4212020502170105,-0.30000001192092896,0.3103092908859253,0.5136752128976746,-0.30000001192092896,-0.30000001192092896,-0.30000001192092896,-0.30000001192092896,-0.30000001192092896,-0.30000001192092896,0.30000001192092896,-0.30000001192092896,0.30000001192092896,-0.30000001192092896,-0.29943541052523803
1.2999999523162842,0.4817721632170105,-0.30000001192092896,0.3103092908859253,0.5136752128976746,-0.30000001192092896,-0.30000001192092896,-0.30000001192092896,-0.30000001192092896,-0.30000001192092896,-0.30000001192092896,0.30000001192092896,-0.30000001192092896,0.30000001192092896,-0.30000001192092896,-0.29965051652523805
1.2999999523162842,0.3609072992170105,-0.30000001192092896,0.44432990988592536,0.5393162378976746,-0.30000001192092896,-0.30000001192092896,-0.30000001192092896,-0.30000001192092896,-0.30000001192092896,-0.30000001192092896,0.30000001192092896,-0.24605810292092894,0.965039404920929,-0.30000001192092896,-0.264940974525238
1.2999999523162842,0.5132925652170105,-0.30000001192092896,0.3103092908859253,0.5222222208976746,-0.30000001192092896,-0.30000001192092896,-0.30000001192092896,-0.30000001192092896,-0.30000001192092896,-0.30000001192092896,0.30000001192092896,-0.30000001192092896,0.30000001192092896,-0.30000001192092896,-0.29127245052523804
1.2999999523162842,0.3042704212170105,-0.30000001192092896,0.3103092908859253,0.3170940158976746,-0.30000001192092896,0.18387095607907106,0.30606059407907105,-0.30000001192092896,-0.30000001192092896,-0.30000001192092896,0.30000001192092896,-0.30000001192092896,0.30000001192092896,-0.30000001192092896,-0.29983967752523805
1.2999999523162842,0.3312238602170105,-0.30000001192092896,0.3103092908859253,0.3598290588976746,-0.30000001192092896,-0.20322581792092898,-0.28989900192092893,-0.30000001192092896,-0.30000001192092896,-0.30000001192092896,0.981818193920929,-0.30000001192092896,0.30000001192092896,-0.30000001192092896,-0.299841229525238
1.2999999523162842,0.4533125582170105,-0.30000001192092896,0.3103092908859253,0.34273504189767456,-0.30000001192092896,-0.25161291492092897,-0.23939395092092897,-0.30000001192092896,-0.30000001192092896,-0.30000001192092896,0.30000001192092896,-0.30000001192092896,0.30000001192092896,-0.30000001192092896,-0.29985453552523805
1.2999999523162842,0.8452800842170105,-0.30000001192092896,0.3103092908859253,0.3769230758976746,-0.30000001192092896,-0.30000001192092896,-0.30000001192092896,-0.30000001192092896,-0.30000001192092896,-0.30000001192092896,0.30000001192092896,-0.295850633920929,0.860955634920929,-0.30000001192092896,-0.29976117452523804
1.2999999523162842,0.5135954942170105,-0.30000001192092896,0.3103092908859253,0.5051282038976745,-0.30000001192092896,-0.30000001192092896,-0.30000001192092896,-0.30000001192092896,-0.30000001192092896,-0.30000001192092896,0.30000001192092896,-0.30000001192092896,0.30000001192092896,-0.30000001192092896,-0.29934670652523804
1.2999999523162842,0.4817630752170105,-0.30000001192092896,0.3103092908859253,0.5307692298976746,-0.30000001192092896,-0.30000001192092896,-0.30000001192092896,-0.30000001192092896,-0.30000001192092896,-0.30000001192092896,0.30000001192092896,-0.30000001192092896,0.30000001192092896,-0.30000001192092896,-0.29990043962523805
1.2999999523162842,0.4529990262170105,-0.30000001192092896,0.3103092908859253,0.3940170928976746,-0.30000001192092896,-0.28387097992092897,-0.27979799192092897,-0.30000001192092896,-0.30000001192092896,-0.30000001192092896,0.30000001192092896,-0.30000001192092896,0.30000001192092896,-0.30000001192092896,-0.26154207052523804
0.2999999523162842,0.3036500212170105,-0.15988570392092896,0.3000000128859253,0.3256410248976746,0.699999988079071,-0.30000001192092896,-0.30000001192092896,0.699999988079071,-0.027272738920928963,-0.16307055092092895,0.30000001192092896,-0.30000001192092896,0.30000001192092896,-0.16666667892092896,-0.29868031952523805
1.2999999523162842,0.3321347692170105,-0.30000001192092896,0.3103092908859253,0.3256410248976746,-0.30000001192092896,-0.23548388292092895,-0.21919193092092895,-0.30000001192092896,-0.30000001192092896,-0.30000001192092896,0.30000001192092896,-0.30000001192092896,0.30000001192092896,-0.30000001192092896,-0.29984078652523805
1.2999999523162842,0.4833025622170105,-0.30000001192092896,0.3103092908859253,0.5136752128976746,-0.30000001192092896,-0.30000001192092896,-0.30000001192092896,-0.30000001192092896,-0.30000001192092896,-0.30000001192092896,0.30000001192092896,-0.2875518789209289,0.918342235920929,-0.30000001192092896,-0.298623549525238
1.2999999523162842,0.3051770882170105,-0.30000001192092896,0.3103092908859253,0.33418803289767457,-0.30000001192092896,-0.13064517292092895,-0.28989900192092893,-0.30000001192092896,-0.30000001192092896,-0.30000001192092896,1.072058835920929,-0.18381743892092894,1.0151738689209289,-0.30000001192092896,-0.24695762752523803
1.2999999523162842,0.4239284142170105,-0.30000001192092896,0.3103092908859253,0.5136752128976746,-0.30000001192092896,-0.30000001192092896,-0.30000001192092896,-0.30000001192092896,-0.30000001192092896,-0.30000001192092896,0.30000001192092896,-0.30000001192092896,0.30000001192092896,-0.30000001192092896,-0.29910964552523805
1.2999999523162842,0.3036515362170105,-0.30000001192092896,0.3103092908859253,0.3512820498976746,-0.30000001192092896,0.08709676207907102,-0.28989900192092893,-0.30000001192092896,-0.30000001192092896,-0.30000001192092896,1.166310171920929,-0.24605810292092894,1.003730975920929,-0.30000001192092896,-0.262596092525238
1.2999999523162842,0.3303196162170105,-0.30000001192092896,0.3103092908859253,0.3598290588976746,-0.30000001192092896,-0.21129033492092897,-0.28989900192092893,-0.30000001192092896,-0.30000001192092896,-0.30000001192092896,0.961764717920929,-0.30000001192092896,0.30000001192092896,-0.30000001192092896,-0.29983879052523804
1.2999999523162842,0.3048756742170105,-0.30000001192092896,0.3103092908859253,0.33418803289767457,-0.30000001192092896,-0.18709678592092896,-0.15858587092092896,-0.30000001192092896,-0.30000001192092896,-0.30000001192092896,0.30000001192092896,-0.30000001192092896,0.30000001192092896,-0.30000001192092896,-0.29983989952523804
1.2999999523162842,0.3609191142170105,-0.30000001192092896,0.3103092908859253,0.34273504189767456,-0.30000001192092896,-0.27580646392092895,-0.26969698192092895,-0.30000001192092896,-0.30000001192092896,-0.30000001192092896,0.30000001192092896,-0.30000001192092896,0.30000001192092896,-0.30000001192092896,-0.29986739752523806
1.2999999523162842,0.4221108382170105,-0.30000001192092896,0.3103092908859253,0.5307692298976746,-0.30000001192092896,-0.30000001192092896,-0.30000001192092896,-0.30000001192092896,-0.30000001192092896,-0.30000001192092896,0.30000001192092896,-0.29170125692092896,1.018495879920929,-0.30000001192092896,-0.29917196052523803
1.2999999523162842,0.3033458802170105,-0.30000001192092896,0.3103092908859253,0.3256410248976746,-0.30000001192092896,-0.05806452792092895,0.0030302910790710458,-0.30000001192092896,-0.30000001192092896,-0.30000001192092896,0.30000001192092896,-0.30000001192092896,0.30000001192092896,-0.30000001192092896,-0.29983701652523803
1.2999999523162842,0.4212020502170105,-0.30000001192092896,0.3103092908859253,0.34273504189767456,-0.30000001192092896,-0.22741936692092896,-0.20909092092092896,-0.30000001192092896,-0.30000001192092896,-0.30000001192092896,0.30000001192092896,-0.30000001192092896,0.30000001192092896,-0.30000001192092896,-0.29985564452523805
1.2999999523162842,0.3048471982170105,-0.30000001192092896,0.3103092908859253,0.3170940158976746,-0.30000001192092896,-0.017741946920928953,0.05353534207907107,-0.30000001192092896,-0.30000001192092896,-0.30000001192092896,0.30000001192092896,-0.30000001192092896,0.30000001192092896,-0.30000001192092896,-0.29983967752523805
1.2999999523162842,0.3608991202170105,-0.30000001192092896,0.3824742398859253,0.5393162378976746,-0.30000001192092896,-0.30000001192092896,-0.30000001192092896,-0.30000001192092896,-0.30000001192092896,-0.30000001192092896,0.30000001192092896,-0.24605810292092894,1.119382977920929,-0.30000001192092896,-0.29454916652523805
1.2999999523162842,0.3621308312170105,-0.30000001192092896,0.3103092908859253,0.3598290588976746,-0.30000001192092896,-0.28387097992092897,-0.28989900192092893,-0.30000001192092896,-0.30000001192092896,-0.30000001192092896,0.575401081920929,-0.30000001192092896,0.30000001192092896,-0.30000001192092896,-0.299862075525238
1.2999999523162842,0.42271669621701047,-0.30000001192092896,0.3103092908859253,0.5136752128976746,-0.30000001192092896,-0.30000001192092896,-0.30000001192092896,-0.30000001192092896,-0.30000001192092896,-0.30000001192092896,0.30000001192092896,-0.30000001192092896,0.30000001192092896,-0.30000001192092896,-0.298942439525238
1.2999999523162842,0.3330241692170105,-0.30000001192092896,0.4340206318859253,0.5393162378976746,-0.30000001192092896,-0.30000001192092896,-0.30000001192092896,-0.30000001192092896,-0.30000001192092896,-0.30000001192092896,0.30000001192092896,-0.24605810292092894,0.572031290920929,-0.30000001192092896,-0.272338199525238
1.2999999523162842,0.3914880152170105,-0.30000001192092896,0.3103092908859253,0.3683760668976746,-0.30000001192092896,-0.26774194692092895,-0.28989900192092893,-0.30000001192092896,-0.30000001192092896,-0.30000001192092896,0.7278074989209289,-0.30000001192092896,0.30000001192092896,-0.30000001192092896,-0.299856309525238
1.2999999523162842,0.4533125582170105,-0.30000001192092896,0.3103092908859253,0.5051282038976745,-0.30000001192092896,-0.30000001192092896,-0.30000001192092896,-0.30000001192092896,-0.30000001192092896,-0.30000001192092896,0.30000001192092896,-0.30000001192092896,0.30000001192092896,-0.30000001192092896,-0.29867943252523804
1.2999999523162842,0.42148498621701047,-0.30000001192092896,0.5164948578859253,0.5393162378976746,-0.30000001192092896,-0.30000001192092896,-0.30000001192092896,-0.30000001192092896,-0.30000001192092896,-0.30000001192092896,0.30000001192092896,-0.24605810292092894,1.119382977920929,-0.30000001192092896,-0.29455537552523803
1.2999999523162842,0.30090911721701047,-0.30000001192092896,0.3103092908859253,0.3170940158976746,-0.30000001192092896,-0.025806463920928946,0.04343433107907102,-0.30000001192092896,-0.30000001192092896,-0.30000001192092896,0.30000001192092896,-0.30000001192092896,0.30000001192092896,-0.30000001192092896,-0.29983967752523805
1.2999999523162842,0.5426767102170105,-0.30000001192092896,0.3103092908859253,0.5222222208976746,-0.30000001192092896,-0.30000001192092896,-0.30000001192092896,-0.30000001192092896,-0.30000001192092896,-0.30000001192092896,0.30000001192092896,-0.30000001192092896,0.30000001192092896,-0.30000001192092896,-0.299900661325238
1.2999999523162842,0.4221108382170105,-0.30000001192092896,0.3103092908859253,0.5051282038976745,-0.30000001192092896,-0.30000001192092896,-0.30000001192092896,-0.30000001192092896,-0.30000001192092896,-0.30000001192092896,0.30000001192092896,-0.30000001192092896,0.30000001192092896,-0.30000001192092896,-0.29943585352523805
1.2999999523162842,0.3915149762170105,-0.30000001192092896,0.3103092908859253,0.5222222208976746,-0.30000001192092896,-0.30000001192092896,-0.30000001192092896,-0.30000001192092896,-0.30000001192092896,-0.30000001192092896,0.30000001192092896,-0.30000001192092896,0.30000001192092896,-0.30000001192092896,-0.29965007352523804
1.2999999523162842,0.3036572922170105,-0.30000001192092896,0.3103092908859253,0.34273504189767456,-0.30000001192092896,-0.13064517292092895,-0.28989900192092893,-0.30000001192092896,-0.30000001192092896,-0.30000001192092896,1.072058835920929,-0.30000001192092896,0.30000001192092896,-0.30000001192092896,-0.25199555452523803
1.2999999523162842,0.4539184172170105,-0.30000001192092896,0.3103092908859253,0.5393162378976746,-0.30000001192092896,-0.30000001192092896,-0.30000001192092896,-0.30000001192092896,-0.30000001192092896,-0.30000001192092896,0.30000001192092896,-0.295850633920929,0.979165439920929,-0.30000001192092896,-0.298966167525238
1.2999999523162842,0.4524037702170105,-0.30000001192092896,0.3103092908859253,0.5307692298976746,-0.30000001192092896,-0.30000001192092896,-0.30000001192092896,-0.30000001192092896,-0.30000001192092896,-0.30000001192092896,0.30000001192092896,-0.30000001192092896,0.30000001192092896,-0.30000001192092896,-0.29990043962523805
1.2999999523162842,0.5123837772170106,-0.30000001192092896,0.3103092908859253,0.5222222208976746,-0.30000001192092896,-0.30000001192092896,-0.30000001192092896,-0.30000001192092896,-0.30000001192092896,-0.30000001192092896,0.30000001192092896,-0.30000001192092896,0.30000001192092896,-0.30000001192092896,-0.299900661325238
1.2999999523162842,0.4820893302170105,-0.30000001192092896,0.3103092908859253,0.5051282038976745,-0.30000001192092896,-0.30000001192092896,-0.30000001192092896,-0.30000001192092896,-0.30000001192092896,-0.30000001192092896,0.30000001192092896,-0.30000001192092896,0.30000001192092896,-0.30000001192092896,-0.299754965525238
1.2999999523162842,0.3018445632170105,-0.30000001192092896,0.3103092908859253,0.34273504189767456,-0.30000001192092896,-0.16290323792092895,-0.12828283992092895,-0.30000001192092896,-0.30000001192092896,-0.30000001192092896,0.343449209920929,-0.030290467920928932,1.0424097209209289,-0.30000001192092896,-0.20785237252523803
1.2999999523162842,0.5129896362170105,-0.30000001192092896,0.3103092908859253,0.5222222208976746,-0.30000001192092896,-0.29193549592092893,-0.28989900192092893,-0.30000001192092896,-0.30000001192092896,-0.30000001192092896,0.4610962689209289,-0.30000001192092896,0.30000001192092896,-0.30000001192092896,-0.299894895525238
1.2999999523162842,0.4233225552170105,-0.30000001192092896,0.3103092908859253,0.5136752128976746,-0.30000001192092896,-0.30000001192092896,-0.30000001192092896,-0.30000001192092896,-0.30000001192092896,-0.30000001192092896,0.30000001192092896,-0.30000001192092896,0.30000001192092896,-0.30000001192092896,-0.28515499952523804
1.2999999523162842,0.5129896362170105,-0.30000001192092896,0.3103092908859253,0.5222222208976746,-0.30000001192092896,-0.30000001192092896,-0.30000001192092896,-0.30000001192092896,-0.30000001192092896,-0.30000001192092896,0.30000001192092896,-0.30000001192092896,0.30000001192092896,-0.30000001192092896,-0.29990088312523805
1.2999999523162842,0.45176822421701046,-0.30000001192092896,0.3103092908859253,0.5136752128976746,-0.30000001192092896,-0.30000001192092896,-0.30000001192092896,-0.30000001192092896,-0.30000001192092896,-0.30000001192092896,0.30000001192092896,-0.295850633920929,0.831649561920929,-0.30000001192092896,-0.299568909525238
1.2999999523162842,0.3914907412170105,-0.30000001192092896,0.3103092908859253,0.4025641018976746,-0.30000001192092896,-0.28387097992092897,-0.28989900192092893,-0.30000001192092896,-0.30000001192092896,-0.30000001192092896,0.575401081920929,-0.30000001192092896,0.30000001192092896,-0.30000001192092896,-0.299861188525238
1.2999999523162842,0.3015213372170105,-0.30000001192092896,0.49587630188592535,0.5393162378976746,-0.30000001192092896,-0.30000001192092896,-0.30000001192092896,0.699999988079071,-0.30000001192092896,-0.30000001192092896,0.605481294920929,-0.24605810292092894,0.6907916699209289,-0.30000001192092896,-0.24332077452523804
1.2999999523162842,0.3012205282170105,-0.30000001192092896,0.3103092908859253,0.3085470078976746,-0.30000001192092896,-0.07419355992092896,-0.01717172892092894,-0.30000001192092896,-0.30000001192092896,-0.30000001192092896,0.30000001192092896,-0.30000001192092896,0.30000001192092896,-0.30000001192092896,-0.29983856852523805
1.2999999523162842,0.3000209283170105,-0.30000001192092896,0.44432990988592536,0.2999999988976746,-0.30000001192092896,0.34516127807907104,-0.28989900192092893,-0.30000001192092896,-0.30000001192092896,-0.30000001192092896,0.5032085679209289,-0.22946059292092896,0.765188056920929,-0.30000001192092896,-0.28186320452523805
1.2999999523162842,0.5435854982170105,-0.30000001192092896,0.3103092908859253,0.5222222208976746,-0.30000001192092896,-0.30000001192092896,-0.30000001192092896,-0.30000001192092896,-0.30000001192092896,-0.30000001192092896,0.30000001192092896,-0.30000001192092896,0.30000001192092896,-0.30000001192092896,-0.299900661325238
1.2999999523162842,0.5426661072170105,-0.30000001192092896,0.3103092908859253,0.5136752128976746,-0.30000001192092896,-0.30000001192092896,-0.30000001192092896,-0.30000001192092896,-0.30000001192092896,-0.30000001192092896,0.30000001192092896,-0.30000001192092896,0.30000001192092896,-0.30000001192092896,-0.299900217825238
1.2999999523162842,0.3920905412170105,-0.30000001192092896,0.3103092908859253,0.5136752128976746,-0.30000001192092896,-0.30000001192092896,-0.30000001192092896,-0.30000001192092896,-0.30000001192092896,-0.30000001192092896,0.30000001192092896,-0.30000001192092896,0.30000001192092896,-0.30000001192092896,-0.29918504452523803
1.2999999523162842,0.3639320492170105,-0.30000001192092896,0.3103092908859253,0.3256410248976746,-0.30000001192092896,-0.06612904392092894,-0.28989900192092893,-0.30000001192092896,-0.30000001192092896,-0.30000001192092896,1.114171134920929,-0.30000001192092896,0.30000001192092896,-0.30000001192092896,-0.29984943452523805
1.2999999523162842,0.39242376421701053,-0.30000001192092896,0.3103092908859253,0.34273504189767456,-0.30000001192092896,-0.27580646392092895,-0.26969698192092895,-0.30000001192092896,-0.30000001192092896,-0.30000001192092896,0.30000001192092896,-0.30000001192092896,0.30000001192092896,-0.30000001192092896,-0.29985564452523805
1.2999999523162842,0.3927127582170105,-0.30000001192092896,0.3103092908859253,0.3769230758976746,-0.30000001192092896,-0.30000001192092896,-0.30000001192092896,-0.30000001192092896,-0.30000001192092896,-0.30000001192092896,0.30000001192092896,-0.2875518789209289,0.7165446179209289,-0.30000001192092896,-0.293648823525238
1.2999999523162842,0.3618057882170105,-0.30000001192092896,0.3103092908859253,0.33418803289767457,-0.30000001192092896,-0.17096775392092894,-0.28989900192092893,-0.30000001192092896,-0.30000001192092896,-0.30000001192092896,1.0272727389209289,-0.30000001192092896,0.30000001192092896,-0.30000001192092896,-0.29984366952523805
1.2999999523162842,0.3621065972170105,-0.30000001192092896,0.5061855798859253,0.5393162378976746,-0.30000001192092896,-0.30000001192092896,-0.30000001192092896,-0.30000001192092896,-0.30000001192092896,-0.30000001192092896,0.30000001192092896,-0.24605810292092894,0.950088698920929,-0.30000001192092896,-0.27567523352523804
1.2999999523162842,0.4829996322170105,-0.30000001192092896,0.3103092908859253,0.5222222208976746,-0.30000001192092896,-0.30000001192092896,-0.30000001192092896,-0.30000001192092896,-0.30000001192092896,-0.30000001192092896,0.30000001192092896,-0.30000001192092896,0.30000001192092896,-0.30000001192092896,-0.29939970752523803
1.2999999523162842,0.4217791302170105,-0.30000001192092896,0.3103092908859253,0.5222222208976746,-0.30000001192092896,-0.30000001192092896,-0.30000001192092896,-0.30000001192092896,-0.30000001192092896,-0.30000001192092896,0.30000001192092896,-0.30000001192092896,0.30000001192092896,-0.30000001192092896,-0.29990088312523805
1.2999999523162842,0.3921208342170105,-0.30000001192092896,0.3103092908859253,0.38547008389767456,-0.30000001192092896,-0.29193549592092893,-0.28989900192092893,-0.30000001192092896,-0.30000001192092896,-0.30000001192092896,0.4597593699209289,0.691701233079071,0.8631749139209289,-0.30000001192092896,-0.25075170652523804
1.2999999523162842,0.4211766042170105,-0.30000001192092896,0.4237113528859253,0.4367521358976746,-0.30000001192092896,-0.30000001192092896,-0.30000001192092896,-0.30000001192092896,-0.30000001192092896,-0.30000001192092896,0.30000001192092896,-0.24605810292092894,0.572031290920929,-0.30000001192092896,-0.29514680752523803
1.2999999523162842,0.3003102262170105,-0.30000001192092896,0.3103092908859253,0.3598290588976746,-0.30000001192092896,-0.14677420592092896,-0.28989900192092893,-0.30000001192092896,-0.30000001192092896,-0.30000001192092896,1.062032097920929,-0.17136930692092894,0.9832251139209289,-0.30000001192092896,-0.24757744452523803
1.2999999523162842,0.7850201712170105,-0.30000001192092896,0.3103092908859253,0.3683760668976746,-0.30000001192092896,-0.30000001192092896,-0.30000001192092896,-0.30000001192092896,-0.30000001192092896,-0.30000001192092896,0.30000001192092896,-0.30000001192092896,0.30000001192092896,-0.30000001192092896,-0.299654286525238
1.2999999523162842,0.3909091172170105,-0.30000001192092896,0.3103092908859253,0.3512820498976746,-0.30000001192092896,-0.26774194692092895,-0.28989900192092893,-0.30000001192092896,-0.30000001192092896,-0.30000001192092896,0.7278074989209289,-0.30000001192092896,0.30000001192092896,-0.30000001192092896,-0.25091691752523804
1.2999999523162842,0.3609045732170105,-0.30000001192092896,0.49587630188592535,0.5393162378976746,-0.30000001192092896,-0.30000001192092896,-0.30000001192092896,-0.30000001192092896,-0.30000001192092896,-0.30000001192092896,0.30000001192092896,-0.24605810292092894,1.019762921920929,-0.30000001192092896,-0.28134273552523803
1.2999999523162842,0.3324195232170105,-0.30000001192092896,0.3103092908859253,0.3170940158976746,-0.30000001192092896,0.08709676207907102,-0.28989900192092893,-0.30000001192092896,-0.30000001192092896,-0.30000001192092896,1.148262043920929,-0.30000001192092896,0.30000001192092896,-0.30000001192092896,-0.299843003525238
1.2999999523162842,0.42271669621701047,-0.30000001192092896,0.3103092908859253,0.5136752128976746,-0.30000001192092896,-0.30000001192092896,-0.30000001192092896,-0.30000001192092896,-0.30000001192092896,-0.30000001192092896,0.30000001192092896,-0.30000001192092896,0.30000001192092896,-0.30000001192092896,-0.299870723525238
1.2999999523162842,0.5135954942170105,-0.30000001192092896,0.3103092908859253,0.5136752128976746,-0.30000001192092896,-0.30000001192092896,-0.30000001192092896,-0.30000001192092896,-0.30000001192092896,-0.30000001192092896,0.30000001192092896,-0.29170125692092896,0.7584912959209289,-0.30000001192092896,-0.29909900152523805
0.2999999523162842,0.30090911721701047,0.04509872207907106,0.3000000128859253,0.3256410248976746,0.699999988079071,-0.30000001192092896,-0.30000001192092896,0.699999988079071,0.376767665079071,-0.23775934792092895,0.30000001192092896,-0.30000001192092896,0.30000001192092896,-0.10000001192092894,-0.299280622525238
1.2999999523162842,0.4517676192170105,-0.30000001192092896,0.3103092908859253,0.3598290588976746,-0.30000001192092896,-0.24354839892092894,-0.22929294092092894,-0.30000001192092896,-0.30000001192092896,-0.30000001192092896,0.38021391592092896,0.19792529907907103,0.944194374920929,-0.30000001192092896,-0.25007644952523805
1.2999999523162842,0.5135954942170105,-0.30000001192092896,0.3103092908859253,0.5051282038976745,-0.30000001192092896,-0.30000001192092896,-0.30000001192092896,-0.30000001192092896,-0.30000001192092896,-0.30000001192092896,0.30000001192092896,-0.30000001192092896,0.30000001192092896,-0.30000001192092896,-0.29990088312523805
1.2999999523162842,0.3327372952170105,-0.30000001192092896,0.3103092908859253,0.3769230758976746,-0.30000001192092896,-0.21935485092092893,-0.28989900192092893,-0.30000001192092896,-0.30000001192092896,-0.30000001192092896,0.9323529529209289,-0.13402490792092894,0.765188056920929,-0.30000001192092896,-0.24090847752523803
1.2999999523162842,0.45178973221701046,-0.30000001192092896,0.4752577448859253,0.3940170928976746,-0.30000001192092896,-0.30000001192092896,-0.30000001192092896,-0.30000001192092896,-0.30000001192092896,-0.30000001192092896,0.30000001192092896,-0.24605810292092894,0.973676295920929,-0.30000001192092896,-0.295140819525238
1.2999999523162842,0.4524037702170105,-0.30000001192092896,0.3103092908859253,0.5222222208976746,-0.30000001192092896,-0.30000001192092896,-0.30000001192092896,-0.30000001192092896,-0.30000001192092896,-0.30000001192092896,0.30000001192092896,-0.30000001192092896,0.30000001192092896,-0.30000001192092896,-0.299897113525238
1.2999999523162842,0.4524037702170105,-0.30000001192092896,0.3103092908859253,0.3598290588976746,-0.30000001192092896,-0.27580646392092895,-0.26969698192092895,-0.30000001192092896,-0.30000001192092896,-0.30000001192092896,0.30000001192092896,-0.30000001192092896,0.30000001192092896,-0.30000001192092896,-0.29985542252523806
1.2999999523162842,0.3909091172170105,-0.30000001192092896,0.3103092908859253,0.5222222208976746,-0.30000001192092896,-0.30000001192092896,-0.30000001192092896,-0.30000001192092896,-0.30000001192092896,-0.30000001192092896,0.30000001192092896,-0.30000001192092896,0.30000001192092896,-0.30000001192092896,-0.299641202525238
1.2999999523162842,0.3030308342170105,-0.30000001192092896,0.3103092908859253,0.33418803289767457,-0.30000001192092896,-0.13870968892092894,-0.09797980992092895,-0.30000001192092896,-0.30000001192092896,-0.30000001192092896,0.30000001192092896,-0.30000001192092896,0.30000001192092896,-0.30000001192092896,-0.29983901252523804
1.2999999523162842,0.45149498221701045,-0.30000001192092896,0.3103092908859253,0.5307692298976746,-0.30000001192092896,-0.30000001192092896,-0.30000001192092896,-0.30000001192092896,-0.30000001192092896,-0.30000001192092896,0.30000001192092896,-0.30000001192092896,0.30000001192092896,-0.30000001192092896,-0.299897113525238
1.2999999523162842,0.5429796392170105,-0.30000001192092896,0.3103092908859253,0.5136752128976746,-0.30000001192092896,-0.30000001192092896,-0.30000001192092896,-0.30000001192092896,-0.30000001192092896,-0.30000001192092896,0.30000001192092896,-0.30000001192092896,0.30000001192092896,-0.30000001192092896,-0.299901104925238
1.2999999523162842,0.3027439602170105,-0.30000001192092896,0.3103092908859253,0.3256410248976746,-0.30000001192092896,-0.009677430920928931,-0.28989900192092893,-0.30000001192092896,-0.30000001192092896,-0.30000001192092896,1.142246000920929,-0.21286308292092895,0.9322603329209289,-0.30000001192092896,-0.250345443525238
1.2999999523162842,0.4517979122170105,-0.30000001192092896,0.3103092908859253,0.5307692298976746,-0.30000001192092896,-0.30000001192092896,-0.30000001192092896,-0.30000001192092896,-0.30000001192092896,-0.30000001192092896,0.30000001192092896,-0.2875518789209289,0.695747523920929,-0.30000001192092896,-0.29907416452523805
1.2999999523162842,0.3018427452170105,-0.30000001192092896,0.3103092908859253,0.3170940158976746,-0.30000001192092896,-0.22741936692092896,-0.28989900192092893,-0.30000001192092896,-0.30000001192092896,-0.30000001192092896,0.919652417920929,-0.08008299992092896,0.708840948920929,-0.30000001192092896,-0.25328109352523803
1.2999999523162842,0.5132746922170105,-0.30000001192092896,0.3103092908859253,0.5222222208976746,-0.30000001192092896,-0.30000001192092896,-0.30000001192092896,-0.30000001192092896,-0.30000001192092896,-0.30000001192092896,0.30000001192092896,-0.295850633920929,0.830881789920929,-0.30000001192092896,-0.29965051652523805
1.2999999523162842,0.3054591152170105,-0.30000001192092896,0.3103092908859253,0.3512820498976746,-0.30000001192092896,-0.27580646392092895,-0.26969698192092895,-0.30000001192092896,-0.30000001192092896,-0.30000001192092896,0.30000001192092896,-0.30000001192092896,0.30000001192092896,-0.30000001192092896,-0.29983967752523805
1.2999999523162842,0.5135954942170105,-0.30000001192092896,0.3103092908859253,0.5051282038976745,-0.30000001192092896,-0.30000001192092896,-0.30000001192092896,-0.30000001192092896,-0.30000001192092896,-0.30000001192092896,0.30000001192092896,-0.30000001192092896,0.30000001192092896,-0.30000001192092896,-0.29990088312523805
1.2999999523162842,0.3048532572170105,-0.30000001192092896,0.3103092908859253,0.3256410248976746,-0.30000001192092896,-0.11451614092092896,-0.06767677992092896,-0.30000001192092896,-0.30000001192092896,-0.30000001192092896,0.30000001192092896,-0.30000001192092896,0.30000001192092896,-0.30000001192092896,-0.29206612752523803
1.2999999523162842,0.3303232522170105,-0.30000001192092896,0.3103092908859253,0.3256410248976746,-0.30000001192092896,-0.25161291492092897,-0.23939395092092897,-0.30000001192092896,-0.30000001192092896,-0.30000001192092896,0.30000001192092896,-0.30000001192092896,0.30000001192092896,-0.30000001192092896,-0.297364843525238
1.2999999523162842,0.33151073521701047,-0.30000001192092896,0.3103092908859253,0.3512820498976746,-0.30000001192092896,-0.27580646392092895,-0.26969698192092895,-0.30000001192092896,-0.30000001192092896,-0.30000001192092896,0.42098931692092895,0.45103733207907104,0.950088698920929,-0.30000001192092896,-0.24388293452523802
1.2999999523162842,0.4527067002170105,-0.30000001192092896,0.3103092908859253,0.5222222208976746,-0.30000001192092896,-0.30000001192092896,-0.30000001192092896,-0.30000001192092896,-0.30000001192092896,-0.30000001192092896,0.30000001192092896,-0.30000001192092896,0.30000001192092896,-0.30000001192092896,-0.29127777352523804
1.2999999523162842,0.3000009350050105,-0.30000001192092896,0.3103092908859253,0.2999999988976746,-0.30000001192092896,-0.21129033492092897,-0.28989900192092893,-0.30000001192092896,-0.30000001192092896,-0.30000001192092896,0.961764717920929,-0.30000001192092896,0.30000001192092896,-0.30000001192092896,-0.299949448425238
1.2999999523162842,0.7241098682170105,-0.30000001192092896,0.3103092908859253,0.3769230758976746,-0.30000001192092896,-0.30000001192092896,-0.30000001192092896,-0.30000001192092896,-0.30000001192092896,-0.30000001192092896,0.30000001192092896,-0.30000001192092896,0.30000001192092896,-0.30000001192092896,-0.29981107052523803
1.2999999523162842,0.4520887242170105,-0.30000001192092896,0.3103092908859253,0.46239316089767457,-0.30000001192092896,-0.30000001192092896,-0.30000001192092896,-0.30000001192092896,-0.30000001192092896,-0.30000001192092896,0.30000001192092896,-0.30000001192092896,0.30000001192092896,-0.30000001192092896,-0.28050160252523804
1.2999999523162842,0.5123837772170106,-0.30000001192092896,0.3103092908859253,0.5222222208976746,-0.30000001192092896,-0.30000001192092896,-0.30000001192092896,-0.30000001192092896,-0.30000001192092896,-0.30000001192092896,0.30000001192092896,-0.30000001192092896,0.30000001192092896,-0.30000001192092896,-0.299578666525238
1.2999999523162842,0.5126867062170105,-0.30000001192092896,0.3103092908859253,0.5051282038976745,-0.30000001192092896,-0.30000001192092896,-0.30000001192092896,-0.30000001192092896,-0.30000001192092896,-0.30000001192092896,0.30000001192092896,-0.30000001192092896,0.30000001192092896,-0.30000001192092896,-0.29922074752523803
1.2999999523162842,0.4211881152170105,-0.30000001192092896,0.4752577448859253,0.5393162378976746,-0.30000001192092896,-0.30000001192092896,-0.30000001192092896,-0.30000001192092896,-0.30000001192092896,-0.30000001192092896,0.30000001192092896,-0.24605810292092894,1.300000011920929,-0.30000001192092896,-0.293582295525238
1.2999999523162842,0.4820908442170105,-0.30000001192092896,0.3103092908859253,0.3769230758976746,-0.30000001192092896,-0.30000001192092896,-0.30000001192092896,-0.30000001192092896,-0.30000001192092896,-0.30000001192092896,0.30000001192092896,-0.30000001192092896,0.30000001192092896,-0.30000001192092896,-0.29990465302523805
1.2999999523162842,0.5729696422170105,-0.30000001192092896,0.3103092908859253,0.5136752128976746,-0.30000001192092896,-0.30000001192092896,-0.30000001192092896,-0.30000001192092896,-0.30000001192092896,-0.30000001192092896,0.30000001192092896,-0.29170125692092896,1.0270663139209288,-0.30000001192092896,-0.29939970752523803
1.2999999523162842,0.3930296222170105,-0.30000001192092896,0.3103092908859253,0.34273504189767456,-0.30000001192092896,-0.24354839892092894,-0.22929294092092894,-0.30000001192092896,-0.30000001192092896,-0.30000001192092896,0.30000001192092896,-0.30000001192092896,0.30000001192092896,-0.30000001192092896,-0.299856087525238
1.2999999523162842,0.4826967032170105,-0.30000001192092896,0.3103092908859253,0.5136752128976746,-0.30000001192092896,-0.30000001192092896,-0.30000001192092896,-0.30000001192092896,-0.30000001192092896,-0.30000001192092896,0.30000001192092896,-0.30000001192092896,0.30000001192092896,-0.30000001192092896,-0.29990088312523805
1.2999999523162842,1.2091012352170105,-0.30000001192092896,0.3103092908859253,0.3769230758976746,-0.30000001192092896,-0.30000001192092896,-0.30000001192092896,-0.30000001192092896,-0.30000001192092896,-0.30000001192092896,0.30000001192092896,-0.30000001192092896,0.30000001192092896,-0.30000001192092896,-0.299783572525238
1.2999999523162842,0.4239187202170105,-0.30000001192092896,0.3103092908859253,0.5136752128976746,-0.30000001192092896,-0.30000001192092896,-0.30000001192092896,-0.30000001192092896,-0.30000001192092896,-0.30000001192092896,0.30000001192092896,-0.30000001192092896,0.30000001192092896,-0.30000001192092896,-0.299038682525238
1.2999999523162842,0.3003220402170105,-0.30000001192092896,0.3103092908859253,0.3512820498976746,-0.30000001192092896,0.0064516010790710565,-0.28989900192092893,-0.30000001192092896,-0.30000001192092896,-0.30000001192092896,1.138235305920929,-0.30000001192092896,0.30000001192092896,-0.30000001192092896,-0.29983856852523805
1.2999999523162842,0.3918179052170105,-0.30000001192092896,0.3103092908859253,0.4367521358976746,-0.30000001192092896,-0.28387097992092897,-0.28989900192092893,-0.30000001192092896,-0.30000001192092896,-0.30000001192092896,0.30000001192092896,-0.30000001192092896,0.30000001192092896,-0.30000001192092896,-0.29858518552523805
1.2999999523162842,0.3621308312170105,-0.30000001192092896,0.3103092908859253,0.5222222208976746,-0.30000001192092896,-0.30000001192092896,-0.30000001192092896,-0.30000001192092896,-0.30000001192092896,-0.30000001192092896,0.30000001192092896,-0.30000001192092896,0.30000001192092896,-0.30000001192092896,-0.286582242525238
1.2999999523162842,0.3006192142170105,-0.30000001192092896,0.4752577448859253,0.5393162378976746,-0.30000001192092896,-0.30000001192092896,-0.30000001192092896,0.699999988079071,-0.30000001192092896,-0.30000001192092896,0.43770054692092897,-0.24605810292092894,0.920659170920929,-0.30000001192092896,-0.257075173525238
1.2999999523162842,0.3921208342170105,-0.30000001192092896,0.3103092908859253,0.3598290588976746,-0.30000001192092896,-0.21129033492092897,-0.28989900192092893,-0.30000001192092896,-0.30000001192092896,-0.30000001192092896,0.961764717920929,-0.30000001192092896,0.30000001192092896,-0.30000001192092896,-0.299856087525238
1.2999999523162842,0.5432825682170105,-0.30000001192092896,0.3103092908859253,0.5222222208976746,-0.30000001192092896,-0.30000001192092896,-0.30000001192092896,-0.30000001192092896,-0.30000001192092896,-0.30000001192092896,0.30000001192092896,-0.295850633920929,1.003730975920929,-0.30000001192092896,-0.29922074752523803
1.2999999523162842,0.3003271902170105,-0.30000001192092896,0.3103092908859253,0.3085470078976746,-0.30000001192092896,-0.21935485092092893,-0.28989900192092893,-0.30000001192092896,-0.30000001192092896,-0.30000001192092896,0.9417112419209289,-0.30000001192092896,0.30000001192092896,-0.30000001192092896,-0.29983856852523805
1.2999999523162842,0.3306180022170105,-0.30000001192092896,0.33092784788592533,0.5393162378976746,-0.30000001192092896,-0.30000001192092896,-0.30000001192092896,0.699999988079071,-0.30000001192092896,-0.30000001192092896,0.4597593699209289,-0.24605810292092894,0.973676295920929,-0.30000001192092896,-0.27827491752523803
1.2999999523162842,0.4212020502170105,-0.30000001192092896,0.3103092908859253,0.4111111098976746,-0.30000001192092896,-0.29193549592092893,-0.28989900192092893,-0.30000001192092896,-0.30000001192092896,-0.30000001192092896,0.460427818920929,-0.30000001192092896,0.30000001192092896,-0.30000001192092896,-0.299856974525238
1.2999999523162842,0.4236254842170105,-0.30000001192092896,0.3103092908859253,0.5136752128976746,-0.30000001192092896,-0.30000001192092896,-0.30000001192092896,-0.30000001192092896,-0.30000001192092896,-0.30000001192092896,0.30000001192092896,-0.30000001192092896,0.30000001192092896,-0.30000001192092896,-0.291269124525238
1.2999999523162842,0.4817879152170105,-0.30000001192092896,0.3103092908859253,0.5222222208976746,-0.30000001192092896,-0.30000001192092896,-0.30000001192092896,-0.30000001192092896,-0.30000001192092896,-0.30000001192092896,0.30000001192092896,-0.30000001192092896,0.30000001192092896,-0.30000001192092896,-0.299395937525238
1.2999999523162842,0.4820908442170105,-0.30000001192092896,0.3103092908859253,0.5222222208976746,-0.30000001192092896,-0.30000001192092896,-0.30000001192092896,-0.30000001192092896,-0.30000001192092896,-0.30000001192092896,0.30000001192092896,-0.30000001192092896,0.30000001192092896,-0.30000001192092896,-0.299900661325238
1.2999999523162842,0.3327166962170105,-0.30000001192092896,0.3103092908859253,0.3170940158976746,-0.30000001192092896,-0.10645162492092897,-0.05757576992092894,-0.30000001192092896,-0.30000001192092896,-0.30000001192092896,0.30000001192092896,-0.30000001192092896,0.30000001192092896,-0.30000001192092896,-0.29985342652523805
1.2999999523162842,0.45149498221701045,-0.30000001192092896,0.3103092908859253,0.5222222208976746,-0.30000001192092896,-0.30000001192092896,-0.30000001192092896,-0.30000001192092896,-0.30000001192092896,-0.30000001192092896,0.30000001192092896,-0.30000001192092896,0.30000001192092896,-0.30000001192092896,-0.29961437052523804
1.2999999523162842,0.3606022502170105,-0.30000001192092896,0.3515464048859253,0.4880341868976746,-0.30000001192092896,-0.30000001192092896,-0.30000001192092896,-0.30000001192092896,-0.30000001192092896,-0.30000001192092896,0.30000001192092896,-0.24605810292092894,1.003730975920929,-0.30000001192092896,-0.27840509052523804
1.2999999523162842,0.3327191202170105,-0.30000001192092896,0.3103092908859253,0.3683760668976746,-0.30000001192092896,-0.27580646392092895,-0.26969698192092895,-0.30000001192092896,-0.30000001192092896,-0.30000001192092896,0.30000001192092896,-0.30000001192092896,0.30000001192092896,-0.30000001192092896,-0.287196958525238
1.2999999523162842,0.3306261812170105,-0.30000001192092896,0.3103092908859253,0.3256410248976746,-0.30000001192092896,-0.21129033492092897,-0.18888890092092897,-0.30000001192092896,-0.30000001192092896,-0.30000001192092896,0.30000001192092896,-0.30000001192092896,0.30000001192092896,-0.30000001192092896,-0.28109480852523805
1.2999999523162842,0.7241313762170105,-0.30000001192092896,0.3103092908859253,0.3769230758976746,-0.30000001192092896,-0.30000001192092896,-0.30000001192092896,-0.30000001192092896,-0.30000001192092896,-0.30000001192092896,0.30000001192092896,-0.29170125692092896,0.990216424920929,-0.30000001192092896,-0.29972547152523804
1.2999999523162842,0.4517979122170105,-0.30000001192092896,0.3103092908859253,0.3512820498976746,-0.30000001192092896,-0.27580646392092895,-0.26969698192092895,-0.30000001192092896,-0.30000001192092896,-0.30000001192092896,0.42032086792092893,0.4468879550790711,0.905518600920929,-0.30000001192092896,-0.26169331052523803
1.2999999523162842,0.3030456772170105,-0.30000001192092896,0.33092784788592533,0.4709401698976746,-0.30000001192092896,-0.25967743092092893,-0.28989900192092893,-0.30000001192092896,-0.30000001192092896,-0.30000001192092896,0.777272738920929,0.29751036107907103,1.003730975920929,-0.30000001192092896,-0.23697158452523803
0.2999999523162842,0.3018430482170105,-0.28168827692092896,0.3000000128859253,0.3940170928976746,0.699999988079071,-0.30000001192092896,-0.30000001192092896,0.699999988079071,-0.26969698192092895,0.29751036107907103,0.30000001192092896,-0.30000001192092896,0.30000001192092896,-0.10000001192092894,-0.29473588752523805
1.2999999523162842,0.4220996292170105,-0.30000001192092896,0.3103092908859253,0.4025641018976746,-0.30000001192092896,-0.30000001192092896,-0.30000001192092896,-0.30000001192092896,-0.30000001192092896,-0.30000001192092896,0.30000001192092896,-0.30000001192092896,0.30000001192092896,-0.30000001192092896,-0.299870058525238
1.2999999523162842,0.5132925652170105,-0.30000001192092896,0.3103092908859253,0.5222222208976746,-0.30000001192092896,-0.30000001192092896,-0.30000001192092896,-0.30000001192092896,-0.30000001192092896,-0.30000001192092896,0.30000001192092896,-0.30000001192092896,0.30000001192092896,-0.30000001192092896,-0.29990088312523805
1.2999999523162842,1.0273421242170104,-0.30000001192092896,0.3103092908859253,0.3598290588976746,-0.30000001192092896,-0.30000001192092896,-0.30000001192092896,-0.30000001192092896,-0.30000001192092896,-0.30000001192092896,0.30000001192092896,-0.30000001192092896,0.30000001192092896,-0.30000001192092896,-0.29972547152523804
1.2999999523162842,0.48239377421701046,-0.30000001192092896,0.3103092908859253,0.5222222208976746,-0.30000001192092896,-0.30000001192092896,-0.30000001192092896,-0.30000001192092896,-0.30000001192092896,-0.30000001192092896,0.30000001192092896,-0.30000001192092896,0.30000001192092896,-0.30000001192092896,-0.299900661325238
1.2999999523162842,0.4212020502170105,-0.30000001192092896,0.3103092908859253,0.5136752128976746,-0.30000001192092896,-0.30000001192092896,-0.30000001192092896,-0.30000001192092896,-0.30000001192092896,-0.30000001192092896,0.30000001192092896,-0.30000001192092896,0.30000001192092896,-0.30000001192092896,-0.29990043962523805
1.2999999523162842,0.48239377421701046,-0.30000001192092896,0.3103092908859253,0.5222222208976746,-0.30000001192092896,-0.30000001192092896,-0.30000001192092896,-0.30000001192092896,-0.30000001192092896,-0.30000001192092896,0.30000001192092896,-0.30000001192092896,0.30000001192092896,-0.30000001192092896,-0.29943541052523803
1.2999999523162842,0.48239377421701046,-0.30000001192092896,0.3103092908859253,0.5222222208976746,-0.30000001192092896,-0.30000001192092896,-0.30000001192092896,-0.30000001192092896,-0.30000001192092896,-0.30000001192092896,0.30000001192092896,-0.30000001192092896,0.30000001192092896,-0.30000001192092896,-0.299901104925238
1.2999999523162842,0.3048484102170105,-0.30000001192092896,0.3103092908859253,0.2999999988976746,-0.30000001192092896,-0.30000001192092896,-0.30000001192092896,-0.30000001192092896,-0.30000001192092896,-0.30000001192092896,0.30066846092092897,-0.30000001192092896,0.30000001192092896,-0.30000001192092896,-0.29983280252523803
1.2999999523162842,0.4514783212170105,-0.30000001192092896,0.3103092908859253,0.5222222208976746,-0.30000001192092896,-0.30000001192092896,-0.30000001192092896,-0.30000001192092896,-0.30000001192092896,-0.30000001192092896,0.30000001192092896,-0.283402501920929,0.8893623089209289,-0.30000001192092896,-0.29878676452523806
1.2999999523162842,0.3021441602170105,-0.30000001192092896,0.3103092908859253,0.3170940158976746,-0.30000001192092896,0.16774192307907104,0.285858574079071,-0.30000001192092896,-0.30000001192092896,-0.30000001192092896,0.30000001192092896,-0.30000001192092896,0.30000001192092896,-0.30000001192092896,-0.29983879052523804
1.2999999523162842,0.4517979122170105,-0.30000001192092896,0.3103092908859253,0.5307692298976746,-0.30000001192092896,-0.30000001192092896,-0.30000001192092896,-0.30000001192092896,-0.30000001192092896,-0.30000001192092896,0.30000001192092896,-0.30000001192092896,0.30000001192092896,-0.30000001192092896,-0.29907505152523806
1.2999999523162842,0.4212020502170105,-0.30000001192092896,0.3103092908859253,0.5222222208976746,-0.30000001192092896,-0.30000001192092896,-0.30000001192092896,-0.30000001192092896,-0.30000001192092896,-0.30000001192092896,0.30000001192092896,-0.30000001192092896,0.30000001192092896,-0.30000001192092896,-0.29990132662523805
1.2999999523162842,0.3302932622170105,-0.30000001192092896,0.3103092908859253,0.3598290588976746,-0.30000001192092896,-0.14677420592092896,-0.28989900192092893,-0.30000001192092896,-0.30000001192092896,-0.30000001192092896,1.062032097920929,-0.30000001192092896,0.30000001192092896,-0.30000001192092896,-0.299841229525238
1.2999999523162842,0.39333255221701047,-0.30000001192092896,0.3103092908859253,0.4367521358976746,-0.30000001192092896,-0.28387097992092897,-0.28989900192092893,-0.30000001192092896,-0.30000001192092896,-0.30000001192092896,0.5747326319209289,-0.30000001192092896,0.30000001192092896,-0.30000001192092896,-0.280443057525238
1.2999999523162842,0.3036454782170105,-0.30000001192092896,0.3103092908859253,0.3256410248976746,-0.30000001192092896,-0.25967743092092893,-0.24949496092092896,-0.30000001192092896,-0.30000001192092896,-0.30000001192092896,0.30000001192092896,-0.30000001192092896,0.30000001192092896,-0.30000001192092896,-0.299844334525238
1.2999999523162842,0.6941413732170105,-0.30000001192092896,0.3103092908859253,0.3769230758976746,-0.30000001192092896,-0.30000001192092896,-0.30000001192092896,-0.30000001192092896,-0.30000001192092896,-0.30000001192092896,0.30000001192092896,-0.30000001192092896,0.30000001192092896,-0.30000001192092896,-0.29990487482523803
1.2999999523162842,0.5129657042170105,-0.30000001192092896,0.3103092908859253,0.5136752128976746,-0.30000001192092896,-0.30000001192092896,-0.30000001192092896,-0.30000001192092896,-0.30000001192092896,-0.30000001192092896,0.30000001192092896,-0.295850633920929,0.721141444920929,-0.30000001192092896,-0.29957312252523804
1.2999999523162842,0.4230196262170105,-0.30000001192092896,0.3103092908859253,0.3256410248976746,-0.30000001192092896,-0.21935485092092893,-0.19898991092092894,-0.30000001192092896,-0.30000001192092896,-0.30000001192092896,0.30000001192092896,-0.30000001192092896,0.30000001192092896,-0.30000001192092896,-0.29985364852523805
1.2999999523162842,0.3324422422170105,-0.30000001192092896,0.3103092908859253,0.34273504189767456,-0.30000001192092896,-0.11451614092092896,-0.28989900192092893,-0.30000001192092896,-0.30000001192092896,-0.30000001192092896,1.083422471920929,-0.20456432692092896,0.7939963459209289,-0.30000001192092896,-0.24979326352523804
1.2999999523162842,0.3036651682170105,-0.30000001192092896,0.3103092908859253,0.3256410248976746,-0.30000001192092896,0.16774192307907104,0.285858574079071,-0.30000001192092896,-0.30000001192092896,-0.30000001192092896,0.30000001192092896,-0.30000001192092896,0.30000001192092896,-0.30000001192092896,-0.29983967752523805
1.2999999523162842,0.4233225552170105,-0.30000001192092896,0.3103092908859253,0.5222222208976746,-0.30000001192092896,-0.30000001192092896,-0.30000001192092896,0.699999988079071,-0.30000001192092896,-0.30000001192092896,0.30000001192092896,-0.30000001192092896,0.30000001192092896,-0.30000001192092896,-0.299895560525238
1.2999999523162842,0.3633410342170105,-0.30000001192092896,0.3103092908859253,0.3512820498976746,-0.30000001192092896,-0.23548388292092895,-0.21919193092092895,-0.30000001192092896,-0.30000001192092896,-0.30000001192092896,0.30000001192092896,-0.30000001192092896,0.30000001192092896,-0.30000001192092896,-0.29984766052523804
1.2999999523162842,0.4226864032170105,-0.30000001192092896,0.3103092908859253,0.4282051268976746,-0.30000001192092896,-0.28387097992092897,-0.28989900192092893,-0.30000001192092896,-0.30000001192092896,-0.30000001192092896,0.575401081920929,-0.30000001192092896,0.30000001192092896,-0.30000001192092896,-0.299862075525238
1.2999999523162842,0.8456060362170105,-0.30000001192092896,0.3103092908859253,0.3769230758976746,-0.30000001192092896,-0.30000001192092896,-0.30000001192092896,-0.30000001192092896,-0.30000001192092896,-0.30000001192092896,0.30000001192092896,-0.283402501920929,0.7782413209209289,-0.30000001192092896,-0.29930967252523805
1.2999999523162842,0.4820608542170105,-0.30000001192092896,0.48556702288592535,0.5393162378976746,-0.30000001192092896,-0.30000001192092896,-0.30000001192092896,-0.30000001192092896,-0.30000001192092896,-0.30000001192092896,0.30000001192092896,-0.24605810292092894,1.1978775169209288,-0.30000001192092896,-0.294490178525238
1.2999999523162842,0.5135954942170105,-0.30000001192092896,0.3103092908859253,0.5222222208976746,-0.30000001192092896,-0.30000001192092896,-0.30000001192092896,-0.30000001192092896,-0.30000001192092896,-0.30000001192092896,0.30000001192092896,-0.29170125692092896,0.973676295920929,-0.30000001192092896,-0.29893002052523804
1.2999999523162842,0.4236109442170105,-0.30000001192092896,0.3103092908859253,0.5222222208976746,-0.30000001192092896,-0.30000001192092896,-0.30000001192092896,-0.30000001192092896,-0.30000001192092896,-0.30000001192092896,0.30000001192092896,-0.30000001192092896,0.30000001192092896,-0.30000001192092896,-0.299598625525238
1.2999999523162842,0.3303232522170105,-0.30000001192092896,0.3103092908859253,0.3512820498976746,-0.30000001192092896,-0.29193549592092893,-0.28989900192092893,-0.30000001192092896,-0.30000001192092896,-0.30000001192092896,0.4610962689209289,0.17717841107907106,0.913875549920929,-0.30000001192092896,-0.28190112552523805
1.2999999523162842,0.3327427482170105,-0.30000001192092896,0.3103092908859253,0.33418803289767457,-0.30000001192092896,-0.10645162492092897,-0.28989900192092893,-0.30000001192092896,-0.30000001192092896,-0.30000001192092896,1.086096268920929,-0.30000001192092896,0.30000001192092896,-0.30000001192092896,-0.25075547652523805
1.2999999523162842,0.4221108382170105,-0.30000001192092896,0.3103092908859253,0.4709401698976746,-0.30000001192092896,-0.30000001192092896,-0.30000001192092896,-0.30000001192092896,-0.30000001192092896,-0.30000001192092896,0.30000001192092896,-0.30000001192092896,0.30000001192092896,-0.30000001192092896,-0.272902355525238
1.2999999523162842,0.3630396192170105,-0.30000001192092896,0.3103092908859253,0.3512820498976746,-0.30000001192092896,-0.27580646392092895,-0.28989900192092893,-0.30000001192092896,-0.30000001192092896,-0.30000001192092896,0.6629679259209289,-0.30000001192092896,0.30000001192092896,-0.30000001192092896,-0.29985364852523805
1.2999999523162842,0.3318378982170105,-0.30000001192092896,0.3103092908859253,0.38547008389767456,-0.30000001192092896,-0.25967743092092893,-0.28989900192092893,-0.30000001192092896,-0.30000001192092896,-0.30000001192092896,0.7725935949209289,-0.009543579920928968,0.676590412920929,-0.30000001192092896,-0.252639322525238
1.2999999523162842,0.3630396192170105,-0.30000001192092896,0.3103092908859253,0.33418803289767457,-0.30000001192092896,-0.22741936692092896,-0.28989900192092893,-0.30000001192092896,-0.30000001192092896,-0.30000001192092896,0.919652417920929,-0.30000001192092896,0.30000001192092896,-0.30000001192092896,-0.29985542252523806
1.2999999523162842,0.5735755012170105,-0.30000001192092896,0.3103092908859253,0.5136752128976746,-0.30000001192092896,-0.30000001192092896,-0.30000001192092896,-0.30000001192092896,-0.30000001192092896,-0.30000001192092896,0.30000001192092896,-0.30000001192092896,0.30000001192092896,-0.30000001192092896,-0.299901104925238
1.2999999523162842,0.36061254921701047,-0.30000001192092896,0.3927835178859253,0.46239316089767457,-0.30000001192092896,-0.30000001192092896,-0.30000001192092896,-0.30000001192092896,-0.30000001192092896,-0.30000001192092896,0.30000001192092896,-0.24605810292092894,0.7381502899209289,-0.30000001192092896,-0.29249634052523804
1.2999999523162842,0.3012281012170105,-0.30000001192092896,0.3103092908859253,0.33418803289767457,-0.30000001192092896,-0.14677420592092896,-0.10808081992092897,-0.30000001192092896,-0.30000001192092896,-0.30000001192092896,0.30000001192092896,-0.30000001192092896,0.30000001192092896,-0.30000001192092896,-0.29983812552523803
1.2999999523162842,0.4224037702170105,-0.30000001192092896,0.3103092908859253,0.5222222208976746,-0.30000001192092896,-0.30000001192092896,-0.30000001192092896,-0.30000001192092896,-0.30000001192092896,-0.30000001192092896,0.30000001192092896,-0.283402501920929,1.092871814920929,-0.30000001192092896,-0.29856034852523805
1.2999999523162842,0.3909091172170105,-0.30000001192092896,0.3103092908859253,0.34273504189767456,-0.30000001192092896,-0.27580646392092895,-0.28989900192092893,-0.30000001192092896,-0.30000001192092896,-0.30000001192092896,0.6629679259209289,0.05269708307907106,0.751065240920929,-0.30000001192092896,-0.261393269525238
1.2999999523162842,0.3027548652170105,-0.30000001192092896,0.3103092908859253,0.3598290588976746,-0.30000001192092896,-0.27580646392092895,-0.28989900192092893,-0.30000001192092896,-0.30000001192092896,-0.30000001192092896,0.6629679259209289,0.07759334907907106,0.7584912959209289,-0.30000001192092896,-0.256670462525238
1.2999999523162842,0.4224137672170105,-0.30000001192092896,0.3103092908859253,0.5222222208976746,-0.30000001192092896,-0.30000001192092896,-0.30000001192092896,-0.30000001192092896,-0.30000001192092896,-0.30000001192092896,0.30000001192092896,-0.30000001192092896,0.30000001192092896,-0.30000001192092896,-0.299377087525238
1.2999999523162842,0.3006295132170105,-0.30000001192092896,0.3824742398859253,0.46239316089767457,-0.30000001192092896,-0.29193549592092893,-0.28989900192092893,-0.30000001192092896,-0.30000001192092896,-0.30000001192092896,0.4610962689209289,0.699999988079071,1.1279067129209288,-0.30000001192092896,-0.21378443352523802
1.2999999523162842,0.5729696422170105,-0.30000001192092896,0.3103092908859253,0.3769230758976746,-0.30000001192092896,-0.30000001192092896,-0.30000001192092896,-0.30000001192092896,-0.30000001192092896,-0.30000001192092896,0.30000001192092896,-0.30000001192092896,0.30000001192092896,-0.30000001192092896,-0.29990465302523805
1.2999999523162842,0.4236254842170105,-0.30000001192092896,0.3103092908859253,0.5307692298976746,-0.30000001192092896,-0.30000001192092896,-0.30000001192092896,-0.30000001192092896,-0.30000001192092896,-0.30000001192092896,0.30000001192092896,-0.295850633920929,0.9734403289209289,-0.30000001192092896,-0.29884974452523805
1.2999999523162842,0.4833025622170105,-0.30000001192092896,0.3103092908859253,0.5051282038976745,-0.30000001192092896,-0.30000001192092896,-0.30000001192092896,-0.30000001192092896,-0.30000001192092896,-0.30000001192092896,0.30000001192092896,-0.30000001192092896,0.30000001192092896,-0.30000001192092896,-0.29990132662523805
1.2999999523162842,0.5135827712170105,-0.30000001192092896,0.3103092908859253,0.5222222208976746,-0.30000001192092896,-0.30000001192092896,-0.30000001192092896,-0.30000001192092896,-0.30000001192092896,-0.30000001192092896,0.30000001192092896,-0.30000001192092896,0.30000001192092896,-0.30000001192092896,-0.29990088312523805
1.2999999523162842,0.4521008412170105,-0.30000001192092896,0.3103092908859253,0.3683760668976746,-0.30000001192092896,-0.27580646392092895,-0.26969698192092895,-0.30000001192092896,-0.30000001192092896,-0.30000001192092896,0.30000001192092896,-0.30000001192092896,0.30000001192092896,-0.30000001192092896,-0.299855865525238
1.2999999523162842,0.5732725722170104,-0.30000001192092896,0.3103092908859253,0.5136752128976746,-0.30000001192092896,-0.30000001192092896,-0.30000001192092896,-0.30000001192092896,-0.30000001192092896,-0.30000001192092896,0.30000001192092896,-0.29170125692092896,1.110981954920929,-0.30000001192092896,-0.29914379652523804
1.2999999523162842,0.5120660042170104,-0.30000001192092896,0.3103092908859253,0.5222222208976746,-0.30000001192092896,-0.30000001192092896,-0.30000001192092896,-0.30000001192092896,-0.30000001192092896,-0.30000001192092896,0.30000001192092896,-0.30000001192092896,0.30000001192092896,-0.30000001192092896,-0.299901104925238
1.2999999523162842,0.3605961912170105,-0.30000001192092896,0.3618556828859253,0.4709401698976746,-0.30000001192092896,-0.30000001192092896,-0.30000001192092896,-0.30000001192092896,-0.30000001192092896,-0.30000001192092896,0.30000001192092896,-0.24605810292092894,1.119382977920929,-0.30000001192092896,-0.281140269525238
1.2999999523162842,0.3908891242170105,-0.30000001192092896,0.49587630188592535,0.5051282038976745,-0.30000001192092896,-0.30000001192092896,-0.30000001192092896,-0.30000001192092896,-0.30000001192092896,-0.30000001192092896,0.30000001192092896,-0.24605810292092894,1.119382977920929,-0.30000001192092896,-0.294513019525238
1.2999999523162842,0.4817879152170105,-0.30000001192092896,0.3103092908859253,0.3769230758976746,-0.30000001192092896,-0.30000001192092896,-0.30000001192092896,-0.30000001192092896,-0.30000001192092896,-0.30000001192092896,0.30000001192092896,-0.30000001192092896,0.30000001192092896,-0.30000001192092896,-0.29990487482523803
1.2999999523162842,0.48177398021701046,-0.30000001192092896,0.4134020748859253,0.5393162378976746,-0.30000001192092896,-0.30000001192092896,-0.30000001192092896,-0.30000001192092896,-0.30000001192092896,-0.30000001192092896,0.30000001192092896,-0.24605810292092894,1.300000011920929,-0.30000001192092896,-0.29357874752523805
1.2999999523162842,0.3911866002170105,-0.30000001192092896,0.49587630188592535,0.5393162378976746,-0.30000001192092896,-0.30000001192092896,-0.30000001192092896,-0.30000001192092896,-0.30000001192092896,-0.30000001192092896,0.30000001192092896,-0.24605810292092894,0.572031290920929,-0.30000001192092896,-0.295144146525238
1.2999999523162842,0.48177398021701046,-0.30000001192092896,0.3103092908859253,0.38547008389767456,-0.30000001192092896,-0.26774194692092895,-0.259595971920929,-0.30000001192092896,-0.30000001192092896,-0.30000001192092896,0.30000001192092896,-0.30000001192092896,0.30000001192092896,-0.30000001192092896,-0.29986274052523804
1.2999999523162842,0.4211820562170105,-0.30000001192092896,0.4237113528859253,0.5393162378976746,-0.30000001192092896,-0.30000001192092896,-0.30000001192092896,-0.30000001192092896,-0.30000001192092896,-0.30000001192092896,0.30000001192092896,-0.24605810292092894,1.119382977920929,-0.30000001192092896,-0.294541626525238
1.2999999523162842,0.4514937712170105,-0.30000001192092896,0.3103092908859253,0.5136752128976746,-0.30000001192092896,-0.30000001192092896,-0.30000001192092896,-0.30000001192092896,-0.30000001192092896,-0.30000001192092896,0.30000001192092896,-0.29170125692092896,0.748362389920929,-0.30000001192092896,-0.29834080652523803
1.2999999523162842,0.4524037702170105,-0.30000001192092896,0.3103092908859253,0.5136752128976746,-0.30000001192092896,-0.30000001192092896,-0.30000001192092896,-0.30000001192092896,-0.30000001192092896,-0.30000001192092896,0.30000001192092896,-0.295850633920929,0.7509791739209289,-0.30000001192092896,-0.29936178652523804
1.2999999523162842,0.3000018437970105,-0.30000001192092896,0.3103092908859253,0.2999999988976746,-0.30000001192092896,-0.17903226992092897,-0.14848485992092897,-0.30000001192092896,-0.30000001192092896,-0.30000001192092896,0.30000001192092896,-0.30000001192092896,0.30000001192092896,-0.30000001192092896,-0.29994922662523804
1.2999999523162842,0.9061919012170105,-0.30000001192092896,0.3103092908859253,0.3769230758976746,-0.30000001192092896,-0.30000001192092896,-0.30000001192092896,-0.30000001192092896,-0.30000001192092896,-0.30000001192092896,0.30000001192092896,-0.30000001192092896,0.30000001192092896,-0.30000001192092896,-0.29990465302523805
1.2999999523162842,0.5126867062170105,-0.30000001192092896,0.3103092908859253,0.5222222208976746,-0.30000001192092896,-0.30000001192092896,-0.30000001192092896,-0.30000001192092896,-0.30000001192092896,-0.30000001192092896,0.30000001192092896,-0.295850633920929,0.713624865920929,-0.30000001192092896,-0.29910742852523803
1.2999999523162842,0.4224137672170105,-0.30000001192092896,0.3103092908859253,0.5136752128976746,-0.30000001192092896,-0.29193549592092893,-0.28989900192092893,-0.30000001192092896,-0.30000001192092896,-0.30000001192092896,0.4610962689209289,-0.30000001192092896,0.30000001192092896,-0.30000001192092896,-0.29126757252523805
1.2999999523162842,0.5132925652170105,-0.30000001192092896,0.3103092908859253,0.5222222208976746,-0.30000001192092896,-0.30000001192092896,-0.30000001192092896,-0.30000001192092896,-0.30000001192092896,-0.30000001192092896,0.30000001192092896,-0.30000001192092896,0.30000001192092896,-0.30000001192092896,-0.29990088312523805
1.2999999523162842,0.6938384432170105,-0.30000001192092896,0.3103092908859253,0.3769230758976746,-0.30000001192092896,-0.30000001192092896,-0.30000001192092896,-0.30000001192092896,-0.30000001192092896,-0.30000001192092896,0.30000001192092896,-0.30000001192092896,0.30000001192092896,-0.30000001192092896,-0.29968976852523804
1.2999999523162842,0.5120808482170105,-0.30000001192092896,0.3103092908859253,0.3769230758976746,-0.30000001192092896,-0.30000001192092896,-0.30000001192092896,-0.30000001192092896,-0.30000001192092896,-0.30000001192092896,0.30000001192092896,-0.30000001192092896,0.30000001192092896,-0.30000001192092896,-0.29990465302523805
1.2999999523162842,0.3909009382170105,-0.30000001192092896,0.5783505278859253,0.5393162378976746,-0.30000001192092896,-0.30000001192092896,-0.30000001192092896,-0.30000001192092896,-0.30000001192092896,-0.30000001192092896,0.30000001192092896,-0.24605810292092894,0.973676295920929,-0.30000001192092896,-0.29511110452523803
1.2999999523162842,0.4517979122170105,-0.30000001192092896,0.3103092908859253,0.5051282038976745,-0.30000001192092896,-0.29193549592092893,-0.28989900192092893,-0.30000001192092896,-0.30000001192092896,-0.30000001192092896,0.4610962689209289,-0.30000001192092896,0.30000001192092896,-0.30000001192092896,-0.29988735552523804
1.2999999523162842,0.4833025622170105,-0.30000001192092896,0.3103092908859253,0.5136752128976746,-0.30000001192092896,-0.30000001192092896,-0.30000001192092896,-0.30000001192092896,-0.30000001192092896,-0.30000001192092896,0.30000001192092896,-0.295850633920929,0.9899074149209289,-0.30000001192092896,-0.299507482525238
1.2999999523162842,1.1485353632170106,-0.30000001192092896,0.3103092908859253,0.3769230758976746,-0.30000001192092896,-0.30000001192092896,-0.30000001192092896,-0.30000001192092896,-0.30000001192092896,-0.30000001192092896,0.30000001192092896,-0.30000001192092896,0.30000001192092896,-0.30000001192092896,-0.29951080852523804
1.2999999523162842,0.45179670021701046,-0.30000001192092896,0.3103092908859253,0.3512820498976746,-0.30000001192092896,-0.27580646392092895,-0.26969698192092895,-0.30000001192092896,-0.30000001192092896,-0.30000001192092896,0.30000001192092896,-0.30000001192092896,0.30000001192092896,-0.30000001192092896,-0.283175354525238
1.2999999523162842,0.3012353722170105,-0.30000001192092896,0.3103092908859253,0.3256410248976746,-0.30000001192092896,-0.07419355992092896,-0.01717172892092894,-0.30000001192092896,-0.30000001192092896,-0.30000001192092896,0.30000001192092896,-0.30000001192092896,0.30000001192092896,-0.30000001192092896,-0.29983967752523805
1.2999999523162842,0.3918179052170105,-0.30000001192092896,0.3103092908859253,0.34273504189767456,-0.30000001192092896,-0.25161291492092897,-0.23939395092092897,-0.30000001192092896,-0.30000001192092896,-0.30000001192092896,0.30000001192092896,-0.30000001192092896,0.30000001192092896,-0.30000001192092896,-0.28753292452523804
1.2999999523162842,0.3024410312170105,-0.30000001192092896,0.3103092908859253,0.33418803289767457,-0.30000001192092896,0.07096773007907103,0.16464645307907105,-0.30000001192092896,-0.30000001192092896,-0.30000001192092896,0.30000001192092896,-0.30000001192092896,0.30000001192092896,-0.30000001192092896,-0.29983945552523805
1.2999999523162842,0.3921035672170105,-0.30000001192092896,0.3103092908859253,0.3598290588976746,-0.30000001192092896,-0.17096775392092894,-0.28989900192092893,-0.30000001192092896,-0.30000001192092896,-0.30000001192092896,1.0272727389209289,-0.30000001192092896,0.30000001192092896,-0.30000001192092896,-0.29985387052523804
1.2999999523162842,0.3015255782170105,-0.30000001192092896,0.3103092908859253,0.3512820498976746,-0.30000001192092896,-0.23548388292092895,-0.28989900192092893,-0.30000001192092896,-0.30000001192092896,-0.30000001192092896,0.893582899920929,-0.30000001192092896,0.30000001192092896,-0.30000001192092896,-0.29984034252523806
1.2999999523162842,0.3054748682170105,-0.30000001192092896,0.3103092908859253,0.34273504189767456,-0.30000001192092896,-0.041935495920928934,0.023232311079071033,-0.30000001192092896,-0.30000001192092896,-0.30000001192092896,0.30000001192092896,-0.30000001192092896,0.30000001192092896,-0.30000001192092896,-0.29983923452523803
1.2999999523162842,0.4826891302170105,-0.30000001192092896,0.3103092908859253,0.5222222208976746,-0.30000001192092896,-0.30000001192092896,-0.30000001192092896,-0.30000001192092896,-0.30000001192092896,-0.30000001192092896,0.30000001192092896,-0.30000001192092896,0.30000001192092896,-0.30000001192092896,-0.299258668525238
1.2999999523162842,0.4224137672170105,-0.30000001192092896,0.3103092908859253,0.5222222208976746,-0.30000001192092896,-0.30000001192092896,-0.30000001192092896,-0.30000001192092896,-0.30000001192092896,-0.30000001192092896,0.30000001192092896,-0.30000001192092896,0.30000001192092896,-0.30000001192092896,-0.29918526552523805
1.2999999523162842,0.3021368892170105,-0.30000001192092896,0.4752577448859253,0.4025641018976746,-0.30000001192092896,-0.30000001192092896,-0.30000001192092896,-0.30000001192092896,-0.30000001192092896,-0.30000001192092896,0.30000001192092896,-0.24605810292092894,1.300000011920929,-0.30000001192092896,-0.27581361152523803
1.2999999523162842,0.5429796392170105,-0.30000001192092896,0.3103092908859253,0.5222222208976746,-0.30000001192092896,-0.30000001192092896,-0.30000001192092896,-0.30000001192092896,-0.30000001192092896,-0.30000001192092896,0.30000001192092896,-0.29170125692092896,0.8920587219209289,-0.30000001192092896,-0.29924447552523803
1.2999999523162842,0.6332525782170104,-0.30000001192092896,0.3103092908859253,0.3769230758976746,-0.30000001192092896,-0.30000001192092896,-0.30000001192092896,-0.30000001192092896,-0.30000001192092896,-0.30000001192092896,0.30000001192092896,-0.295850633920929,1.018495879920929,-0.30000001192092896,-0.299783572525238
1.2999999523162842,0.33395204221701047,-0.30000001192092896,0.3103092908859253,0.33418803289767457,-0.30000001192092896,-0.13870968892092894,-0.09797980992092895,-0.30000001192092896,-0.30000001192092896,-0.30000001192092896,0.30000001192092896,-0.30000001192092896,0.30000001192092896,-0.30000001192092896,-0.291927306525238
1.2999999523162842,0.4542213462170105,-0.30000001192092896,0.3103092908859253,0.5136752128976746,-0.30000001192092896,-0.30000001192092896,-0.30000001192092896,-0.30000001192092896,-0.30000001192092896,-0.30000001192092896,0.30000001192092896,-0.29170125692092896,0.751065240920929,-0.30000001192092896,-0.29899300052523803
1.2999999523162842,0.3618160872170105,-0.30000001192092896,0.48556702288592535,0.5393162378976746,-0.30000001192092896,-0.30000001192092896,-0.30000001192092896,-0.30000001192092896,-0.30000001192092896,-0.30000001192092896,0.30000001192092896,-0.24605810292092894,0.965039404920929,-0.30000001192092896,-0.28021087552523805
1.2999999523162842,0.39333255221701047,-0.30000001192092896,0.3103092908859253,0.5051282038976745,-0.30000001192092896,-0.30000001192092896,-0.30000001192092896,-0.30000001192092896,-0.30000001192092896,-0.30000001192092896,0.30000001192092896,-0.295850633920929,0.9792399689209289,-0.30000001192092896,-0.29893090752523804
1.2999999523162842,0.6332525782170104,-0.30000001192092896,0.3103092908859253,0.5051282038976745,-0.30000001192092896,-0.30000001192092896,-0.30000001192092896,-0.30000001192092896,-0.30000001192092896,-0.30000001192092896,0.30000001192092896,-0.295850633920929,0.798222310920929,-0.30000001192092896,-0.29947111352523803
1.2999999523162842,0.4517882182170105,-0.30000001192092896,0.3103092908859253,0.41965811889767457,-0.30000001192092896,-0.27580646392092895,-0.28989900192092893,-0.30000001192092896,-0.30000001192092896,-0.30000001192092896,0.6629679259209289,-0.30000001192092896,0.30000001192092896,-0.30000001192092896,-0.299895117525238
1.2999999523162842,0.4221108382170105,-0.30000001192092896,0.3103092908859253,0.5222222208976746,-0.30000001192092896,-0.30000001192092896,-0.30000001192092896,-0.30000001192092896,-0.30000001192092896,-0.30000001192092896,0.30000001192092896,-0.30000001192092896,0.30000001192092896,-0.30000001192092896,-0.299900661325238
1.2999999523162842,0.3033480012170105,-0.30000001192092896,0.3103092908859253,0.3683760668976746,-0.30000001192092896,-0.06612904392092894,-0.007070718920928976,-0.30000001192092896,-0.30000001192092896,-0.30000001192092896,0.30000001192092896,-0.30000001192092896,0.30000001192092896,-0.30000001192092896,-0.29983989952523804
1.2999999523162842,0.3915149762170105,-0.30000001192092896,0.3103092908859253,0.3769230758976746,-0.30000001192092896,-0.24354839892092894,-0.28989900192092893,-0.30000001192092896,-0.30000001192092896,-0.30000001192092896,0.861497337920929,-0.30000001192092896,0.30000001192092896,-0.30000001192092896,-0.299856087525238
1.2999999523162842,0.4218060912170105,-0.30000001192092896,0.3103092908859253,0.41965811889767457,-0.30000001192092896,-0.30000001192092896,-0.30000001192092896,-0.30000001192092896,-0.30000001192092896,-0.30000001192092896,0.30000001192092896,-0.30000001192092896,0.30000001192092896,-0.30000001192092896,-0.299870723525238
1.2999999523162842,0.3606080052170105,-0.30000001192092896,0.33092784788592533,0.5393162378976746,-0.30000001192092896,-0.30000001192092896,-0.30000001192092896,-0.30000001192092896,-0.30000001192092896,-0.30000001192092896,0.30000001192092896,-0.24605810292092894,0.973676295920929,-0.30000001192092896,-0.29210670952523804
1.2999999523162842,0.4820908442170105,-0.30000001192092896,0.3103092908859253,0.5307692298976746,-0.30000001192092896,-0.30000001192092896,-0.30000001192092896,-0.30000001192092896,-0.30000001192092896,-0.30000001192092896,0.30000001192092896,-0.295850633920929,0.8156024129209289,-0.30000001192092896,-0.299028482525238
1.2999999523162842,0.3921041732170105,-0.30000001192092896,0.3103092908859253,0.5051282038976745,-0.30000001192092896,-0.30000001192092896,-0.30000001192092896,-0.30000001192092896,-0.30000001192092896,-0.30000001192092896,0.30000001192092896,-0.295850633920929,0.8893623089209289,-0.30000001192092896,-0.299644751525238
1.2999999523162842,0.5123837772170106,-0.30000001192092896,0.3103092908859253,0.5222222208976746,-0.30000001192092896,-0.30000001192092896,-0.30000001192092896,-0.30000001192092896,-0.30000001192092896,-0.30000001192092896,0.30000001192092896,-0.30000001192092896,0.30000001192092896,-0.30000001192092896,-0.29990088312523805
1.2999999523162842,0.3003159812170105,-0.30000001192092896,0.3103092908859253,0.34273504189767456,-0.30000001192092896,-0.12258065692092895,-0.07777778992092896,-0.30000001192092896,-0.30000001192092896,-0.30000001192092896,0.30000001192092896,-0.30000001192092896,0.30000001192092896,-0.30000001192092896,-0.29983834652523805
1.2999999523162842,0.4521008412170105,-0.30000001192092896,0.3103092908859253,0.5136752128976746,-0.30000001192092896,-0.30000001192092896,-0.30000001192092896,-0.30000001192092896,-0.30000001192092896,-0.30000001192092896,0.30000001192092896,-0.295850633920929,1.081906451920929,-0.30000001192092896,-0.29867100652523804
1.2999999523162842,0.5132919592170104,-0.30000001192092896,0.3103092908859253,0.5222222208976746,-0.30000001192092896,-0.30000001192092896,-0.30000001192092896,-0.30000001192092896,-0.30000001192092896,-0.30000001192092896,0.30000001192092896,-0.30000001192092896,0.30000001192092896,-0.30000001192092896,-0.299870945525238
1.2999999523162842,0.42389963521701046,-0.30000001192092896,0.3103092908859253,0.3512820498976746,-0.30000001192092896,-0.27580646392092895,-0.28989900192092893,-0.30000001192092896,-0.30000001192092896,-0.30000001192092896,0.6629679259209289,0.060995839079071024,0.9682757449209289,-0.30000001192092896,-0.25570847052523804
1.2999999523162842,0.5123710542170105,-0.30000001192092896,0.3103092908859253,0.5136752128976746,-0.30000001192092896,-0.30000001192092896,-0.30000001192092896,-0.30000001192092896,-0.30000001192092896,-0.30000001192092896,0.30000001192092896,-0.30000001192092896,0.30000001192092896,-0.30000001192092896,-0.29961437052523804
1.2999999523162842,0.3318251752170105,-0.30000001192092896,0.3721649608859253,0.4794871778976746,-0.30000001192092896,-0.28387097992092897,-0.28989900192092893,-0.30000001192092896,-0.30000001192092896,-0.30000001192092896,0.574064182920929,0.5506223950790711,1.020383467920929,-0.30000001192092896,-0.23530351152523804
1.2999999523162842,0.5423737802170105,-0.30000001192092896,0.3103092908859253,0.5222222208976746,-0.30000001192092896,-0.30000001192092896,-0.30000001192092896,-0.30000001192092896,-0.30000001192092896,-0.30000001192092896,0.30000001192092896,-0.30000001192092896,0.30000001192092896,-0.30000001192092896,-0.29990088312523805
1.2999999523162842,0.4833025622170105,-0.30000001192092896,0.3103092908859253,0.5222222208976746,-0.30000001192092896,-0.30000001192092896,-0.30000001192092896,-0.30000001192092896,-0.30000001192092896,-0.30000001192092896,0.30000001192092896,-0.27925312392092894,0.7769382279209289,-0.30000001192092896,-0.297934987525238
1.2999999523162842,0.3630396192170105,-0.30000001192092896,0.3103092908859253,0.33418803289767457,-0.30000001192092896,-0.29193549592092893,-0.28989900192092893,-0.30000001192092896,-0.30000001192092896,-0.30000001192092896,0.4610962689209289,-0.30000001192092896,0.30000001192092896,-0.30000001192092896,-0.299854978525238
1.2999999523162842,0.3915149762170105,-0.30000001192092896,0.3103092908859253,0.3683760668976746,-0.30000001192092896,-0.25967743092092893,-0.24949496092092896,-0.30000001192092896,-0.30000001192092896,-0.30000001192092896,0.30000001192092896,-0.30000001192092896,0.30000001192092896,-0.30000001192092896,-0.26899961352523805
1.2999999523162842,0.4530096292170105,-0.30000001192092896,0.3103092908859253,0.5136752128976746,-0.30000001192092896,-0.30000001192092896,-0.30000001192092896,-0.30000001192092896,-0.30000001192092896,-0.30000001192092896,0.30000001192092896,-0.30000001192092896,0.30000001192092896,-0.30000001192092896,-0.299899996525238
1.2999999523162842,0.3057790092170105,-0.30000001192092896,0.3103092908859253,0.3512820498976746,-0.30000001192092896,-0.20322581792092898,-0.28989900192092893,-0.30000001192092896,-0.30000001192092896,-0.30000001192092896,0.981818193920929,-0.30000001192092896,0.30000001192092896,-0.30000001192092896,-0.29983768152523804
1.2999999523162842,0.3606022502170105,-0.30000001192092896,0.48556702288592535,0.5393162378976746,-0.30000001192092896,-0.30000001192092896,-0.30000001192092896,-0.30000001192092896,-0.30000001192092896,-0.30000001192092896,0.30000001192092896,-0.24605810292092894,1.300000011920929,-0.30000001192092896,-0.29360358452523805
1.2999999523162842,0.3033543622170105,-0.30000001192092896,0.3103092908859253,0.34273504189767456,-0.30000001192092896,-0.20322581792092898,-0.28989900192092893,-0.30000001192092896,-0.30000001192092896,-0.30000001192092896,0.981818193920929,-0.11327801992092895,0.7782413209209289,-0.30000001192092896,-0.24998331152523803
1.2999999523162842,0.4212020502170105,-0.30000001192092896,0.3103092908859253,0.5136752128976746,-0.30000001192092896,-0.30000001192092896,-0.30000001192092896,-0.30000001192092896,-0.30000001192092896,-0.30000001192092896,0.30000001192092896,-0.295850633920929,0.855148912920929,-0.30000001192092896,-0.29948885452523805
1.2999999523162842,0.5123837772170106,-0.30000001192092896,0.3103092908859253,0.5222222208976746,-0.30000001192092896,-0.30000001192092896,-0.30000001192092896,-0.30000001192092896,-0.30000001192092896,-0.30000001192092896,0.30000001192092896,-0.30000001192092896,0.30000001192092896,-0.30000001192092896,-0.299471335525238
1.2999999523162842,0.5726667132170105,-0.30000001192092896,0.3103092908859253,0.5051282038976745,-0.30000001192092896,-0.30000001192092896,-0.30000001192092896,-0.30000001192092896,-0.30000001192092896,-0.30000001192092896,0.30000001192092896,-0.30000001192092896,0.30000001192092896,-0.30000001192092896,-0.29990088312523805
1.2999999523162842,0.3057559862170105,-0.30000001192092896,0.3103092908859253,0.3170940158976746,-0.30000001192092896,0.11935482707907102,0.22525251307907102,-0.30000001192092896,-0.30000001192092896,-0.30000001192092896,0.30000001192092896,-0.30000001192092896,0.30000001192092896,-0.30000001192092896,-0.29983923452523803
1.2999999523162842,0.4221108382170105,-0.30000001192092896,0.3103092908859253,0.5222222208976746,-0.30000001192092896,-0.30000001192092896,-0.30000001192092896,-0.30000001192092896,-0.30000001192092896,-0.30000001192092896,0.30000001192092896,-0.29170125692092896,1.1441927509209289,-0.30000001192092896,-0.29888544752523805
1.2999999523162842,0.3915149762170105,-0.30000001192092896,0.3103092908859253,0.3683760668976746,-0.30000001192092896,-0.25967743092092893,-0.24949496092092896,-0.30000001192092896,-0.30000001192092896,-0.30000001192092896,0.30000001192092896,-0.30000001192092896,0.30000001192092896,-0.30000001192092896,-0.299856087525238
1.2999999523162842,0.5126867062170105,-0.30000001192092896,0.3103092908859253,0.5136752128976746,-0.30000001192092896,-0.30000001192092896,-0.30000001192092896,-0.30000001192092896,-0.30000001192092896,-0.30000001192092896,0.30000001192092896,-0.30000001192092896,0.30000001192092896,-0.30000001192092896,-0.299901104925238
1.2999999523162842,0.4524037702170105,-0.30000001192092896,0.3103092908859253,0.5222222208976746,-0.30000001192092896,-0.30000001192092896,-0.30000001192092896,-0.30000001192092896,-0.30000001192092896,-0.30000001192092896,0.30000001192092896,-0.30000001192092896,0.30000001192092896,-0.30000001192092896,-0.29882291152523804
1.2999999523162842,0.3009151752170105,-0.30000001192092896,0.3103092908859253,0.3512820498976746,-0.30000001192092896,-0.20322581792092898,-0.17878789092092895,-0.30000001192092896,-0.30000001192092896,-0.30000001192092896,0.30000001192092896,-0.30000001192092896,0.30000001192092896,-0.30000001192092896,-0.288093753525238
1.2999999523162842,0.33029568521701047,-0.30000001192092896,0.3103092908859253,0.2999999988976746,-0.30000001192092896,-0.30000001192092896,-0.30000001192092896,-0.30000001192092896,-0.30000001192092896,-0.30000001192092896,0.30066846092092897,-0.30000001192092896,0.30000001192092896,-0.30000001192092896,-0.299870723525238
1.2999999523162842,0.5432825682170105,-0.30000001192092896,0.3103092908859253,0.5222222208976746,-0.30000001192092896,-0.30000001192092896,-0.30000001192092896,-0.30000001192092896,-0.30000001192092896,-0.30000001192092896,0.30000001192092896,-0.30000001192092896,0.30000001192092896,-0.30000001192092896,-0.29941301252523805
1.2999999523162842,0.4230196262170105,-0.30000001192092896,0.3103092908859253,0.5222222208976746,-0.30000001192092896,-0.30000001192092896,-0.30000001192092896,-0.30000001192092896,-0.30000001192092896,-0.30000001192092896,0.30000001192092896,-0.30000001192092896,0.30000001192092896,-0.30000001192092896,-0.29939926352523805
1.2999999523162842,0.4517979122170105,-0.30000001192092896,0.3103092908859253,0.5136752128976746,-0.30000001192092896,-0.30000001192092896,-0.30000001192092896,-0.30000001192092896,-0.30000001192092896,-0.30000001192092896,0.30000001192092896,-0.295850633920929,0.6740299839209289,-0.30000001192092896,-0.296951484525238
1.2999999523162842,0.4530096292170105,-0.30000001192092896,0.3103092908859253,0.5136752128976746,-0.30000001192092896,-0.30000001192092896,-0.30000001192092896,-0.30000001192092896,-0.30000001192092896,-0.30000001192092896,0.30000001192092896,-0.295850633920929,0.979165439920929,-0.30000001192092896,-0.29945891652523804
1.2999999523162842,0.42148710621701047,-0.30000001192092896,0.3103092908859253,0.4282051268976746,-0.30000001192092896,-0.29193549592092893,-0.28989900192092893,-0.30000001192092896,-0.30000001192092896,-0.30000001192092896,0.460427818920929,0.15228214607907103,0.830881789920929,-0.30000001192092896,-0.259550450525238
1.2999999523162842,0.3624337602170105,-0.30000001192092896,0.3103092908859253,0.3683760668976746,-0.30000001192092896,-0.25161291492092897,-0.28989900192092893,-0.30000001192092896,-0.30000001192092896,-0.30000001192092896,0.8247326319209289,-0.030290467920928932,0.8485767959209289,-0.30000001192092896,-0.252617367525238
1.2999999523162842,0.4539184172170105,-0.30000001192092896,0.3103092908859253,0.5307692298976746,-0.30000001192092896,-0.30000001192092896,-0.30000001192092896,-0.30000001192092896,-0.30000001192092896,-0.30000001192092896,0.30000001192092896,-0.2875518789209289,1.077492108920929,-0.30000001192092896,-0.298940665525238
1.2999999523162842,0.3909091172170105,-0.30000001192092896,0.3103092908859253,0.3598290588976746,-0.30000001192092896,-0.26774194692092895,-0.259595971920929,-0.30000001192092896,-0.30000001192092896,-0.30000001192092896,0.30000001192092896,-0.30000001192092896,0.30000001192092896,-0.30000001192092896,-0.27275909852523805
1.2999999523162842,0.3608960912170105,-0.30000001192092896,0.3103092908859253,0.33418803289767457,-0.30000001192092896,-0.05806452792092895,-0.28989900192092893,-0.30000001192092896,-0.30000001192092896,-0.30000001192092896,1.106149744920929,-0.30000001192092896,0.30000001192092896,-0.30000001192092896,-0.259408080525238
1.2999999523162842,0.4232946852170105,-0.30000001192092896,0.3103092908859253,0.3940170928976746,-0.30000001192092896,-0.24354839892092894,-0.22929294092092894,-0.30000001192092896,-0.30000001192092896,-0.30000001192092896,0.30000001192092896,-0.30000001192092896,0.30000001192092896,-0.30000001192092896,-0.299854978525238
1.2999999523162842,0.3036536572170105,-0.30000001192092896,0.3103092908859253,0.3683760668976746,-0.30000001192092896,-0.17096775392092894,-0.28989900192092893,-0.30000001192092896,-0.30000001192092896,-0.30000001192092896,0.905614984920929,-0.19626557192092897,0.965039404920929,-0.30000001192092896,-0.251978922525238
1.2999999523162842,0.45149498221701045,-0.30000001192092896,0.3103092908859253,0.4111111098976746,-0.30000001192092896,-0.28387097992092897,-0.28989900192092893,-0.30000001192092896,-0.30000001192092896,-0.30000001192092896,0.5747326319209289,0.13983401307907106,1.0698410809209289,-0.30000001192092896,-0.26198714152523805
1.2999999523162842,0.3330208372170105,-0.30000001192092896,0.4134020748859253,0.44529914389767455,-0.30000001192092896,-0.29193549592092893,-0.28989900192092893,-0.30000001192092896,-0.30000001192092896,-0.30000001192092896,0.45574867492092896,0.666804967079071,0.9682757449209289,-0.30000001192092896,-0.21520657652523803
1.2999999523162842,0.3327385072170105,-0.30000001192092896,0.3103092908859253,0.34273504189767456,-0.30000001192092896,-0.21935485092092893,-0.28989900192092893,-0.30000001192092896,-0.30000001192092896,-0.30000001192092896,0.9417112419209289,-0.30000001192092896,0.30000001192092896,-0.30000001192092896,-0.299843225525238
1.2999999523162842,0.4221108382170105,-0.30000001192092896,0.3103092908859253,0.5307692298976746,-0.30000001192092896,-0.30000001192092896,-0.30000001192092896,-0.30000001192092896,-0.30000001192092896,-0.30000001192092896,0.30000001192092896,-0.283402501920929,0.748362389920929,-0.30000001192092896,-0.299063963525238
1.2999999523162842,0.3318257812170105,-0.30000001192092896,0.3103092908859253,0.3683760668976746,-0.30000001192092896,-0.25161291492092897,-0.28989900192092893,-0.30000001192092896,-0.30000001192092896,-0.30000001192092896,0.825401081920929,-0.03858922392092895,1.0698410809209289,-0.30000001192092896,-0.24653428852523804
1.2999999523162842,0.3303220402170105,-0.30000001192092896,0.3618556828859253,0.4880341868976746,-0.30000001192092896,-0.26774194692092895,-0.28989900192092893,-0.30000001192092896,-0.30000001192092896,-0.30000001192092896,0.6669786219209289,0.363900403079071,0.9026445069209289,-0.30000001192092896,-0.23962803952523803
1.2999999523162842,0.3609191142170105,-0.30000001192092896,0.3103092908859253,0.38547008389767456,-0.30000001192092896,-0.30000001192092896,-0.30000001192092896,-0.30000001192092896,-0.30000001192092896,-0.30000001192092896,0.30000001192092896,-0.2875518789209289,0.8920587219209289,-0.30000001192092896,-0.29301725352523805
1.2999999523162842,1.0273636322170105,-0.30000001192092896,0.3103092908859253,0.3598290588976746,-0.30000001192092896,-0.30000001192092896,-0.30000001192092896,-0.30000001192092896,-0.30000001192092896,-0.30000001192092896,0.30000001192092896,-0.29170125692092896,1.018495879920929,-0.30000001192092896,-0.299652290525238
1.2999999523162842,0.4521008412170105,-0.30000001192092896,0.3103092908859253,0.5307692298976746,-0.30000001192092896,-0.30000001192092896,-0.30000001192092896,-0.30000001192092896,-0.30000001192092896,-0.30000001192092896,0.30000001192092896,-0.30000001192092896,0.30000001192092896,-0.30000001192092896,-0.299900217825238
1.2999999523162842,0.5129896362170105,-0.30000001192092896,0.3103092908859253,0.5136752128976746,-0.30000001192092896,-0.30000001192092896,-0.30000001192092896,-0.30000001192092896,-0.30000001192092896,-0.30000001192092896,0.30000001192092896,-0.30000001192092896,0.30000001192092896,-0.30000001192092896,-0.299478431525238
1.2999999523162842,0.3030553712170105,-0.30000001192092896,0.3103092908859253,0.33418803289767457,-0.30000001192092896,-0.06612904392092894,-0.007070718920928976,-0.30000001192092896,-0.30000001192092896,-0.30000001192092896,0.30000001192092896,-0.30000001192092896,0.30000001192092896,-0.30000001192092896,-0.29983989952523804
1.2999999523162842,0.3923977122170105,-0.30000001192092896,0.3103092908859253,0.3940170928976746,-0.30000001192092896,-0.28387097992092897,-0.28989900192092893,-0.30000001192092896,-0.30000001192092896,-0.30000001192092896,0.575401081920929,-0.30000001192092896,0.30000001192092896,-0.30000001192092896,-0.26681971952523803
1.2999999523162842,0.3308991202170105,-0.30000001192092896,0.3412371258859253,0.5393162378976746,-0.30000001192092896,-0.30000001192092896,-0.30000001192092896,0.699999988079071,-0.30000001192092896,-0.30000001192092896,0.30000001192092896,-0.24605810292092894,1.1978775169209288,-0.30000001192092896,-0.252486973525238
1.2999999523162842,0.30062072821701047,-0.30000001192092896,0.3103092908859253,0.3512820498976746,-0.30000001192092896,-0.12258065692092895,-0.07777778992092896,-0.30000001192092896,-0.30000001192092896,-0.30000001192092896,0.30000001192092896,-0.30000001192092896,0.30000001192092896,-0.30000001192092896,-0.29984056452523805
1.2999999523162842,0.4524037702170105,-0.30000001192092896,0.3103092908859253,0.5222222208976746,-0.30000001192092896,-0.30000001192092896,-0.30000001192092896,-0.30000001192092896,-0.30000001192092896,-0.30000001192092896,0.30000001192092896,-0.30000001192092896,0.30000001192092896,-0.30000001192092896,-0.29127777352523804
1.2999999523162842,0.5123801422170104,-0.30000001192092896,0.7742268168859253,0.2999999988976746,-0.30000001192092896,-0.30000001192092896,-0.30000001192092896,-0.30000001192092896,-0.30000001192092896,-0.30000001192092896,0.30000001192092896,-0.24605810292092894,0.7381502899209289,-0.30000001192092896,-0.295042580525238
1.2999999523162842,0.3609191142170105,-0.30000001192092896,0.3103092908859253,0.3512820498976746,-0.30000001192092896,-0.25161291492092897,-0.28989900192092893,-0.30000001192092896,-0.30000001192092896,-0.30000001192092896,0.6656417229209289,-0.17966806192092896,0.917944533920929,-0.30000001192092896,-0.28230894052523803
1.2999999523162842,0.5735755012170105,-0.30000001192092896,0.3103092908859253,0.5136752128976746,-0.30000001192092896,-0.30000001192092896,-0.30000001192092896,-0.30000001192092896,-0.30000001192092896,-0.30000001192092896,0.30000001192092896,-0.30000001192092896,0.30000001192092896,-0.30000001192092896,-0.299469339525238
1.2999999523162842,0.3006064912170105,-0.30000001192092896,0.3103092908859253,0.3683760668976746,-0.30000001192092896,-0.19516130192092895,-0.28989900192092893,-0.30000001192092896,-0.30000001192092896,-0.30000001192092896,0.994518728920929,-0.30000001192092896,0.30000001192092896,-0.30000001192092896,-0.29983879052523804
1.2999999523162842,0.4826967032170105,-0.30000001192092896,0.3103092908859253,0.5307692298976746,-0.30000001192092896,-0.30000001192092896,-0.30000001192092896,-0.30000001192092896,-0.30000001192092896,-0.30000001192092896,0.30000001192092896,-0.295850633920929,0.6740299839209289,-0.30000001192092896,-0.299250684525238
1.2999999523162842,0.3024449692170105,-0.30000001192092896,0.3103092908859253,0.34273504189767456,-0.30000001192092896,-0.13064517292092895,-0.28989900192092893,-0.30000001192092896,-0.30000001192092896,-0.30000001192092896,1.072058835920929,-0.18381743892092894,0.891385137920929,-0.30000001192092896,-0.25086413852523803
1.2999999523162842,0.4521008412170105,-0.30000001192092896,0.3103092908859253,0.5222222208976746,-0.30000001192092896,-0.30000001192092896,-0.30000001192092896,-0.30000001192092896,-0.30000001192092896,-0.30000001192092896,0.30000001192092896,-0.30000001192092896,0.30000001192092896,-0.30000001192092896,-0.29917173852523804
1.2999999523162842,0.8758989692170105,-0.30000001192092896,0.3103092908859253,0.3769230758976746,-0.30000001192092896,-0.30000001192092896,-0.30000001192092896,-0.30000001192092896,-0.30000001192092896,-0.30000001192092896,0.30000001192092896,-0.295850633920929,0.721907532920929,-0.30000001192092896,-0.29957822352523805
1.2999999523162842,0.3042516392170105,-0.30000001192092896,0.3103092908859253,0.3598290588976746,-0.30000001192092896,-0.28387097992092897,-0.27979799192092897,-0.30000001192092896,-0.30000001192092896,-0.30000001192092896,0.30000001192092896,-0.30000001192092896,0.30000001192092896,-0.30000001192092896,-0.29983967752523805
1.2999999523162842,0.6332525782170104,-0.30000001192092896,0.3103092908859253,0.5051282038976745,-0.30000001192092896,-0.30000001192092896,-0.30000001192092896,-0.30000001192092896,-0.30000001192092896,-0.30000001192092896,0.30000001192092896,-0.30000001192092896,0.30000001192092896,-0.30000001192092896,-0.29947111352523803
1.2999999523162842,0.48208720921701054,-0.30000001192092896,0.49587630188592535,0.5393162378976746,-0.30000001192092896,-0.30000001192092896,-0.30000001192092896,-0.30000001192092896,-0.30000001192092896,-0.30000001192092896,0.30000001192092896,-0.24605810292092894,0.7381502899209289,-0.30000001192092896,-0.295105560525238
1.2999999523162842,0.4233225552170105,-0.30000001192092896,0.3103092908859253,0.3598290588976746,-0.30000001192092896,-0.25967743092092893,-0.24949496092092896,-0.30000001192092896,-0.30000001192092896,-0.30000001192092896,0.30000001192092896,-0.30000001192092896,0.30000001192092896,-0.30000001192092896,-0.29985542252523806
1.2999999523162842,0.4230196262170105,-0.30000001192092896,0.3103092908859253,0.5136752128976746,-0.30000001192092896,-0.30000001192092896,-0.30000001192092896,-0.30000001192092896,-0.30000001192092896,-0.30000001192092896,0.30000001192092896,-0.30000001192092896,0.30000001192092896,-0.30000001192092896,-0.291266019525238
1.2999999523162842,0.4221108382170105,-0.30000001192092896,0.3103092908859253,0.5222222208976746,-0.30000001192092896,-0.30000001192092896,-0.30000001192092896,-0.30000001192092896,-0.30000001192092896,-0.30000001192092896,0.30000001192092896,-0.30000001192092896,0.30000001192092896,-0.30000001192092896,-0.29943585352523805
1.2999999523162842,0.4526806482170105,-0.30000001192092896,0.3103092908859253,0.4367521358976746,-0.30000001192092896,-0.28387097992092897,-0.28989900192092893,-0.30000001192092896,-0.30000001192092896,-0.30000001192092896,0.575401081920929,-0.30000001192092896,0.30000001192092896,-0.30000001192092896,-0.29130549352523805
1.2999999523162842,0.33091517521701047,-0.30000001192092896,0.3412371258859253,0.5307692298976746,-0.30000001192092896,-0.30000001192092896,-0.30000001192092896,0.699999988079071,-0.30000001192092896,-0.30000001192092896,0.30000001192092896,-0.24605810292092894,1.003730975920929,-0.30000001192092896,-0.28788751752523806
1.2999999523162842,0.30517678521701047,-0.30000001192092896,0.3103092908859253,0.33418803289767457,-0.30000001192092896,-0.11451614092092896,-0.28989900192092893,-0.30000001192092896,-0.30000001192092896,-0.30000001192092896,1.084090920920929,-0.30000001192092896,0.30000001192092896,-0.30000001192092896,-0.29984078652523805
1.2999999523162842,0.3324180082170105,-0.30000001192092896,0.3103092908859253,0.3512820498976746,-0.30000001192092896,-0.25967743092092893,-0.28989900192092893,-0.30000001192092896,-0.30000001192092896,-0.30000001192092896,0.7812834339209289,-0.30000001192092896,0.30000001192092896,-0.30000001192092896,-0.29983967752523805
1.2999999523162842,0.3051737562170105,-0.30000001192092896,0.3103092908859253,0.3170940158976746,-0.30000001192092896,0.014516117079071023,0.09393938207907104,-0.30000001192092896,-0.30000001192092896,-0.30000001192092896,0.32139038592092894,-0.30000001192092896,0.30000001192092896,-0.30000001192092896,-0.29983834652523805
1.2999999523162842,0.3024504212170105,-0.30000001192092896,0.3103092908859253,0.38547008389767456,-0.30000001192092896,-0.28387097992092897,-0.27979799192092897,-0.30000001192092896,-0.30000001192092896,-0.30000001192092896,0.549331562920929,0.5506223950790711,1.101080052920929,-0.30000001192092896,-0.23102222652523802
1.2999999523162842,0.4826967032170105,-0.30000001192092896,0.3103092908859253,0.5222222208976746,-0.30000001192092896,-0.30000001192092896,-0.30000001192092896,-0.30000001192092896,-0.30000001192092896,-0.30000001192092896,0.30000001192092896,-0.30000001192092896,0.30000001192092896,-0.30000001192092896,-0.299256450525238
1.2999999523162842,0.5738544992170105,-0.30000001192092896,0.3103092908859253,0.5136752128976746,-0.30000001192092896,-0.30000001192092896,-0.30000001192092896,-0.30000001192092896,-0.30000001192092896,-0.30000001192092896,0.30000001192092896,-0.295850633920929,0.721141444920929,-0.30000001192092896,-0.29893445652523803
1.2999999523162842,0.5426558072170105,-0.30000001192092896,0.3103092908859253,0.5307692298976746,-0.30000001192092896,-0.30000001192092896,-0.30000001192092896,-0.30000001192092896,-0.30000001192092896,-0.30000001192092896,0.30000001192092896,-0.30000001192092896,0.30000001192092896,-0.30000001192092896,-0.29990088312523805
1.2999999523162842,0.42271669621701047,-0.30000001192092896,0.3103092908859253,0.4965811958976746,-0.30000001192092896,-0.30000001192092896,-0.30000001192092896,-0.30000001192092896,-0.30000001192092896,-0.30000001192092896,0.30000001192092896,-0.30000001192092896,0.30000001192092896,-0.30000001192092896,-0.29889498252523805
1.2999999523162842,0.3630332572170105,-0.30000001192092896,0.3103092908859253,0.3256410248976746,-0.30000001192092896,-0.09838710892092895,-0.04747475892092895,-0.30000001192092896,-0.30000001192092896,-0.30000001192092896,0.30000001192092896,-0.30000001192092896,0.30000001192092896,-0.30000001192092896,-0.29984677352523803
1.2999999523162842,0.4517942762170105,-0.30000001192092896,0.3103092908859253,0.3769230758976746,-0.30000001192092896,-0.30000001192092896,-0.30000001192092896,-0.30000001192092896,-0.30000001192092896,-0.30000001192092896,0.30000001192092896,-0.30000001192092896,0.30000001192092896,-0.30000001192092896,-0.299904431225238
1.2999999523162842,0.3917891272170105,-0.30000001192092896,0.3103092908859253,0.34273504189767456,-0.30000001192092896,-0.29193549592092893,-0.28989900192092893,-0.30000001192092896,-0.30000001192092896,-0.30000001192092896,0.4610962689209289,0.699999988079071,0.721884852920929,-0.30000001192092896,-0.263584916525238
1.2999999523162842,0.5120808482170105,-0.30000001192092896,0.3103092908859253,0.5307692298976746,-0.30000001192092896,-0.30000001192092896,-0.30000001192092896,-0.30000001192092896,-0.30000001192092896,-0.30000001192092896,0.30000001192092896,-0.30000001192092896,0.30000001192092896,-0.30000001192092896,-0.29957423152523804
0.2999999523162842,0.3027563802170105,-0.23606803492092895,0.3000000128859253,0.3940170928976746,0.699999988079071,-0.30000001192092896,-0.30000001192092896,0.699999988079071,-0.23939395092092897,0.24356845307907105,0.30000001192092896,-0.30000001192092896,0.30000001192092896,0.233333321079071,-0.29518561552523803
1.2999999523162842,0.39242376421701053,-0.30000001192092896,0.3103092908859253,0.38547008389767456,-0.30000001192092896,-0.30000001192092896,-0.30000001192092896,-0.30000001192092896,-0.30000001192092896,-0.30000001192092896,0.30000001192092896,-0.30000001192092896,0.30000001192092896,-0.30000001192092896,-0.299870723525238
1.2999999523162842,0.42178518921701047,-0.30000001192092896,0.3103092908859253,0.41965811889767457,-0.30000001192092896,-0.30000001192092896,-0.30000001192092896,-0.30000001192092896,-0.30000001192092896,-0.30000001192092896,0.30000001192092896,-0.30000001192092896,0.30000001192092896,-0.30000001192092896,-0.278815123525238
1.2999999523162842,0.3045685032170105,-0.30000001192092896,0.3103092908859253,0.3598290588976746,-0.30000001192092896,-0.18709678592092896,-0.28989900192092893,-0.30000001192092896,-0.30000001192092896,-0.30000001192092896,1.011229958920929,-0.30000001192092896,0.30000001192092896,-0.30000001192092896,-0.29984034252523806
1.2999999523162842,0.3012187112170105,-0.30000001192092896,0.3103092908859253,0.33418803289767457,-0.30000001192092896,-0.12258065692092895,-0.28989900192092893,-0.30000001192092896,-0.30000001192092896,-0.30000001192092896,1.0794117769209288,-0.30000001192092896,0.30000001192092896,-0.30000001192092896,-0.29983989952523804
1.2999999523162842,0.3909091172170105,-0.30000001192092896,0.3103092908859253,0.5051282038976745,-0.30000001192092896,-0.30000001192092896,-0.30000001192092896,-0.30000001192092896,-0.30000001192092896,-0.30000001192092896,0.30000001192092896,-0.30000001192092896,0.30000001192092896,-0.30000001192092896,-0.299530101525238
1.2999999523162842,0.36455123621701047,-0.30000001192092896,0.3103092908859253,0.3085470078976746,-0.30000001192092896,-0.17096775392092894,-0.28989900192092893,-0.30000001192092896,-0.30000001192092896,-0.30000001192092896,1.0032085679209288,-0.15477179592092896,0.746756823920929,-0.30000001192092896,-0.25513034452523803
1.2999999523162842,0.4833025622170105,-0.30000001192092896,0.3103092908859253,0.5307692298976746,-0.30000001192092896,-0.30000001192092896,-0.30000001192092896,-0.30000001192092896,-0.30000001192092896,-0.30000001192092896,0.30000001192092896,-0.27925312392092894,0.861063292920929,-0.30000001192092896,-0.29811483352523804
1.2999999523162842,0.3612075022170105,-0.30000001192092896,0.4546391878859253,0.5393162378976746,-0.30000001192092896,-0.30000001192092896,-0.30000001192092896,-0.30000001192092896,-0.30000001192092896,-0.30000001192092896,0.30000001192092896,-0.24605810292092894,1.019762921920929,-0.30000001192092896,-0.27204747352523806
1.2999999523162842,0.6941413732170105,-0.30000001192092896,0.3103092908859253,0.3769230758976746,-0.30000001192092896,-0.30000001192092896,-0.30000001192092896,-0.30000001192092896,-0.30000001192092896,-0.30000001192092896,0.30000001192092896,-0.30000001192092896,0.30000001192092896,-0.30000001192092896,-0.299843225525238
1.2999999523162842,0.4530096292170105,-0.30000001192092896,0.3103092908859253,0.5222222208976746,-0.30000001192092896,-0.30000001192092896,-0.30000001192092896,-0.30000001192092896,-0.30000001192092896,-0.30000001192092896,0.30000001192092896,-0.30000001192092896,0.30000001192092896,-0.30000001192092896,-0.299870723525238
1.2999999523162842,0.4832810542170105,-0.30000001192092896,0.3103092908859253,0.5222222208976746,-0.30000001192092896,-0.30000001192092896,-0.30000001192092896,-0.30000001192092896,-0.30000001192092896,-0.30000001192092896,0.30000001192092896,-0.29170125692092896,1.044382434920929,-0.30000001192092896,-0.29878499052523805
1.2999999523162842,0.4230196262170105,-0.30000001192092896,0.3103092908859253,0.5222222208976746,-0.30000001192092896,-0.30000001192092896,-0.30000001192092896,-0.30000001192092896,-0.30000001192092896,-0.30000001192092896,0.30000001192092896,-0.295850633920929,0.861431282920929,-0.30000001192092896,-0.29903846152523805
1.2999999523162842,0.3033625422170105,-0.30000001192092896,0.3103092908859253,0.3256410248976746,-0.30000001192092896,-0.25161291492092897,-0.28989900192092893,-0.30000001192092896,-0.30000001192092896,-0.30000001192092896,0.825401081920929,-0.02199171292092894,1.105094860920929,-0.30000001192092896,-0.253463157525238
1.2999999523162842,0.3920926622170105,-0.30000001192092896,0.3103092908859253,0.38547008389767456,-0.30000001192092896,-0.28387097992092897,-0.28989900192092893,-0.30000001192092896,-0.30000001192092896,-0.30000001192092896,0.4791443969209289,-0.30000001192092896,0.30000001192092896,-0.30000001192092896,-0.260905842525238
1.2999999523162842,0.5132925652170105,-0.30000001192092896,0.3103092908859253,0.5136752128976746,-0.30000001192092896,-0.30000001192092896,-0.30000001192092896,-0.30000001192092896,-0.30000001192092896,-0.30000001192092896,0.30000001192092896,-0.30000001192092896,0.30000001192092896,-0.30000001192092896,-0.299542741525238
1.2999999523162842,0.3330220492170105,-0.30000001192092896,0.3103092908859253,0.4111111098976746,-0.30000001192092896,-0.25161291492092897,-0.28989900192092893,-0.30000001192092896,-0.30000001192092896,-0.30000001192092896,0.8247326319209289,-0.026141090920928978,1.088932179920929,-0.30000001192092896,-0.24715166652523804
1.2999999523162842,0.3930296222170105,-0.30000001192092896,0.3103092908859253,0.5136752128976746,-0.30000001192092896,-0.30000001192092896,-0.30000001192092896,-0.30000001192092896,-0.30000001192092896,-0.30000001192092896,0.30000001192092896,-0.295850633920929,0.846887934920929,-0.30000001192092896,-0.298751726525238
1.2999999523162842,0.4530096292170105,-0.30000001192092896,0.3103092908859253,0.5136752128976746,-0.30000001192092896,-0.30000001192092896,-0.30000001192092896,-0.30000001192092896,-0.30000001192092896,-0.30000001192092896,0.30000001192092896,-0.30000001192092896,0.30000001192092896,-0.30000001192092896,-0.299467565525238
1.2999999523162842,0.3612187112170105,-0.30000001192092896,0.4752577448859253,0.5393162378976746,-0.30000001192092896,-0.30000001192092896,-0.30000001192092896,0.699999988079071,-0.30000001192092896,-0.30000001192092896,0.30000001192092896,-0.24605810292092894,0.979299344920929,-0.30000001192092896,-0.24916058452523804
1.2999999523162842,0.4236254842170105,-0.30000001192092896,0.3103092908859253,0.5136752128976746,-0.30000001192092896,-0.30000001192092896,-0.30000001192092896,-0.30000001192092896,-0.30000001192092896,-0.30000001192092896,0.30000001192092896,-0.30000001192092896,0.30000001192092896,-0.30000001192092896,-0.29989644752523803
1.2999999523162842,0.5126867062170105,-0.30000001192092896,0.3103092908859253,0.5222222208976746,-0.30000001192092896,-0.30000001192092896,-0.30000001192092896,-0.30000001192092896,-0.30000001192092896,-0.30000001192092896,0.30000001192092896,-0.30000001192092896,0.30000001192092896,-0.30000001192092896,-0.299900661325238
1.2999999523162842,0.3909091172170105,-0.30000001192092896,0.3103092908859253,0.3683760668976746,-0.30000001192092896,-0.25967743092092893,-0.28989900192092893,-0.30000001192092896,-0.30000001192092896,-0.30000001192092896,0.7812834339209289,0.002904552079071032,1.0151738689209289,-0.30000001192092896,-0.25299258452523804
1.2999999523162842,0.4521008412170105,-0.30000001192092896,0.3103092908859253,0.5222222208976746,-0.30000001192092896,-0.30000001192092896,-0.30000001192092896,-0.30000001192092896,-0.30000001192092896,-0.30000001192092896,0.30000001192092896,-0.30000001192092896,0.30000001192092896,-0.30000001192092896,-0.299900217825238
1.2999999523162842,0.5435854982170105,-0.30000001192092896,0.3103092908859253,0.5307692298976746,-0.30000001192092896,-0.30000001192092896,-0.30000001192092896,-0.30000001192092896,-0.30000001192092896,-0.30000001192092896,0.30000001192092896,-0.30000001192092896,0.30000001192092896,-0.30000001192092896,-0.299507260525238
1.2999999523162842,0.4221108382170105,-0.30000001192092896,0.3103092908859253,0.5222222208976746,-0.30000001192092896,-0.30000001192092896,-0.30000001192092896,-0.30000001192092896,-0.30000001192092896,-0.30000001192092896,0.30000001192092896,-0.30000001192092896,0.30000001192092896,-0.30000001192092896,-0.299900661325238
1.2999999523162842,0.3936266962170105,-0.30000001192092896,0.3103092908859253,0.3170940158976746,-0.30000001192092896,-0.025806463920928946,-0.28989900192092893,-0.30000001192092896,-0.30000001192092896,-0.30000001192092896,1.1409091029209288,-0.30000001192092896,0.30000001192092896,-0.30000001192092896,-0.299855200525238
1.2999999523162842,0.4236254842170105,-0.30000001192092896,0.3103092908859253,0.5136752128976746,-0.30000001192092896,-0.30000001192092896,-0.30000001192092896,-0.30000001192092896,-0.30000001192092896,-0.30000001192092896,0.30000001192092896,-0.30000001192092896,0.30000001192092896,-0.30000001192092896,-0.299896891525238
1.2999999523162842,0.4820908442170105,-0.30000001192092896,0.3103092908859253,0.5222222208976746,-0.30000001192092896,-0.30000001192092896,-0.30000001192092896,-0.30000001192092896,-0.30000001192092896,-0.30000001192092896,0.30000001192092896,-0.30000001192092896,0.30000001192092896,-0.30000001192092896,-0.29990043962523805
1.2999999523162842,0.3003053792170105,-0.30000001192092896,0.3103092908859253,0.3256410248976746,-0.30000001192092896,-0.18709678592092896,-0.15858587092092896,-0.30000001192092896,-0.30000001192092896,-0.30000001192092896,0.30000001192092896,-0.30000001192092896,0.30000001192092896,-0.30000001192092896,-0.29983901252523804
1.2999999523162842,0.9361819052170105,-0.30000001192092896,0.3103092908859253,0.3769230758976746,-0.30000001192092896,-0.30000001192092896,-0.30000001192092896,-0.30000001192092896,-0.30000001192092896,-0.30000001192092896,0.30000001192092896,-0.30000001192092896,0.30000001192092896,-0.30000001192092896,-0.29990487482523803
1.2999999523162842,0.3000051760170105,-0.30000001192092896,0.3103092908859253,0.2999999988976746,-0.30000001192092896,-0.27580646392092895,-0.28989900192092893,-0.30000001192092896,-0.30000001192092896,-0.30000001192092896,0.6629679259209289,0.06929459407907107,0.7769382279209289,-0.30000001192092896,-0.25619234952523806
1.2999999523162842,0.3015343632170105,-0.30000001192092896,0.3103092908859253,0.3512820498976746,-0.30000001192092896,-0.17903226992092897,-0.14848485992092897,-0.30000001192092896,-0.30000001192092896,-0.30000001192092896,0.30000001192092896,-0.30000001192092896,0.30000001192092896,-0.30000001192092896,-0.29983945552523805
1.2999999523162842,0.39149407321701046,-0.30000001192092896,0.3103092908859253,0.3683760668976746,-0.30000001192092896,-0.30000001192092896,-0.30000001192092896,-0.30000001192092896,-0.30000001192092896,-0.30000001192092896,0.30000001192092896,-0.30000001192092896,0.30000001192092896,-0.30000001192092896,-0.29986961552523805
1.2999999523162842,0.5429587372170105,-0.30000001192092896,0.3103092908859253,0.5222222208976746,-0.30000001192092896,-0.30000001192092896,-0.30000001192092896,-0.30000001192092896,-0.30000001192092896,-0.30000001192092896,0.30000001192092896,-0.30000001192092896,0.30000001192092896,-0.30000001192092896,-0.29990088312523805
1.2999999523162842,0.42271669621701047,-0.30000001192092896,0.3103092908859253,0.5136752128976746,-0.30000001192092896,-0.30000001192092896,-0.30000001192092896,-0.30000001192092896,-0.30000001192092896,-0.30000001192092896,0.30000001192092896,-0.295850633920929,0.721141444920929,-0.30000001192092896,-0.29889476152523803
1.2999999523162842,0.36061254921701047,-0.30000001192092896,0.4752577448859253,0.5393162378976746,-0.30000001192092896,-0.30000001192092896,-0.30000001192092896,-0.30000001192092896,-0.30000001192092896,-0.30000001192092896,0.30000001192092896,-0.24605810292092894,0.7381502899209289,-0.30000001192092896,-0.27677648952523803
1.2999999523162842,0.4524037702170105,-0.30000001192092896,0.3103092908859253,0.3256410248976746,-0.30000001192092896,-0.05806452792092895,0.0030302910790710458,-0.30000001192092896,-0.30000001192092896,-0.30000001192092896,0.30000001192092896,-0.30000001192092896,0.30000001192092896,-0.30000001192092896,-0.299854978525238
1.2999999523162842,0.5120808482170105,-0.30000001192092896,0.3103092908859253,0.3769230758976746,-0.30000001192092896,-0.30000001192092896,-0.30000001192092896,-0.30000001192092896,-0.30000001192092896,-0.30000001192092896,0.30000001192092896,-0.30000001192092896,0.30000001192092896,-0.30000001192092896,-0.299797321525238
1.2999999523162842,0.3309185082170105,-0.30000001192092896,0.48556702288592535,0.5307692298976746,-0.30000001192092896,-0.30000001192092896,-0.30000001192092896,0.699999988079071,-0.30000001192092896,-0.30000001192092896,0.573395733920929,-0.24605810292092894,1.014219106920929,-0.30000001192092896,-0.23816243252523803
1.2999999523162842,0.42180790821701053,-0.30000001192092896,0.3103092908859253,0.5222222208976746,-0.30000001192092896,-0.30000001192092896,-0.30000001192092896,0.699999988079071,-0.30000001192092896,-0.30000001192092896,0.30000001192092896,-0.30000001192092896,0.30000001192092896,-0.30000001192092896,-0.278986099525238
1.2999999523162842,0.3039617362170105,-0.30000001192092896,0.3103092908859253,0.3085470078976746,-0.30000001192092896,0.25645160107907106,0.39696968507907104,-0.30000001192092896,-0.30000001192092896,-0.30000001192092896,0.30000001192092896,-0.30000001192092896,0.30000001192092896,-0.30000001192092896,-0.29983768152523804
1.2999999523162842,0.4524037702170105,-0.30000001192092896,0.3103092908859253,0.5136752128976746,-0.30000001192092896,-0.30000001192092896,-0.30000001192092896,-0.30000001192092896,-0.30000001192092896,-0.30000001192092896,0.30000001192092896,-0.283402501920929,1.105094860920929,-0.30000001192092896,-0.299051988525238
1.2999999523162842,0.3048759762170105,-0.30000001192092896,0.3103092908859253,0.33418803289767457,-0.30000001192092896,-0.21935485092092893,-0.28989900192092893,-0.30000001192092896,-0.30000001192092896,-0.30000001192092896,0.9417112419209289,-0.30000001192092896,0.30000001192092896,-0.30000001192092896,-0.29984012152523803
1.2999999523162842,0.42361882021701047,-0.30000001192092896,0.3103092908859253,0.3598290588976746,-0.30000001192092896,-0.25967743092092893,-0.28989900192092893,-0.30000001192092896,-0.30000001192092896,-0.30000001192092896,0.7812834339209289,-0.30000001192092896,0.30000001192092896,-0.30000001192092896,-0.299856087525238
1.2999999523162842,0.4833025622170105,-0.30000001192092896,0.3103092908859253,0.5222222208976746,-0.30000001192092896,-0.30000001192092896,-0.30000001192092896,-0.30000001192092896,-0.30000001192092896,-0.30000001192092896,0.30000001192092896,-0.30000001192092896,0.30000001192092896,-0.30000001192092896,-0.29936378252523804
1.2999999523162842,0.42271669621701047,-0.30000001192092896,0.3103092908859253,0.5222222208976746,-0.30000001192092896,-0.30000001192092896,-0.30000001192092896,-0.30000001192092896,-0.30000001192092896,-0.30000001192092896,0.30000001192092896,-0.30000001192092896,0.30000001192092896,-0.30000001192092896,-0.299901104925238
1.2999999523162842,0.3057575012170105,-0.30000001192092896,0.3103092908859253,0.34273504189767456,-0.30000001192092896,-0.07419355992092896,-0.01717172892092894,-0.30000001192092896,-0.30000001192092896,-0.30000001192092896,0.30000001192092896,-0.30000001192092896,0.30000001192092896,-0.30000001192092896,-0.29984012152523803
1.2999999523162842,0.4542213462170105,-0.30000001192092896,0.3103092908859253,0.5222222208976746,-0.30000001192092896,-0.30000001192092896,-0.30000001192092896,-0.30000001192092896,-0.30000001192092896,-0.30000001192092896,0.30000001192092896,-0.29170125692092896,1.026060097920929,-0.30000001192092896,-0.299771597525238
1.2999999523162842,0.3306198192170105,-0.30000001192092896,0.3103092908859253,0.2999999988976746,-0.30000001192092896,-0.30000001192092896,-0.30000001192092896,-0.30000001192092896,-0.30000001192092896,-0.30000001192092896,0.30000001192092896,-0.295850633920929,0.8365443559209289,-0.30000001192092896,-0.299868284525238
1.2999999523162842,0.3303002292170105,-0.30000001192092896,0.3103092908859253,0.3769230758976746,-0.30000001192092896,-0.20322581792092898,-0.28989900192092893,-0.30000001192092896,-0.30000001192092896,-0.30000001192092896,0.8782085679209289,-0.14647304092092894,0.860955634920929,-0.30000001192092896,-0.24821544552523803
1.2999999523162842,0.3348499252170105,-0.30000001192092896,0.3103092908859253,0.3512820498976746,-0.30000001192092896,-0.17096775392092894,-0.13838384992092895,-0.30000001192092896,-0.30000001192092896,-0.30000001192092896,0.30000001192092896,-0.30000001192092896,0.30000001192092896,-0.30000001192092896,-0.29984366952523805
1.2999999523162842,0.3609191142170105,-0.30000001192092896,0.3103092908859253,0.3598290588976746,-0.30000001192092896,-0.29193549592092893,-0.28989900192092893,-0.30000001192092896,-0.30000001192092896,-0.30000001192092896,0.4610962689209289,0.699999988079071,1.044382434920929,-0.30000001192092896,-0.25797485052523805
1.2999999523162842,0.5435854982170105,-0.30000001192092896,0.3103092908859253,0.5222222208976746,-0.30000001192092896,-0.30000001192092896,-0.30000001192092896,-0.30000001192092896,-0.30000001192092896,-0.30000001192092896,0.30000001192092896,-0.29170125692092896,0.6740299839209289,-0.30000001192092896,-0.29871336252523806
1.2999999523162842,0.5135954942170105,-0.30000001192092896,0.3103092908859253,0.5222222208976746,-0.30000001192092896,-0.30000001192092896,-0.30000001192092896,-0.30000001192092896,-0.30000001192092896,-0.30000001192092896,0.30000001192092896,-0.2875518789209289,0.8920587219209289,-0.30000001192092896,-0.29725130352523804
1.2999999523162842,0.3618139672170105,-0.30000001192092896,0.48556702288592535,0.5393162378976746,-0.30000001192092896,-0.30000001192092896,-0.30000001192092896,-0.30000001192092896,-0.30000001192092896,-0.30000001192092896,0.30000001192092896,-0.24605810292092894,1.300000011920929,-0.30000001192092896,-0.28566748452523805
1.2999999523162842,0.4212020502170105,-0.30000001192092896,0.3103092908859253,0.5051282038976745,-0.30000001192092896,-0.29193549592092893,-0.28989900192092893,-0.30000001192092896,-0.30000001192092896,-0.30000001192092896,0.4610962689209289,-0.30000001192092896,0.30000001192092896,-0.30000001192092896,-0.29989356552523805
1.2999999523162842,0.9364848342170105,-0.30000001192092896,0.3103092908859253,0.3769230758976746,-0.30000001192092896,-0.30000001192092896,-0.30000001192092896,-0.30000001192092896,-0.30000001192092896,-0.30000001192092896,0.30000001192092896,-0.30000001192092896,0.30000001192092896,-0.30000001192092896,-0.29972547152523804
1.2999999523162842,0.3330193232170105,-0.30000001192092896,0.3103092908859253,0.3683760668976746,-0.30000001192092896,-0.25967743092092893,-0.28989900192092893,-0.30000001192092896,-0.30000001192092896,-0.30000001192092896,0.780614984920929,0.02365144007907105,1.1441927509209289,-0.30000001192092896,-0.251429181525238
1.2999999523162842,0.4829996322170105,-0.30000001192092896,0.3103092908859253,0.5051282038976745,-0.30000001192092896,-0.30000001192092896,-0.30000001192092896,-0.30000001192092896,-0.30000001192092896,-0.30000001192092896,0.30000001192092896,-0.30000001192092896,0.30000001192092896,-0.30000001192092896,-0.29923848852523804
1.2999999523162842,0.3327466862170105,-0.30000001192092896,0.3103092908859253,0.3683760668976746,-0.30000001192092896,-0.21935485092092893,-0.28989900192092893,-0.30000001192092896,-0.30000001192092896,-0.30000001192092896,0.822058835920929,-0.09253113192092896,1.0151738689209289,-0.30000001192092896,-0.24942447752523803
1.2999999523162842,0.3036521422170105,-0.30000001192092896,0.3103092908859253,0.3256410248976746,-0.30000001192092896,-0.15483872192092896,-0.11818182992092896,-0.30000001192092896,-0.30000001192092896,-0.30000001192092896,0.30000001192092896,-0.30000001192092896,0.30000001192092896,-0.30000001192092896,-0.29984012152523803
1.2999999523162842,0.3909091172170105,-0.30000001192092896,0.3103092908859253,0.5222222208976746,-0.30000001192092896,-0.30000001192092896,-0.30000001192092896,-0.30000001192092896,-0.30000001192092896,-0.30000001192092896,0.30000001192092896,-0.30000001192092896,0.30000001192092896,-0.30000001192092896,-0.29932497452523804
1.2999999523162842,0.3909009382170105,-0.30000001192092896,0.4134020748859253,0.5393162378976746,-0.30000001192092896,-0.30000001192092896,-0.30000001192092896,-0.30000001192092896,-0.30000001192092896,-0.30000001192092896,0.30000001192092896,-0.24605810292092894,0.973676295920929,-0.30000001192092896,-0.295182067525238
1.2999999523162842,0.4224137672170105,-0.30000001192092896,0.3103092908859253,0.5136752128976746,-0.30000001192092896,-0.30000001192092896,-0.30000001192092896,-0.30000001192092896,-0.30000001192092896,-0.30000001192092896,0.30000001192092896,-0.30000001192092896,0.30000001192092896,-0.30000001192092896,-0.299895782525238
1.2999999523162842,0.6638269322170105,-0.30000001192092896,0.3103092908859253,0.3769230758976746,-0.30000001192092896,-0.30000001192092896,-0.30000001192092896,-0.30000001192092896,-0.30000001192092896,-0.30000001192092896,0.30000001192092896,-0.30000001192092896,0.30000001192092896,-0.30000001192092896,-0.29968999052523804
1.2999999523162842,0.3000269869170105,-0.30000001192092896,0.3103092908859253,0.2999999988976746,-0.30000001192092896,-0.09838710892092895,-0.28989900192092893,-0.30000001192092896,-0.30000001192092896,-0.30000001192092896,1.1021390489209288,-0.30000001192092896,0.30000001192092896,-0.30000001192092896,-0.29994922662523804
1.2999999523162842,0.3051616392170105,-0.30000001192092896,0.3103092908859253,0.3170940158976746,-0.30000001192092896,-0.18709678592092896,-0.15858587092092896,-0.30000001192092896,-0.30000001192092896,-0.30000001192092896,0.30000001192092896,-0.30000001192092896,0.30000001192092896,-0.30000001192092896,-0.29983901252523804
1.2999999523162842,0.45149498221701045,-0.30000001192092896,0.3103092908859253,0.5136752128976746,-0.30000001192092896,-0.30000001192092896,-0.30000001192092896,-0.30000001192092896,-0.30000001192092896,-0.30000001192092896,0.30000001192092896,-0.30000001192092896,0.30000001192092896,-0.30000001192092896,-0.299900661325238
1.2999999523162842,0.3012408252170105,-0.30000001192092896,0.3103092908859253,0.33418803289767457,-0.30000001192092896,-0.12258065692092895,-0.07777778992092896,-0.30000001192092896,-0.30000001192092896,-0.30000001192092896,0.30000001192092896,-0.30000001192092896,0.30000001192092896,-0.30000001192092896,-0.26124313852523806
1.2999999523162842,1.1179395012170104,-0.30000001192092896,0.3103092908859253,0.3769230758976746,-0.30000001192092896,-0.30000001192092896,-0.30000001192092896,-0.30000001192092896,-0.30000001192092896,-0.30000001192092896,0.30000001192092896,-0.30000001192092896,0.30000001192092896,-0.30000001192092896,-0.29990465302523805
1.2999999523162842,0.3309291102170105,-0.30000001192092896,0.3103092908859253,0.3256410248976746,-0.30000001192092896,-0.009677430920928931,-0.28989900192092893,-0.30000001192092896,-0.30000001192092896,-0.30000001192092896,1.142246000920929,-0.22531121492092895,0.860955634920929,-0.30000001192092896,-0.25592379852523806
1.2999999523162842,0.4833025622170105,-0.30000001192092896,0.3103092908859253,0.5222222208976746,-0.30000001192092896,-0.30000001192092896,-0.30000001192092896,-0.30000001192092896,-0.30000001192092896,-0.30000001192092896,0.30000001192092896,-0.30000001192092896,0.30000001192092896,-0.30000001192092896,-0.29913537052523803
1.2999999523162842,0.5129896362170105,-0.30000001192092896,0.3103092908859253,0.5222222208976746,-0.30000001192092896,-0.30000001192092896,-0.30000001192092896,-0.30000001192092896,-0.30000001192092896,-0.30000001192092896,0.30000001192092896,-0.30000001192092896,0.30000001192092896,-0.30000001192092896,-0.29979022552523804
1.2999999523162842,0.3054621452170105,-0.30000001192092896,0.3103092908859253,0.3683760668976746,-0.30000001192092896,-0.25967743092092893,-0.24949496092092896,-0.30000001192092896,-0.30000001192092896,-0.30000001192092896,0.30000001192092896,-0.30000001192092896,0.30000001192092896,-0.30000001192092896,-0.29983945552523805
1.2999999523162842,0.5435742892170106,-0.30000001192092896,0.3103092908859253,0.5222222208976746,-0.30000001192092896,-0.30000001192092896,-0.30000001192092896,-0.30000001192092896,-0.30000001192092896,-0.30000001192092896,0.30000001192092896,-0.295850633920929,1.0270663139209288,-0.30000001192092896,-0.299631667525238
1.2999999523162842,0.3309275962170105,-0.30000001192092896,0.4546391878859253,0.4111111098976746,-0.30000001192092896,-0.18709678592092896,-0.28989900192092893,-0.30000001192092896,-0.30000001192092896,-0.30000001192092896,0.30000001192092896,-0.30000001192092896,0.30000001192092896,-0.30000001192092896,-0.299331627525238
1.2999999523162842,0.4214819562170105,-0.30000001192092896,0.3103092908859253,0.3598290588976746,-0.30000001192092896,-0.30000001192092896,-0.30000001192092896,-0.30000001192092896,-0.30000001192092896,-0.30000001192092896,0.30000001192092896,-0.30000001192092896,0.30000001192092896,-0.30000001192092896,-0.299833246525238
1.2999999523162842,0.3015155812170105,-0.30000001192092896,0.3103092908859253,0.3256410248976746,-0.30000001192092896,-0.041935495920928934,0.023232311079071033,-0.30000001192092896,-0.30000001192092896,-0.30000001192092896,0.30000001192092896,-0.30000001192092896,0.30000001192092896,-0.30000001192092896,-0.29983923452523803
1.2999999523162842,0.39090790521701047,-0.30000001192092896,0.3103092908859253,0.3598290588976746,-0.30000001192092896,-0.29193549592092893,-0.28989900192092893,-0.30000001192092896,-0.30000001192092896,-0.30000001192092896,0.4610962689209289,-0.30000001192092896,0.30000001192092896,-0.30000001192092896,-0.29985187452523804
1.2999999523162842,0.5126579282170105,-0.30000001192092896,0.3103092908859253,0.5307692298976746,-0.30000001192092896,-0.30000001192092896,-0.30000001192092896,-0.30000001192092896,-0.30000001192092896,-0.30000001192092896,0.30000001192092896,-0.30000001192092896,0.30000001192092896,-0.30000001192092896,-0.299832137525238
1.2999999523162842,0.3054551772170105,-0.30000001192092896,0.3103092908859253,0.33418803289767457,-0.30000001192092896,-0.09032259292092895,-0.03737374892092893,-0.30000001192092896,-0.30000001192092896,-0.30000001192092896,0.30000001192092896,-0.30000001192092896,0.30000001192092896,-0.30000001192092896,-0.29983856852523805
1.2999999523162842,0.4820896322170105,-0.30000001192092896,0.48556702288592535,0.5393162378976746,-0.30000001192092896,-0.30000001192092896,-0.30000001192092896,-0.30000001192092896,-0.30000001192092896,-0.30000001192092896,0.30000001192092896,-0.24605810292092894,0.808402569920929,-0.30000001192092896,-0.295533999525238
1.2999999523162842,0.30031931421701047,-0.30000001192092896,0.3103092908859253,0.3598290588976746,-0.30000001192092896,-0.06612904392092894,-0.28989900192092893,-0.30000001192092896,-0.30000001192092896,-0.30000001192092896,1.114171134920929,-0.30000001192092896,0.30000001192092896,-0.30000001192092896,-0.29983945552523805
1.2999999523162842,0.3324380012170105,-0.30000001192092896,0.4030927968859253,0.5393162378976746,-0.30000001192092896,-0.30000001192092896,-0.30000001192092896,0.699999988079071,-0.30000001192092896,-0.30000001192092896,0.47245990492092893,-0.24605810292092894,1.0881057259209288,-0.30000001192092896,-0.25991258352523805
1.2999999523162842,0.3009112372170105,-0.30000001192092896,0.3103092908859253,0.34273504189767456,-0.30000001192092896,-0.21129033492092897,-0.28989900192092893,-0.30000001192092896,-0.30000001192092896,-0.30000001192092896,0.9610962689209289,-0.12987553092092896,0.897304123920929,-0.30000001192092896,-0.24920404852523803
1.2999999523162842,0.4527067002170105,-0.30000001192092896,0.3103092908859253,0.5136752128976746,-0.30000001192092896,-0.30000001192092896,-0.30000001192092896,-0.30000001192092896,-0.30000001192092896,-0.30000001192092896,0.30000001192092896,-0.295850633920929,0.918342235920929,-0.30000001192092896,-0.299038017525238
1.2999999523162842,0.3042683002170105,-0.30000001192092896,0.3103092908859253,0.34273504189767456,-0.30000001192092896,0.11935482707907102,-0.28989900192092893,-0.30000001192092896,-0.30000001192092896,-0.30000001192092896,1.168983968920929,-0.24605810292092894,1.0151738689209289,-0.30000001192092896,-0.251389486525238
1.2999999523162842,0.42391387321701046,-0.30000001192092896,0.3103092908859253,0.5222222208976746,-0.30000001192092896,-0.30000001192092896,-0.30000001192092896,-0.30000001192092896,-0.30000001192092896,-0.30000001192092896,0.30000001192092896,-0.30000001192092896,0.30000001192092896,-0.30000001192092896,-0.29903823952523806
1.2999999523162842,1.0879494972170105,-0.30000001192092896,0.3103092908859253,0.3598290588976746,-0.30000001192092896,-0.30000001192092896,-0.30000001192092896,-0.30000001192092896,-0.30000001192092896,-0.30000001192092896,0.30000001192092896,-0.30000001192092896,0.30000001192092896,-0.30000001192092896,-0.29973545052523803
1.2999999523162842,0.42180790821701053,-0.30000001192092896,0.3103092908859253,0.5222222208976746,-0.30000001192092896,-0.30000001192092896,-0.30000001192092896,-0.30000001192092896,-0.30000001192092896,-0.30000001192092896,0.30000001192092896,-0.295850633920929,1.1082968329209288,-0.30000001192092896,-0.299782463525238
1.2999999523162842,0.3915149762170105,-0.30000001192092896,0.3103092908859253,0.3940170928976746,-0.30000001192092896,-0.25161291492092897,-0.28989900192092893,-0.30000001192092896,-0.30000001192092896,-0.30000001192092896,0.825401081920929,-0.30000001192092896,0.30000001192092896,-0.30000001192092896,-0.27097194052523804
1.2999999523162842,0.3021374952170105,-0.30000001192092896,0.3103092908859253,0.3170940158976746,-0.30000001192092896,-0.041935495920928934,-0.28989900192092893,-0.30000001192092896,-0.30000001192092896,-0.30000001192092896,1.134224610920929,-0.30000001192092896,0.30000001192092896,-0.30000001192092896,-0.29983989952523804
1.2999999523162842,0.5726667132170105,-0.30000001192092896,0.3103092908859253,0.5222222208976746,-0.30000001192092896,-0.30000001192092896,-0.30000001192092896,-0.30000001192092896,-0.30000001192092896,-0.30000001192092896,0.30000001192092896,-0.295850633920929,1.046923599920929,-0.30000001192092896,-0.29966160452523805
1.2999999523162842,0.4527067002170105,-0.30000001192092896,0.3103092908859253,0.5307692298976746,-0.30000001192092896,-0.30000001192092896,-0.30000001192092896,-0.30000001192092896,-0.30000001192092896,-0.30000001192092896,0.30000001192092896,-0.30000001192092896,0.30000001192092896,-0.30000001192092896,-0.29918083052523803
1.2999999523162842,0.4236254842170105,-0.30000001192092896,0.3103092908859253,0.3512820498976746,-0.30000001192092896,-0.25161291492092897,-0.23939395092092897,-0.30000001192092896,-0.30000001192092896,-0.30000001192092896,0.30000001192092896,-0.30000001192092896,0.30000001192092896,-0.30000001192092896,-0.299855200525238
1.2999999523162842,0.4817879152170105,-0.30000001192092896,0.3103092908859253,0.5307692298976746,-0.30000001192092896,-0.30000001192092896,-0.30000001192092896,-0.30000001192092896,-0.30000001192092896,-0.30000001192092896,0.30000001192092896,-0.30000001192092896,0.30000001192092896,-0.30000001192092896,-0.299278626525238
1.2999999523162842,0.3927045792170105,-0.30000001192092896,0.3103092908859253,0.5136752128976746,-0.30000001192092896,-0.30000001192092896,-0.30000001192092896,-0.30000001192092896,-0.30000001192092896,-0.30000001192092896,0.30000001192092896,-0.29170125692092896,0.911283526920929,-0.30000001192092896,-0.29909123952523803
1.2999999523162842,0.4212020502170105,-0.30000001192092896,0.3103092908859253,0.3683760668976746,-0.30000001192092896,-0.30000001192092896,-0.30000001192092896,-0.30000001192092896,-0.30000001192092896,-0.30000001192092896,0.30000001192092896,-0.2875518789209289,1.104964719920929,-0.30000001192092896,-0.29975186052523806
1.2999999523162842,0.3003299162170105,-0.30000001192092896,0.3103092908859253,0.3512820498976746,-0.30000001192092896,-0.11451614092092896,-0.06767677992092896,-0.30000001192092896,-0.30000001192092896,-0.30000001192092896,0.30000001192092896,-0.30000001192092896,0.30000001192092896,-0.30000001192092896,-0.29984034252523806
1.2999999523162842,0.3915149762170105,-0.30000001192092896,0.3103092908859253,0.5051282038976745,-0.30000001192092896,-0.30000001192092896,-0.30000001192092896,-0.30000001192092896,-0.30000001192092896,-0.30000001192092896,0.30000001192092896,-0.30000001192092896,0.30000001192092896,-0.30000001192092896,-0.29868386852523804
1.2999999523162842,0.3606080052170105,-0.30000001192092896,0.4340206318859253,0.5393162378976746,-0.30000001192092896,-0.30000001192092896,-0.30000001192092896,-0.30000001192092896,-0.30000001192092896,-0.30000001192092896,0.30000001192092896,-0.24605810292092894,0.973676295920929,-0.30000001192092896,-0.295192933525238
1.2999999523162842,0.6638484402170105,-0.30000001192092896,0.3103092908859253,0.3769230758976746,-0.30000001192092896,-0.30000001192092896,-0.30000001192092896,-0.30000001192092896,-0.30000001192092896,-0.30000001192092896,0.30000001192092896,-0.30000001192092896,0.30000001192092896,-0.30000001192092896,-0.29968976852523804
1.2999999523162842,0.4536154882170105,-0.30000001192092896,0.3103092908859253,0.5393162378976746,-0.30000001192092896,-0.30000001192092896,-0.30000001192092896,-0.30000001192092896,-0.30000001192092896,-0.30000001192092896,0.30000001192092896,-0.30000001192092896,0.30000001192092896,-0.30000001192092896,-0.299288605525238
1.2999999523162842,0.3915149762170105,-0.30000001192092896,0.3103092908859253,0.34273504189767456,-0.30000001192092896,-0.25161291492092897,-0.23939395092092897,-0.30000001192092896,-0.30000001192092896,-0.30000001192092896,0.30000001192092896,-0.30000001192092896,0.30000001192092896,-0.30000001192092896,-0.29985298352523804
1.2999999523162842,0.33123204021701047,-0.30000001192092896,0.3103092908859253,0.3512820498976746,-0.30000001192092896,-0.25161291492092897,-0.28989900192092893,-0.30000001192092896,-0.30000001192092896,-0.30000001192092896,0.825401081920929,-0.03443984592092897,0.9747591699209289,-0.30000001192092896,-0.25348178552523803
1.2999999523162842,0.3921208342170105,-0.30000001192092896,0.3103092908859253,0.4025641018976746,-0.30000001192092896,-0.29193549592092893,-0.28989900192092893,-0.30000001192092896,-0.30000001192092896,-0.30000001192092896,0.457085572920929,0.6751037220790711,1.112000005920929,-0.30000001192092896,-0.23583839452523803
1.2999999523162842,0.3303220402170105,-0.30000001192092896,0.3103092908859253,0.33418803289767457,-0.30000001192092896,-0.30000001192092896,-0.30000001192092896,-0.30000001192092896,-0.30000001192092896,-0.30000001192092896,0.30000001192092896,-0.30000001192092896,0.30000001192092896,-0.30000001192092896,-0.299870723525238
1.2999999523162842,0.3000272898170105,-0.30000001192092896,0.3103092908859253,0.2999999988976746,-0.30000001192092896,-0.17903226992092897,-0.14848485992092897,-0.30000001192092896,-0.30000001192092896,-0.30000001192092896,0.30000001192092896,-0.30000001192092896,0.30000001192092896,-0.30000001192092896,-0.299949448425238
1.2999999523162842,0.3306240602170105,-0.30000001192092896,0.3103092908859253,0.33418803289767457,-0.30000001192092896,-0.14677420592092896,-0.10808081992092897,-0.30000001192092896,-0.30000001192092896,-0.30000001192092896,1.062032097920929,-0.05103735592092895,1.077346022920929,-0.30000001192092896,-0.24499017852523802
1.2999999523162842,0.5135954942170105,-0.30000001192092896,0.3103092908859253,0.5222222208976746,-0.30000001192092896,-0.30000001192092896,-0.30000001192092896,-0.30000001192092896,-0.30000001192092896,-0.30000001192092896,0.30000001192092896,-0.30000001192092896,0.30000001192092896,-0.30000001192092896,-0.299901104925238
1.2999999523162842,0.3315349692170105,-0.30000001192092896,0.3103092908859253,0.3170940158976746,-0.30000001192092896,-0.30000001192092896,-0.30000001192092896,-0.30000001192092896,-0.30000001192092896,-0.30000001192092896,0.30000001192092896,-0.30000001192092896,0.30000001192092896,-0.30000001192092896,-0.299870723525238
1.2999999523162842,0.4236254842170105,-0.30000001192092896,0.3103092908859253,0.5307692298976746,-0.30000001192092896,-0.30000001192092896,-0.30000001192092896,-0.30000001192092896,-0.30000001192092896,-0.30000001192092896,0.30000001192092896,-0.2875518789209289,1.131897453920929,-0.30000001192092896,-0.29917218252523803
1.2999999523162842,0.3621308312170105,-0.30000001192092896,0.3103092908859253,0.5222222208976746,-0.30000001192092896,-0.30000001192092896,-0.30000001192092896,-0.30000001192092896,-0.30000001192092896,-0.30000001192092896,0.30000001192092896,-0.29170125692092896,0.748362389920929,-0.30000001192092896,-0.286318126525238
1.2999999523162842,0.3018478952170105,-0.30000001192092896,0.3103092908859253,0.34273504189767456,-0.30000001192092896,-0.24354839892092894,-0.28989900192092893,-0.30000001192092896,-0.30000001192092896,-0.30000001192092896,0.861497337920929,-0.02199171292092894,1.020383467920929,-0.30000001192092896,-0.24598698652523804
1.2999999523162842,0.5129896362170105,-0.30000001192092896,0.3103092908859253,0.5222222208976746,-0.30000001192092896,-0.30000001192092896,-0.30000001192092896,-0.30000001192092896,-0.30000001192092896,-0.30000001192092896,0.30000001192092896,-0.30000001192092896,0.30000001192092896,-0.30000001192092896,-0.29990088312523805
1.2999999523162842,0.3908973032170105,-0.30000001192092896,0.4030927968859253,0.5393162378976746,-0.30000001192092896,-0.30000001192092896,-0.30000001192092896,-0.30000001192092896,-0.30000001192092896,-0.30000001192092896,0.30000001192092896,-0.24605810292092894,0.965039404920929,-0.30000001192092896,-0.286304599525238
1.2999999523162842,0.3915149762170105,-0.30000001192092896,0.3103092908859253,0.5222222208976746,-0.30000001192092896,-0.30000001192092896,-0.30000001192092896,-0.30000001192092896,-0.30000001192092896,-0.30000001192092896,0.30000001192092896,-0.27925312392092894,1.054287704920929,-0.30000001192092896,-0.29775802352523806
1.2999999523162842,0.3000197166170105,-0.30000001192092896,0.3103092908859253,0.2999999988976746,-0.30000001192092896,-0.17903226992092897,-0.14848485992092897,-0.30000001192092896,-0.30000001192092896,-0.30000001192092896,0.30000001192092896,-0.30000001192092896,0.30000001192092896,-0.30000001192092896,-0.299950778925238
1.2999999523162842,0.3024386072170105,-0.30000001192092896,0.3103092908859253,0.34273504189767456,-0.30000001192092896,-0.15483872192092896,-0.11818182992092896,-0.30000001192092896,-0.30000001192092896,-0.30000001192092896,0.30000001192092896,-0.30000001192092896,0.30000001192092896,-0.30000001192092896,-0.29983989952523804
1.2999999523162842,0.3024286102170105,-0.30000001192092896,0.3103092908859253,0.3512820498976746,-0.30000001192092896,-0.21129033492092897,-0.18888890092092897,-0.30000001192092896,-0.30000001192092896,-0.30000001192092896,0.30000001192092896,-0.30000001192092896,0.30000001192092896,-0.30000001192092896,-0.29983901252523804
1.2999999523162842,0.4514662042170105,-0.30000001192092896,0.3103092908859253,0.5222222208976746,-0.30000001192092896,-0.30000001192092896,-0.30000001192092896,-0.30000001192092896,-0.30000001192092896,-0.30000001192092896,0.30000001192092896,-0.295850633920929,0.9682757449209289,-0.30000001192092896,-0.29958132752523803
1.2999999523162842,0.4829996322170105,-0.30000001192092896,0.3103092908859253,0.5222222208976746,-0.30000001192092896,-0.30000001192092896,-0.30000001192092896,-0.30000001192092896,-0.30000001192092896,-0.30000001192092896,0.30000001192092896,-0.30000001192092896,0.30000001192092896,-0.30000001192092896,-0.298970381525238
1.2999999523162842,0.3618279022170105,-0.30000001192092896,0.3103092908859253,0.3512820498976746,-0.30000001192092896,-0.25967743092092893,-0.28989900192092893,-0.30000001192092896,-0.30000001192092896,-0.30000001192092896,0.7812834339209289,-0.30000001192092896,0.30000001192092896,-0.30000001192092896,-0.29986185352523803
1.2999999523162842,0.4214880152170105,-0.30000001192092896,0.3103092908859253,0.3512820498976746,-0.30000001192092896,-0.27580646392092895,-0.28989900192092893,-0.30000001192092896,-0.30000001192092896,-0.30000001192092896,0.6629679259209289,-0.30000001192092896,0.30000001192092896,-0.30000001192092896,-0.29985564452523805
1.2999999523162842,0.3336472952170105,-0.30000001192092896,0.3103092908859253,0.3598290588976746,-0.30000001192092896,-0.24354839892092894,-0.28989900192092893,-0.30000001192092896,-0.30000001192092896,-0.30000001192092896,0.861497337920929,-0.30000001192092896,0.30000001192092896,-0.30000001192092896,-0.299842116525238
1.2999999523162842,0.3021214402170105,-0.30000001192092896,0.3103092908859253,0.3512820498976746,-0.30000001192092896,-0.26774194692092895,-0.259595971920929,-0.30000001192092896,-0.30000001192092896,-0.30000001192092896,0.30000001192092896,-0.30000001192092896,0.30000001192092896,-0.30000001192092896,-0.299831915525238
1.2999999523162842,0.3309121462170105,-0.30000001192092896,0.4237113528859253,0.5307692298976746,-0.30000001192092896,-0.30000001192092896,-0.30000001192092896,0.699999988079071,-0.30000001192092896,-0.30000001192092896,0.42032086792092893,-0.24605810292092894,0.920659170920929,-0.30000001192092896,-0.23462648052523805
1.2999999523162842,0.5426603512170105,-0.30000001192092896,0.3103092908859253,0.5222222208976746,-0.30000001192092896,-0.30000001192092896,-0.30000001192092896,-0.30000001192092896,-0.30000001192092896,-0.30000001192092896,0.30000001192092896,-0.30000001192092896,0.30000001192092896,-0.30000001192092896,-0.299507260525238
1.2999999523162842,0.42180790821701053,-0.30000001192092896,0.3103092908859253,0.5222222208976746,-0.30000001192092896,-0.30000001192092896,-0.30000001192092896,-0.30000001192092896,-0.30000001192092896,-0.30000001192092896,0.30000001192092896,-0.30000001192092896,0.30000001192092896,-0.30000001192092896,-0.29914557052523805
1.2999999523162842,0.5126867062170105,-0.30000001192092896,0.3103092908859253,0.5222222208976746,-0.30000001192092896,-0.30000001192092896,-0.30000001192092896,-0.30000001192092896,-0.30000001192092896,-0.30000001192092896,0.30000001192092896,-0.30000001192092896,0.30000001192092896,-0.30000001192092896,-0.299149340525238
1.2999999523162842,0.3033416392170105,-0.30000001192092896,0.3103092908859253,0.3512820498976746,-0.30000001192092896,-0.25967743092092893,-0.24949496092092896,-0.30000001192092896,-0.30000001192092896,-0.30000001192092896,0.30000001192092896,-0.30000001192092896,0.30000001192092896,-0.30000001192092896,-0.299822602525238
1.2999999523162842,0.4236254842170105,-0.30000001192092896,0.3103092908859253,0.5051282038976745,-0.30000001192092896,-0.30000001192092896,-0.30000001192092896,-0.30000001192092896,-0.30000001192092896,-0.30000001192092896,0.30000001192092896,-0.30000001192092896,0.30000001192092896,-0.30000001192092896,-0.299897113525238
1.2999999523162842,0.4517979122170105,-0.30000001192092896,0.3103092908859253,0.5222222208976746,-0.30000001192092896,-0.30000001192092896,-0.30000001192092896,-0.30000001192092896,-0.30000001192092896,-0.30000001192092896,0.30000001192092896,-0.2875518789209289,1.054287704920929,-0.30000001192092896,-0.298437715525238
1.2999999523162842,0.3618279022170105,-0.30000001192092896,0.3103092908859253,0.3256410248976746,-0.30000001192092896,-0.19516130192092895,-0.28989900192092893,-0.30000001192092896,-0.30000001192092896,-0.30000001192092896,0.943048139920929,-0.30000001192092896,0.30000001192092896,-0.30000001192092896,-0.280337944525238
1.2999999523162842,0.3357459892170105,-0.30000001192092896,0.3103092908859253,0.3512820498976746,-0.30000001192092896,-0.19516130192092895,-0.16868688092092896,-0.30000001192092896,-0.30000001192092896,-0.30000001192092896,0.30000001192092896,-0.30000001192092896,0.30000001192092896,-0.30000001192092896,-0.289023368525238
1.2999999523162842,0.7241313762170105,-0.30000001192092896,0.3103092908859253,0.3769230758976746,-0.30000001192092896,-0.30000001192092896,-0.30000001192092896,-0.30000001192092896,-0.30000001192092896,-0.30000001192092896,0.30000001192092896,-0.30000001192092896,0.30000001192092896,-0.30000001192092896,-0.29972569352523803
1.2999999523162842,0.3321241662170105,-0.30000001192092896,0.3103092908859253,0.33418803289767457,-0.30000001192092896,-0.25161291492092897,-0.23939395092092897,-0.30000001192092896,-0.30000001192092896,-0.30000001192092896,0.30000001192092896,-0.30000001192092896,0.30000001192092896,-0.30000001192092896,-0.290669709525238
1.2999999523162842,0.3924225522170105,-0.30000001192092896,0.3103092908859253,0.3769230758976746,-0.30000001192092896,-0.22741936692092896,-0.28989900192092893,-0.30000001192092896,-0.30000001192092896,-0.30000001192092896,0.896925145920929,-0.30000001192092896,0.30000001192092896,-0.30000001192092896,-0.29985675352523805
1.2999999523162842,0.3327321462170105,-0.30000001192092896,0.4030927968859253,0.5393162378976746,-0.30000001192092896,-0.30000001192092896,-0.30000001192092896,-0.30000001192092896,-0.30000001192092896,-0.30000001192092896,0.30000001192092896,-0.24605810292092894,1.019762921920929,-0.30000001192092896,-0.26187160452523806
1.2999999523162842,0.3908979092170105,-0.30000001192092896,0.49587630188592535,0.5393162378976746,-0.30000001192092896,-0.30000001192092896,-0.30000001192092896,-0.30000001192092896,-0.30000001192092896,-0.30000001192092896,0.30000001192092896,-0.24605810292092894,0.913875549920929,-0.30000001192092896,-0.294819047525238
1.2999999523162842,0.3921120492170105,-0.30000001192092896,0.3103092908859253,0.3512820498976746,-0.30000001192092896,-0.24354839892092894,-0.28989900192092893,-0.30000001192092896,-0.30000001192092896,-0.30000001192092896,0.861497337920929,-0.30000001192092896,0.30000001192092896,-0.30000001192092896,-0.250629074525238
1.2999999523162842,0.3003314312170105,-0.30000001192092896,0.3103092908859253,0.33418803289767457,-0.30000001192092896,-0.13064517292092895,-0.28989900192092893,-0.30000001192092896,-0.30000001192092896,-0.30000001192092896,1.072058835920929,-0.30000001192092896,0.30000001192092896,-0.30000001192092896,-0.299835464525238
1.2999999523162842,0.3327466862170105,-0.30000001192092896,0.3103092908859253,0.3512820498976746,-0.30000001192092896,-0.25161291492092897,-0.28989900192092893,-0.30000001192092896,-0.30000001192092896,-0.30000001192092896,0.825401081920929,0.02365144007907105,1.124763670920929,-0.30000001192092896,-0.24682989352523804
1.2999999523162842,0.3009185082170105,-0.30000001192092896,0.3103092908859253,0.3512820498976746,-0.30000001192092896,-0.15483872192092896,-0.28989900192092893,-0.30000001192092896,-0.30000001192092896,-0.30000001192092896,1.0459893169209291,-0.30000001192092896,0.30000001192092896,-0.30000001192092896,-0.29983923452523803
1.2999999523162842,0.3918179052170105,-0.30000001192092896,0.3103092908859253,0.3256410248976746,-0.30000001192092896,-0.24354839892092894,-0.28989900192092893,-0.30000001192092896,-0.30000001192092896,-0.30000001192092896,0.861497337920929,-0.08838175492092895,0.798222310920929,-0.30000001192092896,-0.263874312525238
1.2999999523162842,0.4817879152170105,-0.30000001192092896,0.3103092908859253,0.4367521358976746,-0.30000001192092896,-0.29193549592092893,-0.28989900192092893,-0.30000001192092896,-0.30000001192092896,-0.30000001192092896,0.45307487792092893,0.650207457079071,0.944194374920929,-0.30000001192092896,-0.25358202052523804
1.2999999523162842,0.4236254842170105,-0.30000001192092896,0.3103092908859253,0.5136752128976746,-0.30000001192092896,-0.30000001192092896,-0.30000001192092896,-0.30000001192092896,-0.30000001192092896,-0.30000001192092896,0.30000001192092896,-0.30000001192092896,0.30000001192092896,-0.30000001192092896,-0.291266019525238
1.2999999523162842,0.3318378982170105,-0.30000001192092896,0.3103092908859253,0.33418803289767457,-0.30000001192092896,-0.25161291492092897,-0.28989900192092893,-0.30000001192092896,-0.30000001192092896,-0.30000001192092896,0.825401081920929,-0.30000001192092896,0.30000001192092896,-0.30000001192092896,-0.29986163152523804
1.2999999523162842,0.4817803422170105,-0.30000001192092896,0.3103092908859253,0.5222222208976746,-0.30000001192092896,-0.30000001192092896,-0.30000001192092896,-0.30000001192092896,-0.30000001192092896,-0.30000001192092896,0.30000001192092896,-0.30000001192092896,0.30000001192092896,-0.30000001192092896,-0.29990088312523805
1.2999999523162842,0.48239377421701046,-0.30000001192092896,0.3103092908859253,0.5136752128976746,-0.30000001192092896,-0.30000001192092896,-0.30000001192092896,-0.30000001192092896,-0.30000001192092896,-0.30000001192092896,0.30000001192092896,-0.30000001192092896,0.30000001192092896,-0.30000001192092896,-0.29990043962523805
1.2999999523162842,1.0273636322170105,-0.30000001192092896,0.3103092908859253,0.3769230758976746,-0.30000001192092896,-0.30000001192092896,-0.30000001192092896,-0.30000001192092896,-0.30000001192092896,-0.30000001192092896,0.30000001192092896,-0.30000001192092896,0.30000001192092896,-0.30000001192092896,-0.29990487482523803
1.2999999523162842,0.3339493162170105,-0.30000001192092896,0.3103092908859253,0.34273504189767456,-0.30000001192092896,-0.09032259292092895,-0.03737374892092893,-0.30000001192092896,-0.30000001192092896,-0.30000001192092896,0.30000001192092896,-0.30000001192092896,0.30000001192092896,-0.30000001192092896,-0.29984078652523805
1.2999999523162842,0.3006328452170105,-0.30000001192092896,0.3103092908859253,0.34273504189767456,-0.30000001192092896,-0.21129033492092897,-0.28989900192092893,-0.30000001192092896,-0.30000001192092896,-0.30000001192092896,0.961764717920929,-0.11327801992092895,1.0424097209209289,-0.30000001192092896,-0.24816155852523802
1.2999999523162842,0.4233225552170105,-0.30000001192092896,0.3103092908859253,0.3940170928976746,-0.30000001192092896,-0.27580646392092895,-0.26969698192092895,-0.30000001192092896,-0.30000001192092896,-0.30000001192092896,0.30000001192092896,-0.30000001192092896,0.30000001192092896,-0.30000001192092896,-0.299856309525238
1.2999999523162842,0.3000297133170105,-0.30000001192092896,0.3103092908859253,0.2999999988976746,-0.30000001192092896,-0.20322581792092898,-0.28989900192092893,-0.30000001192092896,-0.30000001192092896,-0.30000001192092896,0.981818193920929,-0.30000001192092896,0.30000001192092896,-0.30000001192092896,-0.29994967012523804
1.2999999523162842,0.4521008412170105,-0.30000001192092896,0.3103092908859253,0.5051282038976745,-0.30000001192092896,-0.30000001192092896,-0.30000001192092896,-0.30000001192092896,-0.30000001192092896,-0.30000001192092896,0.30000001192092896,-0.295850633920929,1.124763670920929,-0.30000001192092896,-0.298715801525238
1.2999999523162842,0.4527067002170105,-0.30000001192092896,0.3103092908859253,0.5222222208976746,-0.30000001192092896,-0.30000001192092896,-0.30000001192092896,-0.30000001192092896,-0.30000001192092896,-0.30000001192092896,0.30000001192092896,-0.30000001192092896,0.30000001192092896,-0.30000001192092896,-0.299900661325238
1.2999999523162842,0.4224137672170105,-0.30000001192092896,0.3103092908859253,0.4880341868976746,-0.30000001192092896,-0.30000001192092896,-0.30000001192092896,-0.30000001192092896,-0.30000001192092896,-0.30000001192092896,0.30000001192092896,-0.30000001192092896,0.30000001192092896,-0.30000001192092896,-0.279212293525238
1.2999999523162842,0.3306058852170105,-0.30000001192092896,0.3103092908859253,0.3598290588976746,-0.30000001192092896,-0.23548388292092895,-0.28989900192092893,-0.30000001192092896,-0.30000001192092896,-0.30000001192092896,0.893582899920929,-0.30000001192092896,0.30000001192092896,-0.30000001192092896,-0.299856974525238
1.2999999523162842,0.5435648982170105,-0.30000001192092896,0.3103092908859253,0.5222222208976746,-0.30000001192092896,-0.30000001192092896,-0.30000001192092896,-0.30000001192092896,-0.30000001192092896,-0.30000001192092896,0.30000001192092896,-0.30000001192092896,0.30000001192092896,-0.30000001192092896,-0.299113415525238
1.2999999523162842,0.5426767102170105,-0.30000001192092896,0.3103092908859253,0.5222222208976746,-0.30000001192092896,-0.30000001192092896,-0.30000001192092896,-0.30000001192092896,-0.30000001192092896,-0.30000001192092896,0.30000001192092896,-0.30000001192092896,0.30000001192092896,-0.30000001192092896,-0.29990088312523805
1.2999999523162842,0.45298842421701047,-0.30000001192092896,0.3103092908859253,0.5051282038976745,-0.30000001192092896,-0.30000001192092896,-0.30000001192092896,-0.30000001192092896,-0.30000001192092896,-0.30000001192092896,0.30000001192092896,-0.27925312392092894,0.726050401920929,-0.30000001192092896,-0.29909434452523803
1.2999999523162842,0.3006286042170105,-0.30000001192092896,0.3103092908859253,0.3598290588976746,-0.30000001192092896,-0.19516130192092895,-0.28989900192092893,-0.30000001192092896,-0.30000001192092896,-0.30000001192092896,0.9951871779209289,-0.30000001192092896,0.30000001192092896,-0.30000001192092896,-0.24879556852523804
1.2999999523162842,0.4833025622170105,-0.30000001192092896,0.3103092908859253,0.5222222208976746,-0.30000001192092896,-0.30000001192092896,-0.30000001192092896,-0.30000001192092896,-0.30000001192092896,-0.30000001192092896,0.30000001192092896,-0.29170125692092896,1.131897453920929,-0.30000001192092896,-0.29854216352523805
1.2999999523162842,0.4230196262170105,-0.30000001192092896,0.3103092908859253,0.4965811958976746,-0.30000001192092896,-0.30000001192092896,-0.30000001192092896,-0.30000001192092896,-0.30000001192092896,-0.30000001192092896,0.30000001192092896,-0.295850633920929,0.856131456920929,-0.30000001192092896,-0.29938706652523805
1.2999999523162842,0.3054703242170105,-0.30000001192092896,0.3103092908859253,0.3683760668976746,-0.30000001192092896,-0.22741936692092896,-0.28989900192092893,-0.30000001192092896,-0.30000001192092896,-0.30000001192092896,0.9189839689209289,-0.30000001192092896,0.30000001192092896,-0.30000001192092896,-0.29984145152523806
1.2999999523162842,0.3045594152170105,-0.30000001192092896,0.3103092908859253,0.3512820498976746,-0.30000001192092896,-0.08225807692092896,-0.027272738920928963,-0.30000001192092896,-0.30000001192092896,-0.30000001192092896,0.30000001192092896,-0.30000001192092896,0.30000001192092896,-0.30000001192092896,-0.29983967752523805
1.2999999523162842,0.4536154882170105,-0.30000001192092896,0.3103092908859253,0.38547008389767456,-0.30000001192092896,-0.26774194692092895,-0.259595971920929,-0.30000001192092896,-0.30000001192092896,-0.30000001192092896,0.30000001192092896,-0.30000001192092896,0.30000001192092896,-0.30000001192092896,-0.29985564452523805
1.2999999523162842,0.3606131552170105,-0.30000001192092896,0.3515464048859253,0.5393162378976746,-0.30000001192092896,-0.30000001192092896,-0.30000001192092896,-0.30000001192092896,-0.30000001192092896,-0.30000001192092896,0.30000001192092896,-0.24605810292092894,0.746756823920929,-0.30000001192092896,-0.276498847525238
1.2999999523162842,0.3918073022170105,-0.30000001192092896,0.3103092908859253,0.33418803289767457,-0.30000001192092896,-0.24354839892092894,-0.22929294092092894,-0.30000001192092896,-0.30000001192092896,-0.30000001192092896,0.30000001192092896,-0.30000001192092896,0.30000001192092896,-0.30000001192092896,-0.299855200525238
1.2999999523162842,0.5126867062170105,-0.30000001192092896,0.3103092908859253,0.5222222208976746,-0.30000001192092896,-0.30000001192092896,-0.30000001192092896,-0.30000001192092896,-0.30000001192092896,-0.30000001192092896,0.30000001192092896,-0.30000001192092896,0.30000001192092896,-0.30000001192092896,-0.299901104925238
1.2999999523162842,0.3303084082170105,-0.30000001192092896,0.3103092908859253,0.34273504189767456,-0.30000001192092896,-0.20322581792092898,-0.17878789092092895,-0.30000001192092896,-0.30000001192092896,-0.30000001192092896,0.30000001192092896,-0.30000001192092896,0.30000001192092896,-0.30000001192092896,-0.29983879052523804
1.2999999523162842,0.3321408282170105,-0.30000001192092896,0.3103092908859253,0.3598290588976746,-0.30000001192092896,-0.27580646392092895,-0.26969698192092895,-0.30000001192092896,-0.30000001192092896,-0.30000001192092896,0.34812835392092895,-0.30000001192092896,0.30000001192092896,-0.30000001192092896,-0.295381650525238
1.2999999523162842,0.4820678222170105,-0.30000001192092896,0.3103092908859253,0.3769230758976746,-0.30000001192092896,-0.30000001192092896,-0.30000001192092896,-0.30000001192092896,-0.30000001192092896,-0.30000001192092896,0.30000001192092896,-0.295850633920929,0.860955634920929,-0.30000001192092896,-0.299708396525238
1.2999999523162842,0.4236254842170105,-0.30000001192092896,0.3103092908859253,0.5222222208976746,-0.30000001192092896,-0.30000001192092896,-0.30000001192092896,-0.30000001192092896,-0.30000001192092896,-0.30000001192092896,0.30000001192092896,-0.29170125692092896,0.7382474989209289,-0.30000001192092896,-0.29834102852523803
1.2999999523162842,0.3909009382170105,-0.30000001192092896,0.3103092908859253,0.3769230758976746,-0.30000001192092896,-0.30000001192092896,-0.30000001192092896,-0.30000001192092896,-0.30000001192092896,-0.30000001192092896,0.30000001192092896,-0.30000001192092896,0.30000001192092896,-0.30000001192092896,-0.29127622052523805
1.2999999523162842,0.3012214372170105,-0.30000001192092896,0.3103092908859253,0.33418803289767457,-0.30000001192092896,-0.07419355992092896,-0.01717172892092894,-0.30000001192092896,-0.30000001192092896,-0.30000001192092896,0.30000001192092896,-0.30000001192092896,0.30000001192092896,-0.30000001192092896,-0.29352951752523804
1.2999999523162842,0.4823916532170105,-0.30000001192092896,0.3103092908859253,0.5136752128976746,-0.30000001192092896,-0.30000001192092896,-0.30000001192092896,-0.30000001192092896,-0.30000001192092896,-0.30000001192092896,0.30000001192092896,-0.295850633920929,1.077346022920929,-0.30000001192092896,-0.29961525752523804
1.2999999523162842,0.4514810472170105,-0.30000001192092896,0.4134020748859253,0.5393162378976746,-0.30000001192092896,-0.30000001192092896,-0.30000001192092896,-0.30000001192092896,-0.30000001192092896,-0.30000001192092896,0.30000001192092896,-0.24605810292092894,1.300000011920929,-0.30000001192092896,-0.29361400752523803
1.2999999523162842,0.3918179052170105,-0.30000001192092896,0.3103092908859253,0.5222222208976746,-0.30000001192092896,-0.30000001192092896,-0.30000001192092896,-0.30000001192092896,-0.30000001192092896,-0.30000001192092896,0.30000001192092896,-0.30000001192092896,0.30000001192092896,-0.30000001192092896,-0.299201897525238
1.2999999523162842,0.3009369862170105,-0.30000001192092896,0.3103092908859253,0.3598290588976746,-0.30000001192092896,-0.27580646392092895,-0.26969698192092895,-0.30000001192092896,-0.30000001192092896,-0.30000001192092896,0.30000001192092896,-0.30000001192092896,0.30000001192092896,-0.30000001192092896,-0.299837238525238
1.2999999523162842,0.4211929622170105,-0.30000001192092896,0.3103092908859253,0.5136752128976746,-0.30000001192092896,-0.30000001192092896,-0.30000001192092896,-0.30000001192092896,-0.30000001192092896,-0.30000001192092896,0.30000001192092896,-0.295850633920929,0.9734403289209289,-0.30000001192092896,-0.29935845952523804
1.2999999523162842,0.3612199222170105,-0.30000001192092896,0.3103092908859253,0.33418803289767457,-0.30000001192092896,-0.16290323792092895,-0.12828283992092895,-0.30000001192092896,-0.30000001192092896,-0.30000001192092896,0.30000001192092896,-0.30000001192092896,0.30000001192092896,-0.30000001192092896,-0.29984100852523804
1.2999999523162842,0.3312284042170105,-0.30000001192092896,0.48556702288592535,0.4880341868976746,-0.30000001192092896,-0.29193549592092893,-0.28989900192092893,-0.30000001192092896,-0.30000001192092896,-0.30000001192092896,0.4610962689209289,0.699999988079071,0.7381502899209289,-0.30000001192092896,-0.23708312952523802
1.2999999523162842,0.5135954942170105,-0.30000001192092896,0.3103092908859253,0.5222222208976746,-0.30000001192092896,-0.30000001192092896,-0.30000001192092896,-0.30000001192092896,-0.30000001192092896,-0.30000001192092896,0.30000001192092896,-0.283402501920929,0.9188818659209289,-0.30000001192092896,-0.29894731852523804
1.2999999523162842,0.3351434632170105,-0.30000001192092896,0.3103092908859253,0.3769230758976746,-0.30000001192092896,-0.27580646392092895,-0.28989900192092893,-0.30000001192092896,-0.30000001192092896,-0.30000001192092896,0.6622994769209289,-0.30000001192092896,0.30000001192092896,-0.30000001192092896,-0.299844334525238
1.2999999523162842,0.45149498221701045,-0.30000001192092896,0.3103092908859253,0.3769230758976746,-0.30000001192092896,-0.30000001192092896,-0.30000001192092896,-0.30000001192092896,-0.30000001192092896,-0.30000001192092896,0.30000001192092896,-0.30000001192092896,0.30000001192092896,-0.30000001192092896,-0.299795547525238
1.2999999523162842,0.3033392162170105,-0.30000001192092896,0.3103092908859253,0.34273504189767456,-0.30000001192092896,-0.13870968892092894,-0.09797980992092895,-0.30000001192092896,-0.30000001192092896,-0.30000001192092896,0.30000001192092896,-0.30000001192092896,0.30000001192092896,-0.30000001192092896,-0.29983923452523803
1.2999999523162842,0.9664748372170104,-0.30000001192092896,0.3103092908859253,0.3769230758976746,-0.30000001192092896,-0.30000001192092896,-0.30000001192092896,-0.30000001192092896,-0.30000001192092896,-0.30000001192092896,0.30000001192092896,-0.30000001192092896,0.30000001192092896,-0.30000001192092896,-0.29965406552523804
1.2999999523162842,0.3615249722170105,-0.30000001192092896,0.3103092908859253,0.34273504189767456,-0.30000001192092896,-0.30000001192092896,-0.30000001192092896,-0.30000001192092896,-0.30000001192092896,-0.30000001192092896,0.30000001192092896,-0.30000001192092896,0.30000001192092896,-0.30000001192092896,-0.297847392525238
1.2999999523162842,0.4527067002170105,-0.30000001192092896,0.3103092908859253,0.5393162378976746,-0.30000001192092896,-0.30000001192092896,-0.30000001192092896,-0.30000001192092896,-0.30000001192092896,-0.30000001192092896,0.30000001192092896,-0.30000001192092896,0.30000001192092896,-0.30000001192092896,-0.299037795525238
1.2999999523162842,0.3612220432170105,-0.30000001192092896,0.3103092908859253,0.38547008389767456,-0.30000001192092896,-0.26774194692092895,-0.28989900192092893,-0.30000001192092896,-0.30000001192092896,-0.30000001192092896,0.7278074989209289,-0.30000001192092896,0.30000001192092896,-0.30000001192092896,-0.29986274052523804
1.2999999523162842,0.48239377421701046,-0.30000001192092896,0.3103092908859253,0.5222222208976746,-0.30000001192092896,-0.30000001192092896,-0.30000001192092896,-0.30000001192092896,-0.30000001192092896,-0.30000001192092896,0.30000001192092896,-0.30000001192092896,0.30000001192092896,-0.30000001192092896,-0.298608469525238
1.2999999523162842,0.4221002352170105,-0.30000001192092896,0.3103092908859253,0.5222222208976746,-0.30000001192092896,-0.30000001192092896,-0.30000001192092896,-0.30000001192092896,-0.30000001192092896,-0.30000001192092896,0.30000001192092896,-0.30000001192092896,0.30000001192092896,-0.30000001192092896,-0.299900217825238
1.2999999523162842,0.3918179052170105,-0.30000001192092896,0.3103092908859253,0.4367521358976746,-0.30000001192092896,-0.28387097992092897,-0.28989900192092893,-0.30000001192092896,-0.30000001192092896,-0.30000001192092896,0.5747326319209289,0.11493774707907106,0.721884852920929,-0.30000001192092896,-0.264756027525238
1.2999999523162842,0.4239284142170105,-0.30000001192092896,0.3103092908859253,0.5222222208976746,-0.30000001192092896,-0.30000001192092896,-0.30000001192092896,0.699999988079071,-0.30000001192092896,-0.30000001192092896,0.30000001192092896,-0.30000001192092896,0.30000001192092896,-0.30000001192092896,-0.299870945525238
1.2999999523162842,0.3033461832170105,-0.30000001192092896,0.3103092908859253,0.34273504189767456,-0.30000001192092896,-0.27580646392092895,-0.26969698192092895,-0.30000001192092896,-0.30000001192092896,-0.30000001192092896,0.42098931692092895,0.45103733207907104,0.798222310920929,-0.30000001192092896,-0.254051706525238
1.2999999523162842,0.33150740221701047,-0.30000001192092896,0.3103092908859253,0.3512820498976746,-0.30000001192092896,-0.25967743092092893,-0.28989900192092893,-0.30000001192092896,-0.30000001192092896,-0.30000001192092896,0.7812834339209289,-0.009543579920928968,1.088932179920929,-0.30000001192092896,-0.24862525752523804
1.2999999523162842,0.4527067002170105,-0.30000001192092896,0.3103092908859253,0.4965811958976746,-0.30000001192092896,-0.30000001192092896,-0.30000001192092896,-0.30000001192092896,-0.30000001192092896,-0.30000001192092896,0.30000001192092896,-0.30000001192092896,0.30000001192092896,-0.30000001192092896,-0.299901104925238
1.2999999523162842,0.5135885272170104,-0.30000001192092896,0.3103092908859253,0.5222222208976746,-0.30000001192092896,-0.30000001192092896,-0.30000001192092896,-0.30000001192092896,-0.30000001192092896,-0.30000001192092896,0.30000001192092896,-0.27925312392092894,0.7509791739209289,-0.30000001192092896,-0.29888234252523804
1.2999999523162842,0.42180790821701053,-0.30000001192092896,0.3103092908859253,0.5051282038976745,-0.30000001192092896,-0.30000001192092896,-0.30000001192092896,-0.30000001192092896,-0.30000001192092896,-0.30000001192092896,0.30000001192092896,-0.295850633920929,0.828261539920929,-0.30000001192092896,-0.29943008852523806
1.2999999523162842,1.0576565652170105,-0.30000001192092896,0.3103092908859253,0.3769230758976746,-0.30000001192092896,-0.30000001192092896,-0.30000001192092896,-0.30000001192092896,-0.30000001192092896,-0.30000001192092896,0.30000001192092896,-0.29170125692092896,0.981370357920929,-0.30000001192092896,-0.29968999052523804
1.2999999523162842,0.3000091140970105,-0.30000001192092896,0.3103092908859253,0.2999999988976746,-0.30000001192092896,0.49838708507907103,0.699999988079071,-0.30000001192092896,-0.30000001192092896,-0.30000001192092896,0.30000001192092896,-0.30000001192092896,0.30000001192092896,-0.30000001192092896,-0.29994811782523806
1.2999999523162842,0.4517979122170105,-0.30000001192092896,0.3103092908859253,0.5307692298976746,-0.30000001192092896,-0.30000001192092896,-0.30000001192092896,-0.30000001192092896,-0.30000001192092896,-0.30000001192092896,0.30000001192092896,-0.30000001192092896,0.30000001192092896,-0.30000001192092896,-0.29989733452523804
1.2999999523162842,0.3345424512170105,-0.30000001192092896,0.3103092908859253,0.33418803289767457,-0.30000001192092896,-0.17096775392092894,-0.13838384992092895,-0.30000001192092896,-0.30000001192092896,-0.30000001192092896,0.30000001192092896,-0.30000001192092896,0.30000001192092896,-0.30000001192092896,-0.299841229525238
1.2999999523162842,0.3605919502170105,-0.30000001192092896,0.3103092908859253,0.3683760668976746,-0.30000001192092896,-0.22741936692092896,-0.28989900192092893,-0.30000001192092896,-0.30000001192092896,-0.30000001192092896,0.9189839689209289,-0.08008299992092896,0.950088698920929,-0.30000001192092896,-0.24651189152523803
1.2999999523162842,0.5423737802170105,-0.30000001192092896,0.3103092908859253,0.5222222208976746,-0.30000001192092896,-0.30000001192092896,-0.30000001192092896,-0.30000001192092896,-0.30000001192092896,-0.30000001192092896,0.30000001192092896,-0.30000001192092896,0.30000001192092896,-0.30000001192092896,-0.299900661325238
1.2999999523162842,0.3033395192170105,-0.30000001192092896,0.3103092908859253,0.2999999988976746,-0.30000001192092896,-0.30000001192092896,-0.30000001192092896,-0.30000001192092896,-0.30000001192092896,-0.30000001192092896,0.30000001192092896,-0.30000001192092896,0.30000001192092896,-0.30000001192092896,-0.29986651052523805
1.2999999523162842,0.3302932622170105,-0.30000001192092896,0.4649484668859253,0.4367521358976746,-0.30000001192092896,-0.27580646392092895,-0.28989900192092893,-0.30000001192092896,-0.30000001192092896,-0.30000001192092896,0.554010706920929,0.45103733207907104,1.1978775169209288,-0.30000001192092896,-0.223891556525238
1.2999999523162842,0.3309291102170105,-0.30000001192092896,0.3103092908859253,0.3598290588976746,-0.30000001192092896,-0.29193549592092893,-0.28989900192092893,-0.30000001192092896,-0.30000001192092896,-0.30000001192092896,0.45508022592092895,-0.026141090920928978,0.708840948920929,-0.30000001192092896,-0.27496715552523804
1.2999999523162842,0.4533125582170105,-0.30000001192092896,0.3103092908859253,0.5136752128976746,-0.30000001192092896,-0.30000001192092896,-0.30000001192092896,-0.30000001192092896,-0.30000001192092896,-0.30000001192092896,0.30000001192092896,-0.30000001192092896,0.30000001192092896,-0.30000001192092896,-0.299074607525238
1.2999999523162842,0.4527067002170105,-0.30000001192092896,0.3103092908859253,0.5136752128976746,-0.30000001192092896,-0.30000001192092896,-0.30000001192092896,-0.30000001192092896,-0.30000001192092896,-0.30000001192092896,0.30000001192092896,-0.30000001192092896,0.30000001192092896,-0.30000001192092896,-0.299896004525238
1.2999999523162842,0.4233225552170105,-0.30000001192092896,0.3103092908859253,0.3940170928976746,-0.30000001192092896,-0.28387097992092897,-0.27979799192092897,-0.30000001192092896,-0.30000001192092896,-0.30000001192092896,0.30000001192092896,-0.30000001192092896,0.30000001192092896,-0.30000001192092896,-0.299855865525238
1.2999999523162842,0.3336312402170105,-0.30000001192092896,0.3103092908859253,0.33418803289767457,-0.30000001192092896,-0.21129033492092897,-0.18888890092092897,-0.30000001192092896,-0.30000001192092896,-0.30000001192092896,0.30000001192092896,-0.30000001192092896,0.30000001192092896,-0.30000001192092896,-0.29983945552523805
1.2999999523162842,0.36061618421701047,-0.30000001192092896,0.3103092908859253,0.3769230758976746,-0.30000001192092896,-0.30000001192092896,-0.30000001192092896,-0.30000001192092896,-0.30000001192092896,-0.30000001192092896,0.30000001192092896,-0.2875518789209289,0.8365443559209289,-0.30000001192092896,-0.285095789525238
1.2999999523162842,0.4817879152170105,-0.30000001192092896,0.3103092908859253,0.3769230758976746,-0.30000001192092896,-0.30000001192092896,-0.30000001192092896,-0.30000001192092896,-0.30000001192092896,-0.30000001192092896,0.30000001192092896,-0.30000001192092896,0.30000001192092896,-0.30000001192092896,-0.29964009452523804
1.2999999523162842,0.3006128522170105,-0.30000001192092896,0.3103092908859253,0.3598290588976746,-0.30000001192092896,-0.21935485092092893,-0.19898991092092894,-0.30000001192092896,-0.30000001192092896,-0.30000001192092896,0.30000001192092896,-0.30000001192092896,0.30000001192092896,-0.30000001192092896,-0.29984078652523805
1.2999999523162842,0.3057626512170105,-0.30000001192092896,0.3103092908859253,0.33418803289767457,-0.30000001192092896,-0.16290323792092895,-0.28989900192092893,-0.30000001192092896,-0.30000001192092896,-0.30000001192092896,1.038636375920929,-0.20041494992092895,0.909611701920929,-0.30000001192092896,-0.254320257525238
1.2999999523162842,0.45149498221701045,-0.30000001192092896,0.3103092908859253,0.3598290588976746,-0.30000001192092896,-0.29193549592092893,-0.28989900192092893,-0.30000001192092896,-0.30000001192092896,-0.30000001192092896,0.4610962689209289,0.699999988079071,0.737751744920929,-0.30000001192092896,-0.27347782052523806
1.2999999523162842,0.3305986142170105,-0.30000001192092896,0.3721649608859253,0.5393162378976746,-0.30000001192092896,-0.30000001192092896,-0.30000001192092896,0.699999988079071,-0.30000001192092896,-0.30000001192092896,0.45909092092092896,-0.24605810292092894,1.088932179920929,-0.30000001192092896,-0.27956599952523803
1.2999999523162842,0.5123837772170106,-0.30000001192092896,0.3103092908859253,0.5222222208976746,-0.30000001192092896,-0.30000001192092896,-0.30000001192092896,-0.30000001192092896,-0.30000001192092896,-0.30000001192092896,0.30000001192092896,-0.283402501920929,0.973676295920929,-0.30000001192092896,-0.298423300525238
1.2999999523162842,0.3051516422170105,-0.30000001192092896,0.3103092908859253,0.3598290588976746,-0.30000001192092896,-0.29193549592092893,-0.28989900192092893,-0.30000001192092896,-0.30000001192092896,-0.30000001192092896,0.4610962689209289,0.699999988079071,0.800400685920929,-0.30000001192092896,-0.26054371052523806
1.2999999523162842,0.3000221400170105,-0.30000001192092896,0.3103092908859253,0.2999999988976746,-0.30000001192092896,-0.13064517292092895,-0.28989900192092893,-0.30000001192092896,-0.30000001192092896,-0.30000001192092896,1.072058835920929,-0.20871370492092894,0.973676295920929,-0.30000001192092896,-0.252922508525238
1.2999999523162842,0.4530096292170105,-0.30000001192092896,0.3103092908859253,0.5307692298976746,-0.30000001192092896,-0.30000001192092896,-0.30000001192092896,-0.30000001192092896,-0.30000001192092896,-0.30000001192092896,0.30000001192092896,-0.30000001192092896,0.30000001192092896,-0.30000001192092896,-0.298849965525238
1.2999999523162842,0.3027500182170105,-0.30000001192092896,0.3103092908859253,0.34273504189767456,-0.30000001192092896,-0.050000011920928955,0.013131301079071067,-0.30000001192092896,-0.30000001192092896,-0.30000001192092896,0.30000001192092896,-0.30000001192092896,0.30000001192092896,-0.30000001192092896,-0.29983856852523805
1.2999999523162842,0.4224137672170105,-0.30000001192092896,0.3103092908859253,0.4880341868976746,-0.30000001192092896,-0.30000001192092896,-0.30000001192092896,0.699999988079071,-0.30000001192092896,-0.30000001192092896,0.30000001192092896,-0.30000001192092896,0.30000001192092896,-0.30000001192092896,-0.28510732152523804
1.2999999523162842,0.3921208342170105,-0.30000001192092896,0.3103092908859253,0.5222222208976746,-0.30000001192092896,-0.30000001192092896,-0.30000001192092896,-0.30000001192092896,-0.30000001192092896,-0.30000001192092896,0.30000001192092896,-0.30000001192092896,0.30000001192092896,-0.30000001192092896,-0.299900661325238
1.2999999523162842,0.3039405312170105,-0.30000001192092896,0.3103092908859253,0.34273504189767456,-0.30000001192092896,-0.25161291492092897,-0.28989900192092893,-0.30000001192092896,-0.30000001192092896,-0.30000001192092896,0.825401081920929,-0.30000001192092896,0.30000001192092896,-0.30000001192092896,-0.29983879052523804
1.2999999523162842,0.7847090622170105,-0.30000001192092896,0.3103092908859253,0.3769230758976746,-0.30000001192092896,-0.30000001192092896,-0.30000001192092896,-0.30000001192092896,-0.30000001192092896,-0.30000001192092896,0.30000001192092896,-0.30000001192092896,0.30000001192092896,-0.30000001192092896,-0.29990465302523805
1.2999999523162842,0.36088912421701047,-0.30000001192092896,0.4134020748859253,0.5393162378976746,-0.30000001192092896,-0.30000001192092896,-0.30000001192092896,-0.30000001192092896,-0.30000001192092896,-0.30000001192092896,0.30000001192092896,-0.24605810292092894,1.1978775169209288,-0.30000001192092896,-0.267382322525238
1.2999999523162842,0.8755960392170105,-0.30000001192092896,0.3103092908859253,0.3769230758976746,-0.30000001192092896,-0.30000001192092896,-0.30000001192092896,-0.30000001192092896,-0.30000001192092896,-0.30000001192092896,0.30000001192092896,-0.30000001192092896,0.30000001192092896,-0.30000001192092896,-0.29990465302523805
1.2999999523162842,0.3330353782170105,-0.30000001192092896,0.3412371258859253,0.5393162378976746,-0.30000001192092896,-0.30000001192092896,-0.30000001192092896,-0.30000001192092896,-0.30000001192092896,-0.30000001192092896,0.30000001192092896,-0.24605810292092894,1.0696440369209288,-0.30000001192092896,-0.27074796352523806
1.2999999523162842,0.3612220432170105,-0.30000001192092896,0.3103092908859253,0.3512820498976746,-0.30000001192092896,-0.26774194692092895,-0.259595971920929,-0.30000001192092896,-0.30000001192092896,-0.30000001192092896,0.6208556269209289,0.363900403079071,0.755274616920929,-0.30000001192092896,-0.25408851852523806
1.2999999523162842,0.3915149762170105,-0.30000001192092896,0.3103092908859253,0.5136752128976746,-0.30000001192092896,-0.30000001192092896,-0.30000001192092896,-0.30000001192092896,-0.30000001192092896,-0.30000001192092896,0.30000001192092896,-0.30000001192092896,0.30000001192092896,-0.30000001192092896,-0.29863774252523806
0.2999999523162842,0.3009136612170105,-0.23498157892092897,0.3000000128859253,0.33418803289767457,0.699999988079071,-0.30000001192092896,-0.30000001192092896,0.699999988079071,-0.08787879992092895,-0.22946059292092896,0.30000001192092896,-0.30000001192092896,0.30000001192092896,-0.10000001192092894,-0.29926132952523804
1.2999999523162842,0.6041713632170105,-0.30000001192092896,0.3103092908859253,0.5222222208976746,-0.30000001192092896,-0.30000001192092896,-0.30000001192092896,-0.30000001192092896,-0.30000001192092896,-0.30000001192092896,0.30000001192092896,-0.283402501920929,0.7712671929209289,-0.30000001192092896,-0.299646525525238
1.2999999523162842,0.4833025622170105,-0.30000001192092896,0.3103092908859253,0.5222222208976746,-0.30000001192092896,-0.30000001192092896,-0.30000001192092896,-0.30000001192092896,-0.30000001192092896,-0.30000001192092896,0.30000001192092896,-0.295850633920929,1.1082968329209288,-0.30000001192092896,-0.299507038525238
1.2999999523162842,0.3312268902170105,-0.30000001192092896,0.3103092908859253,0.33418803289767457,-0.30000001192092896,-0.25967743092092893,-0.28989900192092893,-0.30000001192092896,-0.30000001192092896,-0.30000001192092896,0.7812834339209289,0.05269708307907106,1.077492108920929,-0.30000001192092896,-0.24741910852523802
1.2999999523162842,0.4817879152170105,-0.30000001192092896,0.3103092908859253,0.5222222208976746,-0.30000001192092896,-0.30000001192092896,-0.30000001192092896,-0.30000001192092896,-0.30000001192092896,-0.30000001192092896,0.30000001192092896,-0.30000001192092896,0.30000001192092896,-0.30000001192092896,-0.299901104925238
1.2999999523162842,0.4521008412170105,-0.30000001192092896,0.3103092908859253,0.5136752128976746,-0.30000001192092896,-0.30000001192092896,-0.30000001192092896,-0.30000001192092896,-0.30000001192092896,-0.30000001192092896,0.30000001192092896,-0.30000001192092896,0.30000001192092896,-0.30000001192092896,-0.29990088312523805
1.2999999523162842,0.45149498221701045,-0.30000001192092896,0.3103092908859253,0.5222222208976746,-0.30000001192092896,-0.30000001192092896,-0.30000001192092896,-0.30000001192092896,-0.30000001192092896,-0.30000001192092896,0.30000001192092896,-0.30000001192092896,0.30000001192092896,-0.30000001192092896,-0.285113530525238
1.2999999523162842,0.4233225552170105,-0.30000001192092896,0.3103092908859253,0.5307692298976746,-0.30000001192092896,-0.30000001192092896,-0.30000001192092896,-0.30000001192092896,-0.30000001192092896,-0.30000001192092896,0.30000001192092896,-0.30000001192092896,0.30000001192092896,-0.30000001192092896,-0.298966611525238
1.2999999523162842,0.5438884272170105,-0.30000001192092896,0.3103092908859253,0.5222222208976746,-0.30000001192092896,-0.30000001192092896,-0.30000001192092896,-0.30000001192092896,-0.30000001192092896,-0.30000001192092896,0.30000001192092896,-0.30000001192092896,0.30000001192092896,-0.30000001192092896,-0.29918460052523804
1.2999999523162842,0.5126867062170105,-0.30000001192092896,0.3103092908859253,0.5222222208976746,-0.30000001192092896,-0.30000001192092896,-0.30000001192092896,-0.30000001192092896,-0.30000001192092896,-0.30000001192092896,0.30000001192092896,-0.30000001192092896,0.30000001192092896,-0.30000001192092896,-0.29914867552523805
1.2999999523162842,0.4820908442170105,-0.30000001192092896,0.3103092908859253,0.5222222208976746,-0.30000001192092896,-0.30000001192092896,-0.30000001192092896,-0.30000001192092896,-0.30000001192092896,-0.30000001192092896,0.30000001192092896,-0.2875518789209289,0.940819772920929,-0.30000001192092896,-0.29903580052523804
1.2999999523162842,0.4230196262170105,-0.30000001192092896,0.3103092908859253,0.3256410248976746,-0.30000001192092896,-0.15483872192092896,-0.11818182992092896,-0.30000001192092896,-0.30000001192092896,-0.30000001192092896,0.30000001192092896,-0.30000001192092896,0.30000001192092896,-0.30000001192092896,-0.29985431352523806
1.2999999523162842,1.1182424302170104,-0.30000001192092896,0.3103092908859253,0.3769230758976746,-0.30000001192092896,-0.30000001192092896,-0.30000001192092896,-0.30000001192092896,-0.30000001192092896,-0.30000001192092896,0.30000001192092896,-0.30000001192092896,0.30000001192092896,-0.30000001192092896,-0.29990465302523805
1.2999999523162842,0.5135788332170105,-0.30000001192092896,0.3103092908859253,0.5136752128976746,-0.30000001192092896,-0.30000001192092896,-0.30000001192092896,-0.30000001192092896,-0.30000001192092896,-0.30000001192092896,0.30000001192092896,-0.30000001192092896,0.30000001192092896,-0.30000001192092896,-0.29936356052523805
1.2999999523162842,0.4530002382170105,-0.30000001192092896,0.3103092908859253,0.5222222208976746,-0.30000001192092896,-0.30000001192092896,-0.30000001192092896,-0.30000001192092896,-0.30000001192092896,-0.30000001192092896,0.30000001192092896,-0.295850633920929,0.737751744920929,-0.30000001192092896,-0.298992557525238
1.2999999523162842,0.4533125582170105,-0.30000001192092896,0.3103092908859253,0.5051282038976745,-0.30000001192092896,-0.30000001192092896,-0.30000001192092896,-0.30000001192092896,-0.30000001192092896,-0.30000001192092896,0.30000001192092896,-0.29170125692092896,1.0829122709209291,-0.30000001192092896,-0.29951147352523805
1.2999999523162842,0.6335555082170106,-0.30000001192092896,0.3103092908859253,0.5136752128976746,-0.30000001192092896,-0.30000001192092896,-0.30000001192092896,-0.30000001192092896,-0.30000001192092896,-0.30000001192092896,0.30000001192092896,-0.295850633920929,0.9714153699209289,-0.30000001192092896,-0.29914557052523805
1.2999999523162842,0.3324283072170105,-0.30000001192092896,0.3103092908859253,0.34273504189767456,-0.30000001192092896,-0.06612904392092894,-0.007070718920928976,-0.30000001192092896,-0.30000001192092896,-0.30000001192092896,0.32072193692092893,-0.25435685792092894,0.8920587219209289,-0.30000001192092896,-0.28756463552523803
1.2999999523162842,0.5438884272170105,-0.30000001192092896,0.3103092908859253,0.5222222208976746,-0.30000001192092896,-0.30000001192092896,-0.30000001192092896,-0.30000001192092896,-0.30000001192092896,-0.30000001192092896,0.30000001192092896,-0.30000001192092896,0.30000001192092896,-0.30000001192092896,-0.299901104925238
1.2999999523162842,0.3312308282170105,-0.30000001192092896,0.3618556828859253,0.4794871778976746,-0.30000001192092896,-0.30000001192092896,-0.30000001192092896,-0.30000001192092896,-0.30000001192092896,-0.30000001192092896,0.30000001192092896,-0.24605810292092894,0.9026445069209289,-0.30000001192092896,-0.294929705525238
1.2999999523162842,0.4521008412170105,-0.30000001192092896,0.3103092908859253,0.5307692298976746,-0.30000001192092896,-0.30000001192092896,-0.30000001192092896,-0.30000001192092896,-0.30000001192092896,-0.30000001192092896,0.30000001192092896,-0.30000001192092896,0.30000001192092896,-0.30000001192092896,-0.299073720525238
1.2999999523162842,0.3615249722170105,-0.30000001192092896,0.3103092908859253,0.3085470078976746,-0.30000001192092896,-0.13870968892092894,-0.09797980992092895,-0.30000001192092896,-0.30000001192092896,-0.30000001192092896,0.30000001192092896,-0.30000001192092896,0.30000001192092896,-0.30000001192092896,-0.299860966525238
1.2999999523162842,0.39242376421701053,-0.30000001192092896,0.3103092908859253,0.5051282038976745,-0.30000001192092896,-0.30000001192092896,-0.30000001192092896,-0.30000001192092896,-0.30000001192092896,-0.30000001192092896,0.30000001192092896,-0.30000001192092896,0.30000001192092896,-0.30000001192092896,-0.299453594525238
1.2999999523162842,0.5726667132170105,-0.30000001192092896,0.3103092908859253,0.5136752128976746,-0.30000001192092896,-0.30000001192092896,-0.30000001192092896,-0.30000001192092896,-0.30000001192092896,-0.30000001192092896,0.30000001192092896,-0.30000001192092896,0.30000001192092896,-0.30000001192092896,-0.29949816852523803
1.2999999523162842,0.5726667132170105,-0.30000001192092896,0.3103092908859253,0.5136752128976746,-0.30000001192092896,-0.30000001192092896,-0.30000001192092896,-0.30000001192092896,-0.30000001192092896,-0.30000001192092896,0.30000001192092896,-0.295850633920929,0.9164036419209289,-0.30000001192092896,-0.299465347525238
1.2999999523162842,0.3015264872170105,-0.30000001192092896,0.3103092908859253,0.3512820498976746,-0.30000001192092896,-0.18709678592092896,-0.28989900192092893,-0.30000001192092896,-0.30000001192092896,-0.30000001192092896,1.011229958920929,-0.14232366292092896,0.7712671929209289,-0.30000001192092896,-0.25335050452523805
1.2999999523162842,0.5741813592170105,-0.30000001192092896,0.3103092908859253,0.5222222208976746,-0.30000001192092896,-0.30000001192092896,-0.30000001192092896,-0.30000001192092896,-0.30000001192092896,-0.30000001192092896,0.30000001192092896,-0.30000001192092896,0.30000001192092896,-0.30000001192092896,-0.299901104925238
1.2999999523162842,0.3608991202170105,-0.30000001192092896,0.4752577448859253,0.3940170928976746,-0.30000001192092896,-0.30000001192092896,-0.30000001192092896,-0.30000001192092896,-0.30000001192092896,-0.30000001192092896,0.30000001192092896,-0.24605810292092894,1.119382977920929,-0.30000001192092896,-0.294526546525238
1.2999999523162842,0.3018397162170105,-0.30000001192092896,0.3103092908859253,0.33418803289767457,-0.30000001192092896,-0.18709678592092896,-0.28989900192092893,-0.30000001192092896,-0.30000001192092896,-0.30000001192092896,1.011229958920929,-0.13817428592092895,1.028334791920929,-0.30000001192092896,-0.25107481052523806
1.2999999523162842,0.39363548121701053,-0.30000001192092896,0.3103092908859253,0.34273504189767456,-0.30000001192092896,-0.22741936692092896,-0.20909092092092896,-0.30000001192092896,-0.30000001192092896,-0.30000001192092896,0.30000001192092896,-0.30000001192092896,0.30000001192092896,-0.30000001192092896,-0.28367054252523805
1.2999999523162842,0.8453018952170105,-0.30000001192092896,0.3103092908859253,0.3769230758976746,-0.30000001192092896,-0.30000001192092896,-0.30000001192092896,-0.30000001192092896,-0.30000001192092896,-0.30000001192092896,0.30000001192092896,-0.295850633920929,0.9026445069209289,-0.30000001192092896,-0.299831250525238
1.2999999523162842,0.3303144672170105,-0.30000001192092896,0.3103092908859253,0.33418803289767457,-0.30000001192092896,-0.017741946920928953,0.05353534207907107,-0.30000001192092896,-0.30000001192092896,-0.30000001192092896,0.30000001192092896,-0.30000001192092896,0.30000001192092896,-0.30000001192092896,-0.29984012152523803
1.2999999523162842,0.5135864062170105,-0.30000001192092896,0.3103092908859253,0.5222222208976746,-0.30000001192092896,-0.30000001192092896,-0.30000001192092896,-0.30000001192092896,-0.30000001192092896,-0.30000001192092896,0.30000001192092896,-0.29170125692092896,0.9734403289209289,-0.30000001192092896,-0.29874529552523804
1.2999999523162842,0.4829996322170105,-0.30000001192092896,0.3103092908859253,0.4965811958976746,-0.30000001192092896,-0.30000001192092896,-0.30000001192092896,-0.30000001192092896,-0.30000001192092896,-0.30000001192092896,0.30000001192092896,-0.30000001192092896,0.30000001192092896,-0.30000001192092896,-0.29990088312523805
1.2999999523162842,0.39362215221701047,-0.30000001192092896,0.3103092908859253,0.33418803289767457,-0.30000001192092896,-0.24354839892092894,-0.28989900192092893,-0.30000001192092896,-0.30000001192092896,-0.30000001192092896,0.861497337920929,-0.01784233592092893,0.940819772920929,-0.30000001192092896,-0.24962051252523804
1.2999999523162842,0.4217967002170105,-0.30000001192092896,0.3103092908859253,0.5222222208976746,-0.30000001192092896,-0.30000001192092896,-0.30000001192092896,-0.30000001192092896,-0.30000001192092896,-0.30000001192092896,0.30000001192092896,-0.30000001192092896,0.30000001192092896,-0.30000001192092896,-0.299256450525238
1.2999999523162842,0.48239377421701046,-0.30000001192092896,0.3103092908859253,0.5136752128976746,-0.30000001192092896,-0.30000001192092896,-0.30000001192092896,-0.30000001192092896,-0.30000001192092896,-0.30000001192092896,0.30000001192092896,-0.30000001192092896,0.30000001192092896,-0.30000001192092896,-0.29127245052523804
1.2999999523162842,0.3036642592170105,-0.30000001192092896,0.3103092908859253,0.33418803289767457,-0.30000001192092896,-0.15483872192092896,-0.28989900192092893,-0.30000001192092896,-0.30000001192092896,-0.30000001192092896,1.0459893169209291,-0.16307055092092895,0.748362389920929,-0.30000001192092896,-0.25129457352523804
1.2999999523162842,0.48239377421701046,-0.30000001192092896,0.3103092908859253,0.5222222208976746,-0.30000001192092896,-0.30000001192092896,-0.30000001192092896,-0.30000001192092896,-0.30000001192092896,-0.30000001192092896,0.30000001192092896,-0.295850633920929,1.088932179920929,-0.30000001192092896,-0.29965251252523806
1.2999999523162842,0.3003223432170105,-0.30000001192092896,0.3103092908859253,0.3256410248976746,-0.30000001192092896,0.030645149079071066,-0.28989900192092893,-0.30000001192092896,-0.30000001192092896,-0.30000001192092896,1.149598941920929,-0.21286308292092895,0.9188818659209289,-0.30000001192092896,-0.25718560952523806
1.2999999523162842,0.3303196162170105,-0.30000001192092896,0.49587630188592535,0.5307692298976746,-0.30000001192092896,-0.30000001192092896,-0.30000001192092896,0.699999988079071,-0.30000001192092896,-0.30000001192092896,0.30000001192092896,-0.24605810292092894,0.7381502899209289,-0.30000001192092896,-0.271330303525238
1.2999999523162842,0.4820908442170105,-0.30000001192092896,0.3103092908859253,0.3769230758976746,-0.30000001192092896,-0.30000001192092896,-0.30000001192092896,-0.30000001192092896,-0.30000001192092896,-0.30000001192092896,0.30000001192092896,-0.30000001192092896,0.30000001192092896,-0.30000001192092896,-0.29972569352523803
1.2999999523162842,0.4826967032170105,-0.30000001192092896,0.3103092908859253,0.5307692298976746,-0.30000001192092896,-0.30000001192092896,-0.30000001192092896,-0.30000001192092896,-0.30000001192092896,-0.30000001192092896,0.30000001192092896,-0.29170125692092896,1.173585533920929,-0.30000001192092896,-0.29910210652523805
1.2999999523162842,0.42180790821701053,-0.30000001192092896,0.3103092908859253,0.5136752128976746,-0.30000001192092896,-0.30000001192092896,-0.30000001192092896,-0.30000001192092896,-0.30000001192092896,-0.30000001192092896,0.30000001192092896,-0.30000001192092896,0.30000001192092896,-0.30000001192092896,-0.27583578652523805
1.2999999523162842,0.3630396192170105,-0.30000001192092896,0.3103092908859253,0.33418803289767457,-0.30000001192092896,-0.29193549592092893,-0.28989900192092893,-0.30000001192092896,-0.30000001192092896,-0.30000001192092896,0.4610962689209289,0.699999988079071,0.908976793920929,-0.30000001192092896,-0.261023597525238
1.2999999523162842,0.4527067002170105,-0.30000001192092896,0.3103092908859253,0.5222222208976746,-0.30000001192092896,-0.30000001192092896,-0.30000001192092896,-0.30000001192092896,-0.30000001192092896,-0.30000001192092896,0.30000001192092896,-0.30000001192092896,0.30000001192092896,-0.30000001192092896,-0.299542741525238
1.2999999523162842,0.4829996322170105,-0.30000001192092896,0.3103092908859253,0.5136752128976746,-0.30000001192092896,-0.30000001192092896,-0.30000001192092896,-0.30000001192092896,-0.30000001192092896,-0.30000001192092896,0.30000001192092896,-0.30000001192092896,0.30000001192092896,-0.30000001192092896,-0.29947111352523803
1.2999999523162842,0.4239284142170105,-0.30000001192092896,0.3103092908859253,0.5136752128976746,-0.30000001192092896,-0.30000001192092896,-0.30000001192092896,-0.30000001192092896,-0.30000001192092896,-0.30000001192092896,0.30000001192092896,-0.295850633920929,0.7769382279209289,-0.30000001192092896,-0.299144462525238
1.2999999523162842,0.3618109382170105,-0.30000001192092896,0.3103092908859253,0.3598290588976746,-0.30000001192092896,-0.16290323792092895,-0.12828283992092895,-0.30000001192092896,-0.30000001192092896,-0.30000001192092896,0.343449209920929,-0.030290467920928932,0.920659170920929,-0.30000001192092896,-0.261061074525238
1.2999999523162842,0.3054763822170105,-0.30000001192092896,0.3103092908859253,0.3598290588976746,-0.30000001192092896,-0.12258065692092895,-0.07777778992092896,-0.30000001192092896,-0.30000001192092896,-0.30000001192092896,0.30000001192092896,-0.30000001192092896,0.30000001192092896,-0.30000001192092896,-0.29984034252523806
1.2999999523162842,0.4236254842170105,-0.30000001192092896,0.3103092908859253,0.5222222208976746,-0.30000001192092896,-0.30000001192092896,-0.30000001192092896,-0.30000001192092896,-0.30000001192092896,-0.30000001192092896,0.30000001192092896,-0.295850633920929,1.009900091920929,-0.30000001192092896,-0.29889520452523805
1.2999999523162842,0.5135954942170105,-0.30000001192092896,0.3103092908859253,0.5136752128976746,-0.30000001192092896,-0.30000001192092896,-0.30000001192092896,-0.30000001192092896,-0.30000001192092896,-0.30000001192092896,0.30000001192092896,-0.30000001192092896,0.30000001192092896,-0.30000001192092896,-0.29990088312523805
1.2999999523162842,0.4233083172170105,-0.30000001192092896,0.3103092908859253,0.3940170928976746,-0.30000001192092896,-0.25967743092092893,-0.28989900192092893,-0.30000001192092896,-0.30000001192092896,-0.30000001192092896,0.780614984920929,-0.30000001192092896,0.30000001192092896,-0.30000001192092896,-0.299855865525238
1.2999999523162842,0.3315061912170105,-0.30000001192092896,0.3103092908859253,0.34273504189767456,-0.30000001192092896,-0.17096775392092894,-0.28989900192092893,-0.30000001192092896,-0.30000001192092896,-0.30000001192092896,0.999866321920929,-0.30000001192092896,0.30000001192092896,-0.30000001192092896,-0.299843003525238
1.2999999523162842,0.4829996322170105,-0.30000001192092896,0.3103092908859253,0.5222222208976746,-0.30000001192092896,-0.30000001192092896,-0.30000001192092896,-0.30000001192092896,-0.30000001192092896,-0.30000001192092896,0.30000001192092896,-0.30000001192092896,0.30000001192092896,-0.30000001192092896,-0.29897060252523805
1.2999999523162842,0.4517851892170105,-0.30000001192092896,0.3103092908859253,0.5222222208976746,-0.30000001192092896,-0.30000001192092896,-0.30000001192092896,-0.30000001192092896,-0.30000001192092896,-0.30000001192092896,0.30000001192092896,-0.30000001192092896,0.30000001192092896,-0.30000001192092896,-0.29697587852523805
1.2999999523162842,0.3330329542170105,-0.30000001192092896,0.49587630188592535,0.5307692298976746,-0.30000001192092896,-0.30000001192092896,-0.30000001192092896,0.699999988079071,-0.30000001192092896,-0.30000001192092896,0.30000001192092896,-0.24605810292092894,0.766397456920929,-0.30000001192092896,-0.26048782652523805
1.2999999523162842,0.45149498221701045,-0.30000001192092896,0.3103092908859253,0.3769230758976746,-0.30000001192092896,-0.29193549592092893,-0.28989900192092893,-0.30000001192092896,-0.30000001192092896,-0.30000001192092896,0.44973263192092894,0.629460569079071,0.766397456920929,-0.30000001192092896,-0.252168083525238
1.2999999523162842,0.3030296222170105,-0.30000001192092896,0.3103092908859253,0.33418803289767457,-0.30000001192092896,0.13548385907907107,-0.28989900192092893,-0.30000001192092896,-0.30000001192092896,-0.30000001192092896,1.166310171920929,-0.30000001192092896,0.30000001192092896,-0.30000001192092896,-0.29983901252523804
1.2999999523162842,0.4212020502170105,-0.30000001192092896,0.3103092908859253,0.4111111098976746,-0.30000001192092896,-0.26774194692092895,-0.28989900192092893,-0.30000001192092896,-0.30000001192092896,-0.30000001192092896,0.6970588359209289,-0.30000001192092896,0.30000001192092896,-0.30000001192092896,-0.29985675352523805
1.2999999523162842,0.4833025622170105,-0.30000001192092896,0.3103092908859253,0.5136752128976746,-0.30000001192092896,-0.30000001192092896,-0.30000001192092896,-0.30000001192092896,-0.30000001192092896,-0.30000001192092896,0.30000001192092896,-0.2875518789209289,0.985206940920929,-0.30000001192092896,-0.29863574652523805
1.2999999523162842,0.4524037702170105,-0.30000001192092896,0.3103092908859253,0.5051282038976745,-0.30000001192092896,-0.30000001192092896,-0.30000001192092896,-0.30000001192092896,-0.30000001192092896,-0.30000001192092896,0.30000001192092896,-0.30000001192092896,0.30000001192092896,-0.30000001192092896,-0.299900661325238
1.2999999523162842,0.4230196262170105,-0.30000001192092896,0.3103092908859253,0.5222222208976746,-0.30000001192092896,-0.30000001192092896,-0.30000001192092896,0.699999988079071,-0.30000001192092896,-0.30000001192092896,0.30000001192092896,-0.30000001192092896,0.30000001192092896,-0.30000001192092896,-0.29127777352523804
1.2999999523162842,0.33362669621701047,-0.30000001192092896,0.3103092908859253,0.3598290588976746,-0.30000001192092896,-0.16290323792092895,-0.12828283992092895,-0.30000001192092896,-0.30000001192092896,-0.30000001192092896,0.30000001192092896,-0.30000001192092896,0.30000001192092896,-0.30000001192092896,-0.299843225525238
1.2999999523162842,0.3018224492170105,-0.30000001192092896,0.3103092908859253,0.33418803289767457,-0.30000001192092896,0.05483869807907105,-0.28989900192092893,-0.30000001192092896,-0.30000001192092896,-0.30000001192092896,1.1529411879209288,-0.25435685792092894,0.9164036419209289,-0.30000001192092896,-0.24947060352523803
1.2999999523162842,0.4212020502170105,-0.30000001192092896,0.3103092908859253,0.5136752128976746,-0.30000001192092896,-0.30000001192092896,-0.30000001192092896,-0.30000001192092896,-0.30000001192092896,-0.30000001192092896,0.30000001192092896,-0.295850633920929,0.920659170920929,-0.30000001192092896,-0.299734785525238
1.2999999523162842,0.42150497921701047,-0.30000001192092896,0.3103092908859253,0.5222222208976746,-0.30000001192092896,-0.30000001192092896,-0.30000001192092896,-0.30000001192092896,-0.30000001192092896,-0.30000001192092896,0.30000001192092896,-0.30000001192092896,0.30000001192092896,-0.30000001192092896,-0.284833226525238
0.2999999523162842,0.3003090142170105,-0.08894407792092895,0.3000000128859253,0.3512820498976746,0.699999988079071,-0.30000001192092896,-0.30000001192092896,0.699999988079071,-0.11818182992092896,-0.09668050992092894,0.30000001192092896,-0.30000001192092896,0.30000001192092896,-0.23333334492092894,-0.29803544352523803
1.2999999523162842,0.3614946792170105,-0.30000001192092896,0.3103092908859253,0.3512820498976746,-0.30000001192092896,-0.27580646392092895,-0.26969698192092895,-0.30000001192092896,-0.30000001192092896,-0.30000001192092896,0.30000001192092896,-0.30000001192092896,0.30000001192092896,-0.30000001192092896,-0.27486847252523805
1.2999999523162842,0.4521008412170105,-0.30000001192092896,0.3103092908859253,0.5222222208976746,-0.30000001192092896,-0.30000001192092896,-0.30000001192092896,-0.30000001192092896,-0.30000001192092896,-0.30000001192092896,0.30000001192092896,-0.30000001192092896,0.30000001192092896,-0.30000001192092896,-0.299900217825238
1.2999999523162842,0.4221108382170105,-0.30000001192092896,0.3103092908859253,0.5222222208976746,-0.30000001192092896,-0.30000001192092896,-0.30000001192092896,-0.30000001192092896,-0.30000001192092896,-0.30000001192092896,0.30000001192092896,-0.30000001192092896,0.30000001192092896,-0.30000001192092896,-0.299900217825238
1.2999999523162842,0.4517879152170105,-0.30000001192092896,0.3103092908859253,0.5222222208976746,-0.30000001192092896,-0.30000001192092896,-0.30000001192092896,-0.30000001192092896,-0.30000001192092896,-0.30000001192092896,0.30000001192092896,-0.2875518789209289,1.092871814920929,-0.30000001192092896,-0.29925135052523805
1.2999999523162842,0.3000188078170105,-0.30000001192092896,0.3103092908859253,0.2999999988976746,-0.30000001192092896,-0.26774194692092895,-0.259595971920929,-0.30000001192092896,-0.30000001192092896,-0.30000001192092896,0.30000001192092896,-0.30000001192092896,0.30000001192092896,-0.30000001192092896,-0.29995011372523805
1.2999999523162842,0.4221108382170105,-0.30000001192092896,0.3103092908859253,0.5051282038976745,-0.30000001192092896,-0.30000001192092896,-0.30000001192092896,-0.30000001192092896,-0.30000001192092896,-0.30000001192092896,0.30000001192092896,-0.30000001192092896,0.30000001192092896,-0.30000001192092896,-0.295246377525238
1.2999999523162842,0.3030378012170105,-0.30000001192092896,0.3103092908859253,0.34273504189767456,-0.30000001192092896,-0.25967743092092893,-0.24949496092092896,-0.30000001192092896,-0.30000001192092896,-0.30000001192092896,0.39625669592092894,0.29751036107907103,1.1082968329209288,-0.30000001192092896,-0.24381818152523804
1.2999999523162842,0.3306167902170105,-0.30000001192092896,0.3103092908859253,0.33418803289767457,-0.30000001192092896,-0.13870968892092894,-0.28989900192092893,-0.30000001192092896,-0.30000001192092896,-0.30000001192092896,1.062032097920929,-0.18381743892092894,0.765188056920929,-0.30000001192092896,-0.23839993652523803
1.2999999523162842,0.6029596462170105,-0.30000001192092896,0.3103092908859253,0.4965811958976746,-0.30000001192092896,-0.30000001192092896,-0.30000001192092896,-0.30000001192092896,-0.30000001192092896,-0.30000001192092896,0.30000001192092896,-0.30000001192092896,0.30000001192092896,-0.30000001192092896,-0.29990088312523805
1.2999999523162842,0.3051707272170105,-0.30000001192092896,0.3103092908859253,0.33418803289767457,-0.30000001192092896,-0.30000001192092896,-0.30000001192092896,-0.30000001192092896,-0.30000001192092896,-0.30000001192092896,0.30000001192092896,-0.30000001192092896,0.30000001192092896,-0.30000001192092896,-0.299870945525238
1.2999999523162842,0.7244343052170106,-0.30000001192092896,0.3103092908859253,0.3769230758976746,-0.30000001192092896,-0.30000001192092896,-0.30000001192092896,-0.30000001192092896,-0.30000001192092896,-0.30000001192092896,0.30000001192092896,-0.29170125692092896,0.7782413209209289,-0.30000001192092896,-0.29972369752523803
1.2999999523162842,0.3054778972170105,-0.30000001192092896,0.3103092908859253,0.3683760668976746,-0.30000001192092896,-0.27580646392092895,-0.28989900192092893,-0.30000001192092896,-0.30000001192092896,-0.30000001192092896,0.6622994769209289,-0.30000001192092896,0.30000001192092896,-0.30000001192092896,-0.299841229525238
1.2999999523162842,0.3045615362170105,-0.30000001192092896,0.3103092908859253,0.33418803289767457,-0.30000001192092896,-0.17903226992092897,-0.28989900192092893,-0.30000001192092896,-0.30000001192092896,-0.30000001192092896,1.021925145920929,-0.30000001192092896,0.30000001192092896,-0.30000001192092896,-0.29983945552523805
1.2999999523162842,0.3618127552170105,-0.30000001192092896,0.3103092908859253,0.3512820498976746,-0.30000001192092896,-0.21935485092092893,-0.28989900192092893,-0.30000001192092896,-0.30000001192092896,-0.30000001192092896,0.9417112419209289,-0.10082988792092895,0.992381329920929,-0.30000001192092896,-0.24877982352523803
1.2999999523162842,0.3612220432170105,-0.30000001192092896,0.3103092908859253,0.3598290588976746,-0.30000001192092896,-0.27580646392092895,-0.28989900192092893,-0.30000001192092896,-0.30000001192092896,-0.30000001192092896,0.6629679259209289,0.05684646107907104,1.159883051920929,-0.30000001192092896,-0.26417324452523805
1.2999999523162842,0.3915149762170105,-0.30000001192092896,0.3103092908859253,0.5051282038976745,-0.30000001192092896,-0.30000001192092896,-0.30000001192092896,-0.30000001192092896,-0.30000001192092896,-0.30000001192092896,0.30000001192092896,-0.2875518789209289,1.026060097920929,-0.30000001192092896,-0.297847835525238
1.2999999523162842,0.3333249782170105,-0.30000001192092896,0.3103092908859253,0.34273504189767456,-0.30000001192092896,-0.14677420592092896,-0.10808081992092897,-0.30000001192092896,-0.30000001192092896,-0.30000001192092896,0.340106963920929,-0.05103735592092895,0.751065240920929,-0.30000001192092896,-0.259326695525238
1.2999999523162842,0.3003056822170105,-0.30000001192092896,0.3103092908859253,0.3256410248976746,-0.30000001192092896,0.296774182079071,-0.28989900192092893,-0.30000001192092896,-0.30000001192092896,-0.30000001192092896,1.190374343920929,-0.30000001192092896,0.30000001192092896,-0.30000001192092896,-0.29983834652523805
1.2999999523162842,0.5123837772170106,-0.30000001192092896,0.3103092908859253,0.5136752128976746,-0.30000001192092896,-0.30000001192092896,-0.30000001192092896,-0.30000001192092896,-0.30000001192092896,-0.30000001192092896,0.30000001192092896,-0.30000001192092896,0.30000001192092896,-0.30000001192092896,-0.29990043962523805
1.2999999523162842,0.3633171022170105,-0.30000001192092896,0.3103092908859253,0.3512820498976746,-0.30000001192092896,-0.21129033492092897,-0.18888890092092897,-0.30000001192092896,-0.30000001192092896,-0.30000001192092896,0.36016043992092894,0.07344397107907102,0.9164036419209289,-0.30000001192092896,-0.24961807352523802
1.2999999523162842,0.5126867062170105,-0.30000001192092896,0.3103092908859253,0.5222222208976746,-0.30000001192092896,-0.30000001192092896,-0.30000001192092896,-0.30000001192092896,-0.30000001192092896,-0.30000001192092896,0.30000001192092896,-0.30000001192092896,0.30000001192092896,-0.30000001192092896,-0.299505929525238
1.2999999523162842,0.3324361842170105,-0.30000001192092896,0.3103092908859253,0.3683760668976746,-0.30000001192092896,-0.27580646392092895,-0.28989900192092893,-0.30000001192092896,-0.30000001192092896,-0.30000001192092896,0.6629679259209289,-0.30000001192092896,0.30000001192092896,-0.30000001192092896,-0.25035098752523804
1.2999999523162842,0.3909091172170105,-0.30000001192092896,0.3103092908859253,0.33418803289767457,-0.30000001192092896,-0.25161291492092897,-0.28989900192092893,-0.30000001192092896,-0.30000001192092896,-0.30000001192092896,0.825401081920929,-0.05103735592092895,0.888830948920929,-0.30000001192092896,-0.24980124652523802
1.2999999523162842,0.42150497921701047,-0.30000001192092896,0.3103092908859253,0.5051282038976745,-0.30000001192092896,-0.30000001192092896,-0.30000001192092896,-0.30000001192092896,-0.30000001192092896,-0.30000001192092896,0.30000001192092896,-0.295850633920929,0.7382474989209289,-0.30000001192092896,-0.29932674852523805
1.2999999523162842,0.3612005352170105,-0.30000001192092896,0.3103092908859253,0.33418803289767457,-0.30000001192092896,-0.22741936692092896,-0.20909092092092896,-0.30000001192092896,-0.30000001192092896,-0.30000001192092896,0.30000001192092896,-0.30000001192092896,0.30000001192092896,-0.30000001192092896,-0.278788290525238
1.2999999523162842,1.0573536352170105,-0.30000001192092896,0.3103092908859253,0.3769230758976746,-0.30000001192092896,-0.30000001192092896,-0.30000001192092896,-0.30000001192092896,-0.30000001192092896,-0.30000001192092896,0.30000001192092896,-0.30000001192092896,0.30000001192092896,-0.30000001192092896,-0.29979709952523803
1.2999999523162842,0.3930296222170105,-0.30000001192092896,0.3103092908859253,0.5136752128976746,-0.30000001192092896,-0.30000001192092896,-0.30000001192092896,-0.30000001192092896,-0.30000001192092896,-0.30000001192092896,0.30000001192092896,-0.295850633920929,0.908976793920929,-0.30000001192092896,-0.29976361452523803
1.2999999523162842,0.3908921532170105,-0.30000001192092896,0.4752577448859253,0.5393162378976746,-0.30000001192092896,-0.30000001192092896,-0.30000001192092896,-0.30000001192092896,-0.30000001192092896,-0.30000001192092896,0.30000001192092896,-0.24605810292092894,0.920659170920929,-0.30000001192092896,-0.285914746525238
1.2999999523162842,0.42271669621701047,-0.30000001192092896,0.3103092908859253,0.5222222208976746,-0.30000001192092896,-0.30000001192092896,-0.30000001192092896,-0.30000001192092896,-0.30000001192092896,-0.30000001192092896,0.30000001192092896,-0.30000001192092896,0.30000001192092896,-0.30000001192092896,-0.29990088312523805
1.2999999523162842,0.4224137672170105,-0.30000001192092896,0.3103092908859253,0.5222222208976746,-0.30000001192092896,-0.30000001192092896,-0.30000001192092896,-0.30000001192092896,-0.30000001192092896,-0.30000001192092896,0.30000001192092896,-0.30000001192092896,0.30000001192092896,-0.30000001192092896,-0.29964896452523804
1.2999999523162842,0.5435794392170105,-0.30000001192092896,0.3103092908859253,0.5222222208976746,-0.30000001192092896,-0.30000001192092896,-0.30000001192092896,-0.30000001192092896,-0.30000001192092896,-0.30000001192092896,0.30000001192092896,-0.30000001192092896,0.30000001192092896,-0.30000001192092896,-0.29907726952523805
1.2999999523162842,0.48208145321701046,-0.30000001192092896,0.5371134148859253,0.5393162378976746,-0.30000001192092896,-0.30000001192092896,-0.30000001192092896,-0.30000001192092896,-0.30000001192092896,-0.30000001192092896,0.30000001192092896,-0.24605810292092894,0.765188056920929,-0.30000001192092896,-0.29500732052523804
1.2999999523162842,0.5123837772170106,-0.30000001192092896,0.3103092908859253,0.5222222208976746,-0.30000001192092896,-0.30000001192092896,-0.30000001192092896,-0.30000001192092896,-0.30000001192092896,-0.30000001192092896,0.30000001192092896,-0.30000001192092896,0.30000001192092896,-0.30000001192092896,-0.299901104925238
1.2999999523162842,0.3615249722170105,-0.30000001192092896,0.3103092908859253,0.3683760668976746,-0.30000001192092896,-0.28387097992092897,-0.27979799192092897,-0.30000001192092896,-0.30000001192092896,-0.30000001192092896,0.566042792920929,0.554771772079071,1.054287704920929,-0.30000001192092896,-0.23789609952523805
1.2999999523162842,0.5423737802170105,-0.30000001192092896,0.3103092908859253,0.3769230758976746,-0.30000001192092896,-0.30000001192092896,-0.30000001192092896,-0.30000001192092896,-0.30000001192092896,-0.30000001192092896,0.30000001192092896,-0.30000001192092896,0.30000001192092896,-0.30000001192092896,-0.29976139652523803
1.2999999523162842,0.3045730472170105,-0.30000001192092896,0.3103092908859253,0.33418803289767457,-0.30000001192092896,-0.13870968892092894,-0.28989900192092893,-0.30000001192092896,-0.30000001192092896,-0.30000001192092896,1.062032097920929,-0.20041494992092895,0.9026445069209289,-0.30000001192092896,-0.25896500552523805
1.2999999523162842,0.3324331542170105,-0.30000001192092896,0.3103092908859253,0.33418803289767457,-0.30000001192092896,-0.15483872192092896,-0.11818182992092896,-0.30000001192092896,-0.30000001192092896,-0.30000001192092896,0.30000001192092896,-0.30000001192092896,0.30000001192092896,-0.30000001192092896,-0.27549915652523804
1.2999999523162842,0.3924071022170105,-0.30000001192092896,0.3103092908859253,0.34273504189767456,-0.30000001192092896,-0.27580646392092895,-0.26969698192092895,-0.30000001192092896,-0.30000001192092896,-0.30000001192092896,0.42098931692092895,0.45103733207907104,0.766397456920929,-0.30000001192092896,-0.26302120452523803
1.2999999523162842,0.4524037702170105,-0.30000001192092896,0.3103092908859253,0.5222222208976746,-0.30000001192092896,-0.30000001192092896,-0.30000001192092896,-0.30000001192092896,-0.30000001192092896,-0.30000001192092896,0.30000001192092896,-0.30000001192092896,0.30000001192092896,-0.30000001192092896,-0.299507038525238
1.2999999523162842,0.3030317432170105,-0.30000001192092896,0.3103092908859253,0.3769230758976746,-0.30000001192092896,-0.09032259292092895,-0.28989900192092893,-0.30000001192092896,-0.30000001192092896,-0.30000001192092896,1.021256695920929,-0.30000001192092896,0.30000001192092896,-0.30000001192092896,-0.29984034252523806
1.2999999523162842,0.3024237642170105,-0.30000001192092896,0.3618556828859253,0.46239316089767457,-0.30000001192092896,-0.06612904392092894,-0.28989900192092893,-0.30000001192092896,-0.30000001192092896,-0.30000001192092896,1.114171134920929,-0.12572615292092895,0.9747591699209289,-0.30000001192092896,-0.24420182452523803
1.2999999523162842,0.5735755012170105,-0.30000001192092896,0.3103092908859253,0.5222222208976746,-0.30000001192092896,-0.30000001192092896,-0.30000001192092896,-0.30000001192092896,-0.30000001192092896,-0.30000001192092896,0.30000001192092896,-0.30000001192092896,0.30000001192092896,-0.30000001192092896,-0.299900661325238
1.2999999523162842,0.4521008412170105,-0.30000001192092896,0.3103092908859253,0.5222222208976746,-0.30000001192092896,-0.30000001192092896,-0.30000001192092896,-0.30000001192092896,-0.30000001192092896,-0.30000001192092896,0.30000001192092896,-0.30000001192092896,0.30000001192092896,-0.30000001192092896,-0.29923760152523804
1.2999999523162842,0.5129896362170105,-0.30000001192092896,0.3103092908859253,0.5136752128976746,-0.30000001192092896,-0.30000001192092896,-0.30000001192092896,-0.30000001192092896,-0.30000001192092896,-0.30000001192092896,0.30000001192092896,-0.295850633920929,0.973676295920929,-0.30000001192092896,-0.29953919352523806
1.2999999523162842,0.3318079082170105,-0.30000001192092896,0.3103092908859253,0.3598290588976746,-0.30000001192092896,-0.28387097992092897,-0.28989900192092893,-0.30000001192092896,-0.30000001192092896,-0.30000001192092896,0.47112300692092896,0.12323650307907102,0.9747591699209289,-0.30000001192092896,-0.21697909852523803
1.2999999523162842,0.3318103322170105,-0.30000001192092896,0.3103092908859253,0.3256410248976746,-0.30000001192092896,-0.07419355992092896,-0.28989900192092893,-0.30000001192092896,-0.30000001192092896,-0.30000001192092896,1.0887700649209289,-0.30000001192092896,0.30000001192092896,-0.30000001192092896,-0.299843890525238
1.2999999523162842,0.3605886182170105,-0.30000001192092896,0.49587630188592535,0.5393162378976746,-0.30000001192092896,-0.30000001192092896,-0.30000001192092896,-0.30000001192092896,-0.30000001192092896,-0.30000001192092896,0.30000001192092896,-0.24605810292092894,1.088932179920929,-0.30000001192092896,-0.29515656452523803
1.2999999523162842,0.4817624692170105,-0.30000001192092896,0.4237113528859253,0.5393162378976746,-0.30000001192092896,-0.30000001192092896,-0.30000001192092896,-0.30000001192092896,-0.30000001192092896,-0.30000001192092896,0.30000001192092896,-0.24605810292092894,0.572031290920929,-0.30000001192092896,-0.29520623852523803
1.2999999523162842,0.4533125582170105,-0.30000001192092896,0.3103092908859253,0.5051282038976745,-0.30000001192092896,-0.30000001192092896,-0.30000001192092896,-0.30000001192092896,-0.30000001192092896,-0.30000001192092896,0.30000001192092896,-0.295850633920929,0.8156024129209289,-0.30000001192092896,-0.29924824552523804
1.2999999523162842,0.3306155782170105,-0.30000001192092896,0.44432990988592536,0.41965811889767457,-0.30000001192092896,-0.28387097992092897,-0.28989900192092893,-0.30000001192092896,-0.30000001192092896,-0.30000001192092896,0.571390385920929,0.554771772079071,1.014219106920929,-0.30000001192092896,-0.22189616652523803
1.2999999523162842,0.5435764102170105,-0.30000001192092896,0.3103092908859253,0.5222222208976746,-0.30000001192092896,-0.30000001192092896,-0.30000001192092896,-0.30000001192092896,-0.30000001192092896,-0.30000001192092896,0.30000001192092896,-0.30000001192092896,0.30000001192092896,-0.30000001192092896,-0.299113637525238
1.2999999523162842,0.3627366902170105,-0.30000001192092896,0.3103092908859253,0.3256410248976746,-0.30000001192092896,-0.22741936692092896,-0.20909092092092896,-0.30000001192092896,-0.30000001192092896,-0.30000001192092896,0.30000001192092896,-0.30000001192092896,0.30000001192092896,-0.30000001192092896,-0.299855200525238
1.2999999523162842,0.30455487121701047,-0.30000001192092896,0.3103092908859253,0.3256410248976746,-0.30000001192092896,0.19999998807907104,-0.28989900192092893,-0.30000001192092896,-0.30000001192092896,-0.30000001192092896,1.170320867920929,-0.25435685792092894,0.917708219920929,-0.30000001192092896,-0.25134846152523804
1.2999999523162842,0.3911820562170105,-0.30000001192092896,0.4649484668859253,0.41965811889767457,-0.30000001192092896,-0.30000001192092896,-0.30000001192092896,-0.30000001192092896,-0.30000001192092896,-0.30000001192092896,0.30000001192092896,-0.24605810292092894,1.1978775169209288,-0.30000001192092896,-0.294523663525238
1.2999999523162842,0.33271790821701047,-0.30000001192092896,0.3103092908859253,0.3256410248976746,-0.30000001192092896,0.11935482707907102,0.22525251307907102,-0.30000001192092896,-0.30000001192092896,-0.30000001192092896,0.30000001192092896,-0.30000001192092896,0.30000001192092896,-0.30000001192092896,-0.298262969525238
1.2999999523162842,0.5126606542170105,-0.30000001192092896,0.3103092908859253,0.5222222208976746,-0.30000001192092896,-0.30000001192092896,-0.30000001192092896,-0.30000001192092896,-0.30000001192092896,-0.30000001192092896,0.30000001192092896,-0.29170125692092896,0.6983733689209289,-0.30000001192092896,-0.29982371052523804
1.2999999523162842,0.3321408282170105,-0.30000001192092896,0.3103092908859253,0.34273504189767456,-0.30000001192092896,-0.25161291492092897,-0.28989900192092893,-0.30000001192092896,-0.30000001192092896,-0.30000001192092896,0.825401081920929,-0.026141090920928978,1.1082968329209288,-0.30000001192092896,-0.25138771252523806
1.2999999523162842,0.3921208342170105,-0.30000001192092896,0.3103092908859253,0.5222222208976746,-0.30000001192092896,-0.30000001192092896,-0.30000001192092896,-0.30000001192092896,-0.30000001192092896,-0.30000001192092896,0.30000001192092896,-0.30000001192092896,0.30000001192092896,-0.30000001192092896,-0.279170824525238
1.2999999523162842,0.3024237642170105,-0.30000001192092896,0.3103092908859253,0.3512820498976746,-0.30000001192092896,-0.08225807692092896,-0.027272738920928963,-0.30000001192092896,-0.30000001192092896,-0.30000001192092896,0.30000001192092896,-0.30000001192092896,0.30000001192092896,-0.30000001192092896,-0.29984078652523805
1.2999999523162842,0.4212020502170105,-0.30000001192092896,0.3103092908859253,0.5051282038976745,-0.30000001192092896,-0.30000001192092896,-0.30000001192092896,-0.30000001192092896,-0.30000001192092896,-0.30000001192092896,0.30000001192092896,-0.30000001192092896,0.30000001192092896,-0.30000001192092896,-0.299870945525238
1.2999999523162842,0.5132925652170105,-0.30000001192092896,0.3103092908859253,0.5136752128976746,-0.30000001192092896,-0.30000001192092896,-0.30000001192092896,-0.30000001192092896,-0.30000001192092896,-0.30000001192092896,0.30000001192092896,-0.30000001192092896,0.30000001192092896,-0.30000001192092896,-0.29990088312523805
1.2999999523162842,0.3911866002170105,-0.30000001192092896,0.3618556828859253,0.5393162378976746,-0.30000001192092896,-0.30000001192092896,-0.30000001192092896,-0.30000001192092896,-0.30000001192092896,-0.30000001192092896,0.30000001192092896,-0.24605810292092894,0.9164036419209289,-0.30000001192092896,-0.294875595525238
1.2999999523162842,0.3018342632170105,-0.30000001192092896,0.3103092908859253,0.33418803289767457,-0.30000001192092896,-0.13064517292092895,-0.28989900192092893,-0.30000001192092896,-0.30000001192092896,-0.30000001192092896,1.072058835920929,-0.30000001192092896,0.30000001192092896,-0.30000001192092896,-0.29983923452523803
1.2999999523162842,0.3609191142170105,-0.30000001192092896,0.3103092908859253,0.3683760668976746,-0.30000001192092896,-0.25967743092092893,-0.24949496092092896,-0.30000001192092896,-0.30000001192092896,-0.30000001192092896,0.30000001192092896,-0.30000001192092896,0.30000001192092896,-0.30000001192092896,-0.28309596452523805
1.2999999523162842,0.5429796392170105,-0.30000001192092896,0.3103092908859253,0.5222222208976746,-0.30000001192092896,-0.30000001192092896,-0.30000001192092896,-0.30000001192092896,-0.30000001192092896,-0.30000001192092896,0.30000001192092896,-0.2875518789209289,0.9714153699209289,-0.30000001192092896,-0.298813597525238
1.2999999523162842,0.3030577952170105,-0.30000001192092896,0.3103092908859253,0.3170940158976746,-0.30000001192092896,-0.21129033492092897,-0.18888890092092897,-0.30000001192092896,-0.30000001192092896,-0.30000001192092896,0.30000001192092896,-0.30000001192092896,0.30000001192092896,-0.30000001192092896,-0.29983856852523805
1.2999999523162842,0.3015367862170105,-0.30000001192092896,0.3103092908859253,0.3598290588976746,-0.30000001192092896,-0.13870968892092894,-0.09797980992092895,-0.30000001192092896,-0.30000001192092896,-0.30000001192092896,0.30000001192092896,-0.30000001192092896,0.30000001192092896,-0.30000001192092896,-0.29984056452523805
1.2999999523162842,0.3312193172170105,-0.30000001192092896,0.48556702288592535,0.5393162378976746,-0.30000001192092896,-0.21129033492092897,-0.28989900192092893,-0.30000001192092896,-0.30000001192092896,-0.30000001192092896,0.30000001192092896,-0.30000001192092896,0.30000001192092896,-0.30000001192092896,-0.299394828525238
1.2999999523162842,0.3912120462170105,-0.30000001192092896,0.3103092908859253,0.33418803289767457,-0.30000001192092896,-0.22741936692092896,-0.28989900192092893,-0.30000001192092896,-0.30000001192092896,-0.30000001192092896,0.919652417920929,-0.30000001192092896,0.30000001192092896,-0.30000001192092896,-0.29986185352523803
1.2999999523162842,0.3912120462170105,-0.30000001192092896,0.3103092908859253,0.5136752128976746,-0.30000001192092896,-0.30000001192092896,-0.30000001192092896,-0.30000001192092896,-0.30000001192092896,-0.30000001192092896,0.30000001192092896,-0.30000001192092896,0.30000001192092896,-0.30000001192092896,-0.299507260525238
1.2999999523162842,0.5738784302170106,-0.30000001192092896,0.3103092908859253,0.5136752128976746,-0.30000001192092896,-0.30000001192092896,-0.30000001192092896,-0.30000001192092896,-0.30000001192092896,-0.30000001192092896,0.30000001192092896,-0.30000001192092896,0.30000001192092896,-0.30000001192092896,-0.29990088312523805
1.2999999523162842,0.5726667132170105,-0.30000001192092896,0.3103092908859253,0.3769230758976746,-0.30000001192092896,-0.30000001192092896,-0.30000001192092896,-0.30000001192092896,-0.30000001192092896,-0.30000001192092896,0.30000001192092896,-0.30000001192092896,0.30000001192092896,-0.30000001192092896,-0.29990465302523805
1.2999999523162842,0.3915149762170105,-0.30000001192092896,0.3103092908859253,0.5051282038976745,-0.30000001192092896,-0.30000001192092896,-0.30000001192092896,-0.30000001192092896,-0.30000001192092896,-0.30000001192092896,0.30000001192092896,-0.30000001192092896,0.30000001192092896,-0.30000001192092896,-0.29990088312523805
1.2999999523162842,0.3618130582170105,-0.30000001192092896,0.4752577448859253,0.5393162378976746,-0.30000001192092896,-0.30000001192092896,-0.30000001192092896,0.699999988079071,-0.30000001192092896,-0.30000001192092896,0.30000001192092896,-0.24605810292092894,0.828261539920929,-0.30000001192092896,-0.281050456525238
1.2999999523162842,0.6335555082170106,-0.30000001192092896,0.3103092908859253,0.3769230758976746,-0.30000001192092896,-0.30000001192092896,-0.30000001192092896,-0.30000001192092896,-0.30000001192092896,-0.30000001192092896,0.30000001192092896,-0.29170125692092896,0.721907532920929,-0.30000001192092896,-0.299605721525238
1.2999999523162842,0.3042580012170105,-0.30000001192092896,0.3103092908859253,0.3170940158976746,-0.30000001192092896,0.15161289107907105,0.26565655407907107,-0.30000001192092896,-0.30000001192092896,-0.30000001192092896,0.30000001192092896,-0.30000001192092896,0.30000001192092896,-0.30000001192092896,-0.29983923452523803
1.2999999523162842,0.5738784302170106,-0.30000001192092896,0.3103092908859253,0.5222222208976746,-0.30000001192092896,-0.30000001192092896,-0.30000001192092896,-0.30000001192092896,-0.30000001192092896,-0.30000001192092896,0.30000001192092896,-0.295850633920929,0.9188818659209289,-0.30000001192092896,-0.29965029552523803
1.2999999523162842,0.4236218492170105,-0.30000001192092896,0.3103092908859253,0.5222222208976746,-0.30000001192092896,-0.30000001192092896,-0.30000001192092896,-0.30000001192092896,-0.30000001192092896,-0.30000001192092896,0.30000001192092896,-0.295850633920929,1.1335675959209288,-0.30000001192092896,-0.29951768352523805
1.2999999523162842,0.3312135612170105,-0.30000001192092896,0.4030927968859253,0.4538461528976746,-0.30000001192092896,-0.30000001192092896,-0.30000001192092896,-0.30000001192092896,-0.30000001192092896,-0.30000001192092896,0.30000001192092896,-0.24605810292092894,0.7712671929209289,-0.30000001192092896,-0.271420559525238
1.2999999523162842,0.3918179052170105,-0.30000001192092896,0.3103092908859253,0.41965811889767457,-0.30000001192092896,-0.25967743092092893,-0.28989900192092893,-0.30000001192092896,-0.30000001192092896,-0.30000001192092896,0.7131016159209289,-0.30000001192092896,0.30000001192092896,-0.30000001192092896,-0.25417500552523803
1.2999999523162842,0.4224137672170105,-0.30000001192092896,0.3103092908859253,0.5222222208976746,-0.30000001192092896,-0.30000001192092896,-0.30000001192092896,-0.30000001192092896,-0.30000001192092896,-0.30000001192092896,0.30000001192092896,-0.30000001192092896,0.30000001192092896,-0.30000001192092896,-0.29939970752523803
1.2999999523162842,0.3021414332170105,-0.30000001192092896,0.4546391878859253,0.5393162378976746,-0.30000001192092896,-0.30000001192092896,-0.30000001192092896,0.699999988079071,-0.30000001192092896,-0.30000001192092896,0.30000001192092896,-0.24605810292092894,0.765188056920929,-0.30000001192092896,-0.272737587525238
1.2999999523162842,0.3033498182170105,-0.30000001192092896,0.3103092908859253,0.3769230758976746,-0.30000001192092896,-0.05806452792092895,-0.28989900192092893,-0.30000001192092896,-0.30000001192092896,-0.30000001192092896,1.080748674920929,-0.22946059292092896,1.020383467920929,-0.30000001192092896,-0.25142585552523805
1.2999999523162842,0.48208145321701046,-0.30000001192092896,0.5164948578859253,0.5393162378976746,-0.30000001192092896,-0.30000001192092896,-0.30000001192092896,-0.30000001192092896,-0.30000001192092896,-0.30000001192092896,0.30000001192092896,-0.24605810292092894,0.765188056920929,-0.30000001192092896,-0.29515057752523804
1.2999999523162842,0.5123837772170106,-0.30000001192092896,0.3103092908859253,0.5222222208976746,-0.30000001192092896,-0.30000001192092896,-0.30000001192092896,-0.30000001192092896,-0.30000001192092896,-0.30000001192092896,0.30000001192092896,-0.30000001192092896,0.30000001192092896,-0.30000001192092896,-0.299901104925238
1.2999999523162842,0.3936209402170105,-0.30000001192092896,0.3103092908859253,0.5136752128976746,-0.30000001192092896,-0.30000001192092896,-0.30000001192092896,-0.30000001192092896,-0.30000001192092896,-0.30000001192092896,0.30000001192092896,-0.295850633920929,1.037685921920929,-0.30000001192092896,-0.29895774052523805
1.2999999523162842,0.3306261812170105,-0.30000001192092896,0.3103092908859253,0.2999999988976746,-0.30000001192092896,-0.30000001192092896,-0.30000001192092896,-0.30000001192092896,-0.30000001192092896,-0.30000001192092896,0.30000001192092896,-0.295850633920929,1.018495879920929,-0.30000001192092896,-0.292828979525238
1.2999999523162842,0.3018227522170105,-0.30000001192092896,0.3103092908859253,0.3170940158976746,-0.30000001192092896,-0.13064517292092895,-0.08787879992092895,-0.30000001192092896,-0.30000001192092896,-0.30000001192092896,0.30000001192092896,-0.30000001192092896,0.30000001192092896,-0.30000001192092896,-0.29983923452523803
1.2999999523162842,0.3024537542170105,-0.30000001192092896,0.3103092908859253,0.3683760668976746,-0.30000001192092896,-0.16290323792092895,-0.28989900192092893,-0.30000001192092896,-0.30000001192092896,-0.30000001192092896,1.013235305920929,-0.18796681692092895,1.1082968329209288,-0.30000001192092896,-0.25134646552523804
0.2999999523162842,0.3003078022170105,-0.09841169492092897,0.3000000128859253,0.3512820498976746,0.699999988079071,-0.30000001192092896,-0.30000001192092896,0.699999988079071,-0.22929294092092894,-0.21701245992092894,0.30000001192092896,-0.30000001192092896,0.30000001192092896,0.033333321079071054,-0.299091461525238
1.2999999523162842,0.48266913621701046,-0.30000001192092896,0.3103092908859253,0.5136752128976746,-0.30000001192092896,-0.30000001192092896,-0.30000001192092896,-0.30000001192092896,-0.30000001192092896,-0.30000001192092896,0.30000001192092896,-0.30000001192092896,0.30000001192092896,-0.30000001192092896,-0.299901104925238
1.2999999523162842,0.3030296222170105,-0.30000001192092896,0.3103092908859253,0.3512820498976746,-0.30000001192092896,-0.26774194692092895,-0.259595971920929,-0.30000001192092896,-0.30000001192092896,-0.30000001192092896,0.30000001192092896,-0.30000001192092896,0.30000001192092896,-0.30000001192092896,-0.29984566552523806
1.2999999523162842,0.4236254842170105,-0.30000001192092896,0.3103092908859253,0.5136752128976746,-0.30000001192092896,-0.30000001192092896,-0.30000001192092896,-0.30000001192092896,-0.30000001192092896,-0.30000001192092896,0.30000001192092896,-0.295850633920929,1.0270663139209288,-0.30000001192092896,-0.29892159452523803
1.2999999523162842,0.4833025622170105,-0.30000001192092896,0.3103092908859253,0.5222222208976746,-0.30000001192092896,-0.30000001192092896,-0.30000001192092896,-0.30000001192092896,-0.30000001192092896,-0.30000001192092896,0.30000001192092896,-0.30000001192092896,0.30000001192092896,-0.30000001192092896,-0.29990088312523805
1.2999999523162842,0.3920920562170105,-0.30000001192092896,0.3103092908859253,0.5136752128976746,-0.30000001192092896,-0.30000001192092896,-0.30000001192092896,-0.30000001192092896,-0.30000001192092896,-0.30000001192092896,0.30000001192092896,-0.30000001192092896,0.30000001192092896,-0.30000001192092896,-0.299870723525238
1.2999999523162842,0.3039608272170105,-0.30000001192092896,0.3103092908859253,0.3085470078976746,-0.30000001192092896,0.15161289107907105,0.26565655407907107,-0.30000001192092896,-0.30000001192092896,-0.30000001192092896,0.30000001192092896,-0.30000001192092896,0.30000001192092896,-0.30000001192092896,-0.25469148252523804
1.2999999523162842,0.48239377421701046,-0.30000001192092896,0.3103092908859253,0.5222222208976746,-0.30000001192092896,-0.30000001192092896,-0.30000001192092896,-0.30000001192092896,-0.30000001192092896,-0.30000001192092896,0.30000001192092896,-0.30000001192092896,0.30000001192092896,-0.30000001192092896,-0.29943541052523803
1.2999999523162842,0.45146499221701053,-0.30000001192092896,0.4546391878859253,0.5393162378976746,-0.30000001192092896,-0.30000001192092896,-0.30000001192092896,-0.30000001192092896,-0.30000001192092896,-0.30000001192092896,0.30000001192092896,-0.24605810292092894,1.1978775169209288,-0.30000001192092896,-0.29453142552523803
1.2999999523162842,0.3605907382170105,-0.30000001192092896,0.3103092908859253,0.3512820498976746,-0.30000001192092896,-0.22741936692092896,-0.20909092092092896,-0.30000001192092896,-0.30000001192092896,-0.30000001192092896,0.30000001192092896,-0.30000001192092896,0.30000001192092896,-0.30000001192092896,-0.29985475752523805
1.2999999523162842,0.42180790821701053,-0.30000001192092896,0.3103092908859253,0.5222222208976746,-0.30000001192092896,-0.30000001192092896,-0.30000001192092896,0.699999988079071,-0.30000001192092896,-0.30000001192092896,0.30000001192092896,-0.30000001192092896,0.30000001192092896,-0.30000001192092896,-0.299870723525238
1.2999999523162842,0.3306198192170105,-0.30000001192092896,0.3103092908859253,0.3940170928976746,-0.30000001192092896,-0.30000001192092896,-0.30000001192092896,-0.30000001192092896,-0.30000001192092896,-0.30000001192092896,0.30000001192092896,-0.2875518789209289,0.8365443559209289,-0.30000001192092896,-0.26210046052523805
1.2999999523162842,0.4221108382170105,-0.30000001192092896,0.3103092908859253,0.5222222208976746,-0.30000001192092896,-0.30000001192092896,-0.30000001192092896,-0.30000001192092896,-0.30000001192092896,-0.30000001192092896,0.30000001192092896,-0.30000001192092896,0.30000001192092896,-0.30000001192092896,-0.296775407525238
1.2999999523162842,0.3324267932170105,-0.30000001192092896,0.5268041368859253,0.3512820498976746,-0.30000001192092896,-0.28387097992092897,-0.28989900192092893,-0.30000001192092896,-0.30000001192092896,-0.30000001192092896,0.5747326319209289,0.554771772079071,0.920659170920929,-0.30000001192092896,-0.21800761752523803
1.2999999523162842,0.4221108382170105,-0.30000001192092896,0.3103092908859253,0.3940170928976746,-0.30000001192092896,-0.28387097992092897,-0.28989900192092893,-0.30000001192092896,-0.30000001192092896,-0.30000001192092896,0.575401081920929,0.15643152307907104,1.112000005920929,-0.30000001192092896,-0.260943098525238
1.2999999523162842,0.45149498221701045,-0.30000001192092896,0.3103092908859253,0.5136752128976746,-0.30000001192092896,-0.30000001192092896,-0.30000001192092896,-0.30000001192092896,-0.30000001192092896,-0.30000001192092896,0.30000001192092896,-0.30000001192092896,0.30000001192092896,-0.30000001192092896,-0.299901104925238
1.2999999523162842,0.3000145668170105,-0.30000001192092896,0.3103092908859253,0.2999999988976746,-0.30000001192092896,-0.19516130192092895,-0.16868688092092896,-0.30000001192092896,-0.30000001192092896,-0.30000001192092896,0.30000001192092896,-0.30000001192092896,0.30000001192092896,-0.30000001192092896,-0.299949448425238
1.2999999523162842,0.5729696422170105,-0.30000001192092896,0.3103092908859253,0.5307692298976746,-0.30000001192092896,-0.30000001192092896,-0.30000001192092896,-0.30000001192092896,-0.30000001192092896,-0.30000001192092896,0.30000001192092896,-0.30000001192092896,0.30000001192092896,-0.30000001192092896,-0.29990132662523805
1.2999999523162842,0.6332513662170105,-0.30000001192092896,0.3103092908859253,0.3769230758976746,-0.30000001192092896,-0.30000001192092896,-0.30000001192092896,-0.30000001192092896,-0.30000001192092896,-0.30000001192092896,0.30000001192092896,-0.295850633920929,0.9026445069209289,-0.30000001192092896,-0.299845221525238
1.2999999523162842,0.4523819592170105,-0.30000001192092896,0.3103092908859253,0.5222222208976746,-0.30000001192092896,-0.30000001192092896,-0.30000001192092896,-0.30000001192092896,-0.30000001192092896,-0.30000001192092896,0.30000001192092896,-0.29170125692092896,0.927516626920929,-0.30000001192092896,-0.29898169052523804
1.2999999523162842,0.5738784302170106,-0.30000001192092896,0.3103092908859253,0.5136752128976746,-0.30000001192092896,-0.30000001192092896,-0.30000001192092896,-0.30000001192092896,-0.30000001192092896,-0.30000001192092896,0.30000001192092896,-0.30000001192092896,0.30000001192092896,-0.30000001192092896,-0.29896905052523803
1.2999999523162842,0.5126867062170105,-0.30000001192092896,0.3103092908859253,0.5051282038976745,-0.30000001192092896,-0.30000001192092896,-0.30000001192092896,-0.30000001192092896,-0.30000001192092896,-0.30000001192092896,0.30000001192092896,-0.30000001192092896,0.30000001192092896,-0.30000001192092896,-0.29922074752523803
1.2999999523162842,0.4214746862170105,-0.30000001192092896,0.3103092908859253,0.3683760668976746,-0.30000001192092896,-0.29193549592092893,-0.28989900192092893,-0.30000001192092896,-0.30000001192092896,-0.30000001192092896,0.4610962689209289,0.699999988079071,0.944194374920929,-0.30000001192092896,-0.25797418552523804
1.2999999523162842,0.42180790821701053,-0.30000001192092896,0.3103092908859253,0.5136752128976746,-0.30000001192092896,-0.30000001192092896,-0.30000001192092896,-0.30000001192092896,-0.30000001192092896,-0.30000001192092896,0.30000001192092896,-0.30000001192092896,0.30000001192092896,-0.30000001192092896,-0.299870945525238
1.2999999523162842,0.3321408282170105,-0.30000001192092896,0.3103092908859253,0.3683760668976746,-0.30000001192092896,-0.21129033492092897,-0.28989900192092893,-0.30000001192092896,-0.30000001192092896,-0.30000001192092896,0.952406428920929,-0.11742739792092896,1.124763670920929,-0.30000001192092896,-0.24839396252523804
1.2999999523162842,0.3609115402170105,-0.30000001192092896,0.49587630188592535,0.5393162378976746,-0.30000001192092896,-0.30000001192092896,-0.30000001192092896,-0.30000001192092896,-0.30000001192092896,-0.30000001192092896,0.30000001192092896,-0.24605810292092894,0.9714153699209289,-0.30000001192092896,-0.22591089652523805
1.2999999523162842,0.3027269962170105,-0.30000001192092896,0.3103092908859253,0.3170940158976746,-0.30000001192092896,-0.11451614092092896,-0.28989900192092893,-0.30000001192092896,-0.30000001192092896,-0.30000001192092896,1.084090920920929,-0.19626557192092897,0.831649561920929,-0.30000001192092896,-0.252887914525238
1.2999999523162842,0.9061919012170105,-0.30000001192092896,0.3103092908859253,0.3769230758976746,-0.30000001192092896,-0.30000001192092896,-0.30000001192092896,-0.30000001192092896,-0.30000001192092896,-0.30000001192092896,0.30000001192092896,-0.30000001192092896,0.30000001192092896,-0.30000001192092896,-0.299833246525238
1.2999999523162842,0.45149498221701045,-0.30000001192092896,0.3103092908859253,0.5222222208976746,-0.30000001192092896,-0.30000001192092896,-0.30000001192092896,-0.30000001192092896,-0.30000001192092896,-0.30000001192092896,0.30000001192092896,-0.295850633920929,0.981370357920929,-0.30000001192092896,-0.29889476152523803
1.2999999523162842,0.4521008412170105,-0.30000001192092896,0.3103092908859253,0.5136752128976746,-0.30000001192092896,-0.30000001192092896,-0.30000001192092896,-0.30000001192092896,-0.30000001192092896,-0.30000001192092896,0.30000001192092896,-0.30000001192092896,0.30000001192092896,-0.30000001192092896,-0.299042009525238
1.2999999523162842,0.3351595182170105,-0.30000001192092896,0.3103092908859253,0.34273504189767456,-0.30000001192092896,-0.21129033492092897,-0.18888890092092897,-0.30000001192092896,-0.30000001192092896,-0.30000001192092896,0.30000001192092896,-0.30000001192092896,0.30000001192092896,-0.30000001192092896,-0.286256699525238
1.2999999523162842,0.3015149762170105,-0.30000001192092896,0.3103092908859253,0.34273504189767456,-0.30000001192092896,-0.15483872192092896,-0.28989900192092893,-0.30000001192092896,-0.30000001192092896,-0.30000001192092896,1.0459893169209291,-0.30000001192092896,0.30000001192092896,-0.30000001192092896,-0.29984034252523806
1.2999999523162842,0.4517979122170105,-0.30000001192092896,0.3103092908859253,0.3769230758976746,-0.30000001192092896,-0.30000001192092896,-0.30000001192092896,-0.30000001192092896,-0.30000001192092896,-0.30000001192092896,0.30000001192092896,-0.27510374592092895,0.9164036419209289,-0.30000001192092896,-0.29923804452523806
1.2999999523162842,0.3911993232170105,-0.30000001192092896,0.3103092908859253,0.3598290588976746,-0.30000001192092896,-0.17903226992092897,-0.14848485992092897,-0.30000001192092896,-0.30000001192092896,-0.30000001192092896,0.30000001192092896,-0.30000001192092896,0.30000001192092896,-0.30000001192092896,-0.299863184525238
1.2999999523162842,0.3342552742170105,-0.30000001192092896,0.3103092908859253,0.34273504189767456,-0.30000001192092896,-0.21935485092092893,-0.28989900192092893,-0.30000001192092896,-0.30000001192092896,-0.30000001192092896,0.9417112419209289,-0.30000001192092896,0.30000001192092896,-0.30000001192092896,-0.299846108525238
1.2999999523162842,0.45149498221701045,-0.30000001192092896,0.3103092908859253,0.5136752128976746,-0.30000001192092896,-0.30000001192092896,-0.30000001192092896,-0.30000001192092896,-0.30000001192092896,-0.30000001192092896,0.30000001192092896,-0.29170125692092896,0.8156024129209289,-0.30000001192092896,-0.299393719525238
1.2999999523162842,0.3633425482170105,-0.30000001192092896,0.3103092908859253,0.38547008389767456,-0.30000001192092896,-0.27580646392092895,-0.28989900192092893,-0.30000001192092896,-0.30000001192092896,-0.30000001192092896,0.6629679259209289,-0.30000001192092896,0.30000001192092896,-0.30000001192092896,-0.252819168525238
1.2999999523162842,0.3012420362170105,-0.30000001192092896,0.3103092908859253,0.3512820498976746,-0.30000001192092896,-0.29193549592092893,-0.28989900192092893,-0.30000001192092896,-0.30000001192092896,-0.30000001192092896,0.4610962689209289,0.13983401307907106,0.920659170920929,-0.30000001192092896,-0.269216050525238
1.2999999523162842,0.3321105352170105,-0.30000001192092896,0.3103092908859253,0.3683760668976746,-0.30000001192092896,-0.25967743092092893,-0.24949496092092896,-0.30000001192092896,-0.30000001192092896,-0.30000001192092896,0.30000001192092896,-0.30000001192092896,0.30000001192092896,-0.30000001192092896,-0.29983856852523805
1.2999999523162842,0.4817879152170105,-0.30000001192092896,0.3103092908859253,0.5222222208976746,-0.30000001192092896,-0.30000001192092896,-0.30000001192092896,-0.30000001192092896,-0.30000001192092896,-0.30000001192092896,0.30000001192092896,-0.30000001192092896,0.30000001192092896,-0.30000001192092896,-0.299900661325238
1.2999999523162842,0.3918091202170105,-0.30000001192092896,0.3103092908859253,0.3512820498976746,-0.30000001192092896,-0.28387097992092897,-0.27979799192092897,-0.30000001192092896,-0.30000001192092896,-0.30000001192092896,0.30000001192092896,-0.30000001192092896,0.30000001192092896,-0.30000001192092896,-0.299862075525238
1.2999999523162842,0.3012262842170105,-0.30000001192092896,0.3103092908859253,0.3512820498976746,-0.30000001192092896,-0.001612914920928965,-0.28989900192092893,-0.30000001192092896,-0.30000001192092896,-0.30000001192092896,1.1409091029209288,-0.20871370492092894,0.8997136619209289,-0.30000001192092896,-0.250915365525238
1.2999999523162842,0.3918079082170105,-0.30000001192092896,0.3103092908859253,0.5136752128976746,-0.30000001192092896,-0.30000001192092896,-0.30000001192092896,-0.30000001192092896,-0.30000001192092896,-0.30000001192092896,0.30000001192092896,-0.295850633920929,1.092871814920929,-0.30000001192092896,-0.299502381525238
1.2999999523162842,0.8153094682170104,-0.30000001192092896,0.3103092908859253,0.3769230758976746,-0.30000001192092896,-0.30000001192092896,-0.30000001192092896,-0.30000001192092896,-0.30000001192092896,-0.30000001192092896,0.30000001192092896,-0.30000001192092896,0.30000001192092896,-0.30000001192092896,-0.29990487482523803
1.2999999523162842,0.3039487102170105,-0.30000001192092896,0.3103092908859253,0.33418803289767457,-0.30000001192092896,-0.10645162492092897,-0.28989900192092893,-0.30000001192092896,-0.30000001192092896,-0.30000001192092896,1.086096268920929,-0.30000001192092896,0.30000001192092896,-0.30000001192092896,-0.29983989952523804
1.2999999523162842,0.3018397162170105,-0.30000001192092896,0.5164948578859253,0.3512820498976746,-0.30000001192092896,-0.22741936692092896,-0.28989900192092893,-0.30000001192092896,-0.30000001192092896,-0.30000001192092896,0.825401081920929,0.24356845307907105,0.973676295920929,-0.30000001192092896,-0.23438187952523803
1.2999999523162842,0.3000194137170105,-0.30000001192092896,0.3103092908859253,0.2999999988976746,-0.30000001192092896,-0.24354839892092894,-0.28989900192092893,-0.30000001192092896,-0.30000001192092896,-0.30000001192092896,0.861497337920929,-0.30000001192092896,0.30000001192092896,-0.30000001192092896,-0.29994967012523804
1.2999999523162842,0.5432825682170105,-0.30000001192092896,0.3103092908859253,0.5222222208976746,-0.30000001192092896,-0.30000001192092896,-0.30000001192092896,-0.30000001192092896,-0.30000001192092896,-0.30000001192092896,0.30000001192092896,-0.29170125692092896,0.828261539920929,-0.30000001192092896,-0.29942010852523804
1.2999999523162842,0.4527067002170105,-0.30000001192092896,0.3103092908859253,0.5136752128976746,-0.30000001192092896,-0.30000001192092896,-0.30000001192092896,-0.30000001192092896,-0.30000001192092896,-0.30000001192092896,0.30000001192092896,-0.29170125692092896,1.0151738689209289,-0.30000001192092896,-0.29928683152523805
1.2999999523162842,0.3921208342170105,-0.30000001192092896,0.3103092908859253,0.5222222208976746,-0.30000001192092896,-0.30000001192092896,-0.30000001192092896,-0.30000001192092896,-0.30000001192092896,-0.30000001192092896,0.30000001192092896,-0.30000001192092896,0.30000001192092896,-0.30000001192092896,-0.29987050252523806
1.2999999523162842,0.36061618421701047,-0.30000001192092896,0.3103092908859253,0.34273504189767456,-0.30000001192092896,-0.22741936692092896,-0.20909092092092896,-0.30000001192092896,-0.30000001192092896,-0.30000001192092896,0.30000001192092896,-0.30000001192092896,0.30000001192092896,-0.30000001192092896,-0.292473942525238
1.2999999523162842,0.3036597152170105,-0.30000001192092896,0.3103092908859253,0.3512820498976746,-0.30000001192092896,-0.26774194692092895,-0.28989900192092893,-0.30000001192092896,-0.30000001192092896,-0.30000001192092896,0.7278074989209289,0.04439832807907107,1.0881057259209288,-0.30000001192092896,-0.24584040452523803
1.2999999523162842,0.3006198192170105,-0.30000001192092896,0.3103092908859253,0.3512820498976746,-0.30000001192092896,-0.16290323792092895,-0.12828283992092895,-0.30000001192092896,-0.30000001192092896,-0.30000001192092896,0.30000001192092896,-0.30000001192092896,0.30000001192092896,-0.30000001192092896,-0.29983967752523805
1.2999999523162842,0.4224137672170105,-0.30000001192092896,0.3103092908859253,0.5222222208976746,-0.30000001192092896,-0.30000001192092896,-0.30000001192092896,-0.30000001192092896,-0.30000001192092896,-0.30000001192092896,0.30000001192092896,-0.2875518789209289,1.067763975920929,-0.30000001192092896,-0.28968687252523806
1.2999999523162842,0.4826921592170105,-0.30000001192092896,0.3103092908859253,0.5051282038976745,-0.30000001192092896,-0.30000001192092896,-0.30000001192092896,-0.30000001192092896,-0.30000001192092896,-0.30000001192092896,0.30000001192092896,-0.30000001192092896,0.30000001192092896,-0.30000001192092896,-0.299900217825238
1.2999999523162842,0.3615249722170105,-0.30000001192092896,0.3103092908859253,0.34273504189767456,-0.30000001192092896,-0.25161291492092897,-0.23939395092092897,-0.30000001192092896,-0.30000001192092896,-0.30000001192092896,0.30000001192092896,-0.30000001192092896,0.30000001192092896,-0.30000001192092896,-0.29986052252523804
1.2999999523162842,0.5735755012170105,-0.30000001192092896,0.3103092908859253,0.5222222208976746,-0.30000001192092896,-0.30000001192092896,-0.30000001192092896,-0.30000001192092896,-0.30000001192092896,-0.30000001192092896,0.30000001192092896,-0.30000001192092896,0.30000001192092896,-0.30000001192092896,-0.299901104925238
1.2999999523162842,0.3330281082170105,-0.30000001192092896,0.3103092908859253,0.3256410248976746,-0.30000001192092896,-0.08225807692092896,-0.28989900192092893,-0.30000001192092896,-0.30000001192092896,-0.30000001192092896,1.112165786920929,-0.30000001192092896,0.30000001192092896,-0.30000001192092896,-0.24988484952523804
1.2999999523162842,0.3921044762170105,-0.30000001192092896,0.3103092908859253,0.3769230758976746,-0.30000001192092896,-0.29193549592092893,-0.28989900192092893,-0.30000001192092896,-0.30000001192092896,-0.30000001192092896,0.4610962689209289,0.11493774707907106,0.798222310920929,-0.30000001192092896,-0.21118474952523802
1.2999999523162842,0.5426767102170105,-0.30000001192092896,0.3103092908859253,0.5222222208976746,-0.30000001192092896,-0.30000001192092896,-0.30000001192092896,-0.30000001192092896,-0.30000001192092896,-0.30000001192092896,0.30000001192092896,-0.295850633920929,1.0270663139209288,-0.30000001192092896,-0.299364003525238
1.2999999523162842,0.42180790821701053,-0.30000001192092896,0.3103092908859253,0.5222222208976746,-0.30000001192092896,-0.30000001192092896,-0.30000001192092896,-0.30000001192092896,-0.30000001192092896,-0.30000001192092896,0.30000001192092896,-0.30000001192092896,0.30000001192092896,-0.30000001192092896,-0.29990088312523805
1.2999999523162842,0.3615040702170105,-0.30000001192092896,0.48556702288592535,0.5307692298976746,-0.30000001192092896,-0.30000001192092896,-0.30000001192092896,-0.30000001192092896,-0.30000001192092896,-0.30000001192092896,0.30000001192092896,-0.24605810292092894,1.173585533920929,-0.30000001192092896,-0.25988331052523805
1.2999999523162842,0.6032625752170104,-0.30000001192092896,0.3103092908859253,0.5222222208976746,-0.30000001192092896,-0.30000001192092896,-0.30000001192092896,-0.30000001192092896,-0.30000001192092896,-0.30000001192092896,0.30000001192092896,-0.29170125692092896,0.798222310920929,-0.30000001192092896,-0.299203006525238
1.2999999523162842,0.3621302252170105,-0.30000001192092896,0.4237113528859253,0.5393162378976746,-0.30000001192092896,-0.30000001192092896,-0.30000001192092896,-0.30000001192092896,-0.30000001192092896,-0.30000001192092896,0.30000001192092896,-0.24605810292092894,0.927652313920929,-0.30000001192092896,-0.275781012525238
1.2999999523162842,0.7244343052170106,-0.30000001192092896,0.3103092908859253,0.3769230758976746,-0.30000001192092896,-0.30000001192092896,-0.30000001192092896,-0.30000001192092896,-0.30000001192092896,-0.30000001192092896,0.30000001192092896,-0.30000001192092896,0.30000001192092896,-0.30000001192092896,-0.29979709952523803
1.2999999523162842,0.3621308312170105,-0.30000001192092896,0.3103092908859253,0.3598290588976746,-0.30000001192092896,-0.21935485092092893,-0.28989900192092893,-0.30000001192092896,-0.30000001192092896,-0.30000001192092896,0.9417112419209289,-0.10912864292092894,0.976949329920929,-0.30000001192092896,-0.24993918052523803
1.2999999523162842,0.5726667132170105,-0.30000001192092896,0.3103092908859253,0.5222222208976746,-0.30000001192092896,-0.30000001192092896,-0.30000001192092896,-0.30000001192092896,-0.30000001192092896,-0.30000001192092896,0.30000001192092896,-0.30000001192092896,0.30000001192092896,-0.30000001192092896,-0.299315216525238
1.2999999523162842,0.42150497921701047,-0.30000001192092896,0.3103092908859253,0.5136752128976746,-0.30000001192092896,-0.29193549592092893,-0.28989900192092893,-0.30000001192092896,-0.30000001192092896,-0.30000001192092896,0.4610962689209289,-0.30000001192092896,0.30000001192092896,-0.30000001192092896,-0.28958087152523804
1.2999999523162842,0.3912008382170105,-0.30000001192092896,0.4649484668859253,0.5136752128976746,-0.30000001192092896,-0.30000001192092896,-0.30000001192092896,-0.30000001192092896,-0.30000001192092896,-0.30000001192092896,0.30000001192092896,-0.24605810292092894,0.913875549920929,-0.30000001192092896,-0.29485231152523805
1.2999999523162842,0.3012241632170105,-0.30000001192092896,0.3103092908859253,0.3683760668976746,-0.30000001192092896,-0.17096775392092894,-0.13838384992092895,-0.30000001192092896,-0.30000001192092896,-0.30000001192092896,0.30000001192092896,-0.30000001192092896,0.30000001192092896,-0.30000001192092896,-0.29983790352523804
1.2999999523162842,0.4239284142170105,-0.30000001192092896,0.3103092908859253,0.5307692298976746,-0.30000001192092896,-0.30000001192092896,-0.30000001192092896,-0.30000001192092896,-0.30000001192092896,-0.30000001192092896,0.30000001192092896,-0.30000001192092896,0.30000001192092896,-0.30000001192092896,-0.29989755652523803
1.2999999523162842,0.8152900812170105,-0.30000001192092896,0.3103092908859253,0.3769230758976746,-0.30000001192092896,-0.30000001192092896,-0.30000001192092896,-0.30000001192092896,-0.30000001192092896,-0.30000001192092896,0.30000001192092896,-0.30000001192092896,0.30000001192092896,-0.30000001192092896,-0.29972591552523803
1.2999999523162842,0.4517882182170105,-0.30000001192092896,0.3103092908859253,0.5222222208976746,-0.30000001192092896,-0.30000001192092896,-0.30000001192092896,-0.30000001192092896,-0.30000001192092896,-0.30000001192092896,0.30000001192092896,-0.30000001192092896,0.30000001192092896,-0.30000001192092896,-0.29918349152523804
1.2999999523162842,0.4211720602170105,-0.30000001192092896,0.7432989818859252,0.2999999988976746,-0.30000001192092896,-0.30000001192092896,-0.30000001192092896,-0.30000001192092896,-0.30000001192092896,-0.30000001192092896,0.30000001192092896,-0.24605810292092894,1.1978775169209288,-0.30000001192092896,-0.294442056525238
1.2999999523162842,0.3333461832170105,-0.30000001192092896,0.3103092908859253,0.33418803289767457,-0.30000001192092896,0.022580633079071044,0.10404039207907106,-0.30000001192092896,-0.30000001192092896,-0.30000001192092896,0.30000001192092896,-0.30000001192092896,0.30000001192092896,-0.30000001192092896,-0.287563748525238
1.2999999523162842,0.4521008412170105,-0.30000001192092896,0.3103092908859253,0.5222222208976746,-0.30000001192092896,-0.30000001192092896,-0.30000001192092896,-0.30000001192092896,-0.30000001192092896,-0.30000001192092896,0.30000001192092896,-0.30000001192092896,0.30000001192092896,-0.30000001192092896,-0.299900217825238
1.2999999523162842,0.4817603482170105,-0.30000001192092896,0.7845360948859252,0.4538461528976746,-0.30000001192092896,-0.30000001192092896,-0.30000001192092896,-0.30000001192092896,-0.30000001192092896,-0.30000001192092896,0.30000001192092896,-0.24605810292092894,1.088932179920929,-0.30000001192092896,-0.295083606525238
1.2999999523162842,0.4517979122170105,-0.30000001192092896,0.3103092908859253,0.3769230758976746,-0.30000001192092896,-0.30000001192092896,-0.30000001192092896,-0.30000001192092896,-0.30000001192092896,-0.30000001192092896,0.30000001192092896,-0.30000001192092896,0.30000001192092896,-0.30000001192092896,-0.29965384352523805
1.2999999523162842,0.3318212372170105,-0.30000001192092896,0.3103092908859253,0.3769230758976746,-0.30000001192092896,-0.30000001192092896,-0.30000001192092896,-0.30000001192092896,-0.30000001192092896,-0.30000001192092896,0.30000001192092896,-0.30000001192092896,0.30000001192092896,-0.30000001192092896,-0.299870280525238
1.2999999523162842,0.3342413402170105,-0.30000001192092896,0.3103092908859253,0.33418803289767457,-0.30000001192092896,-0.03387097992092897,0.033333321079071054,-0.30000001192092896,-0.30000001192092896,-0.30000001192092896,0.30000001192092896,-0.30000001192092896,0.30000001192092896,-0.30000001192092896,-0.29983923452523803
1.2999999523162842,0.4517979122170105,-0.30000001192092896,0.3103092908859253,0.3769230758976746,-0.30000001192092896,-0.30000001192092896,-0.30000001192092896,-0.30000001192092896,-0.30000001192092896,-0.30000001192092896,0.30000001192092896,-0.30000001192092896,0.30000001192092896,-0.30000001192092896,-0.29990465302523805
1.2999999523162842,0.3609179022170105,-0.30000001192092896,0.4030927968859253,0.5393162378976746,-0.30000001192092896,-0.30000001192092896,-0.30000001192092896,-0.30000001192092896,-0.30000001192092896,-0.30000001192092896,0.30000001192092896,-0.24605810292092894,0.808402569920929,-0.30000001192092896,-0.29552246752523803
1.2999999523162842,0.4524037702170105,-0.30000001192092896,0.3103092908859253,0.5307692298976746,-0.30000001192092896,-0.30000001192092896,-0.30000001192092896,-0.30000001192092896,-0.30000001192092896,-0.30000001192092896,0.30000001192092896,-0.30000001192092896,0.30000001192092896,-0.30000001192092896,-0.29944405852523803
1.2999999523162842,0.3000048730870105,-0.30000001192092896,0.4340206318859253,0.2999999988976746,-0.30000001192092896,0.11935482707907102,-0.28989900192092893,-0.30000001192092896,-0.30000001192092896,-0.30000001192092896,1.168983968920929,-0.19626557192092897,0.572031290920929,-0.30000001192092896,-0.25112869752523803
1.2999999523162842,0.4220820592170105,-0.30000001192092896,0.3103092908859253,0.5136752128976746,-0.30000001192092896,-0.30000001192092896,-0.30000001192092896,-0.30000001192092896,-0.30000001192092896,-0.30000001192092896,0.30000001192092896,-0.30000001192092896,0.30000001192092896,-0.30000001192092896,-0.299900217825238
1.2999999523162842,0.4817879152170105,-0.30000001192092896,0.3103092908859253,0.5222222208976746,-0.30000001192092896,-0.30000001192092896,-0.30000001192092896,-0.30000001192092896,-0.30000001192092896,-0.30000001192092896,0.30000001192092896,-0.30000001192092896,0.30000001192092896,-0.30000001192092896,-0.299395937525238
1.2999999523162842,0.4521008412170105,-0.30000001192092896,0.3103092908859253,0.5136752128976746,-0.30000001192092896,-0.30000001192092896,-0.30000001192092896,-0.30000001192092896,-0.30000001192092896,-0.30000001192092896,0.30000001192092896,-0.30000001192092896,0.30000001192092896,-0.30000001192092896,-0.299897113525238
1.2999999523162842,0.4521008412170105,-0.30000001192092896,0.3103092908859253,0.5136752128976746,-0.30000001192092896,-0.30000001192092896,-0.30000001192092896,-0.30000001192092896,-0.30000001192092896,-0.30000001192092896,0.30000001192092896,-0.30000001192092896,0.30000001192092896,-0.30000001192092896,-0.298715801525238
1.2999999523162842,0.3003320372170105,-0.30000001192092896,0.44432990988592536,0.46239316089767457,-0.30000001192092896,-0.09032259292092895,-0.28989900192092893,-0.30000001192092896,-0.30000001192092896,-0.30000001192092896,1.099465252920929,-0.10912864292092894,0.808402569920929,-0.30000001192092896,-0.24994938152523805
1.2999999523162842,0.3909000292170105,-0.30000001192092896,0.3103092908859253,0.33418803289767457,-0.30000001192092896,-0.30000001192092896,-0.30000001192092896,-0.30000001192092896,-0.30000001192092896,-0.30000001192092896,0.30000001192092896,-0.295850633920929,0.861431282920929,-0.30000001192092896,-0.297719436525238
1.2999999523162842,0.5438884272170105,-0.30000001192092896,0.3103092908859253,0.5222222208976746,-0.30000001192092896,-0.30000001192092896,-0.30000001192092896,-0.30000001192092896,-0.30000001192092896,-0.30000001192092896,0.30000001192092896,-0.30000001192092896,0.30000001192092896,-0.30000001192092896,-0.299077490525238
1.2999999523162842,0.4817579252170105,-0.30000001192092896,0.4237113528859253,0.5393162378976746,-0.30000001192092896,-0.30000001192092896,-0.30000001192092896,-0.30000001192092896,-0.30000001192092896,-0.30000001192092896,0.30000001192092896,-0.24605810292092894,1.1978775169209288,-0.30000001192092896,-0.294478425525238
1.2999999523162842,0.6938348082170105,-0.30000001192092896,0.3103092908859253,0.3769230758976746,-0.30000001192092896,-0.30000001192092896,-0.30000001192092896,-0.30000001192092896,-0.30000001192092896,-0.30000001192092896,0.30000001192092896,-0.30000001192092896,0.30000001192092896,-0.30000001192092896,-0.29990465302523805
1.2999999523162842,0.5741813592170105,-0.30000001192092896,0.3103092908859253,0.5136752128976746,-0.30000001192092896,-0.30000001192092896,-0.30000001192092896,-0.30000001192092896,-0.30000001192092896,-0.30000001192092896,0.30000001192092896,-0.29170125692092896,0.766397456920929,-0.30000001192092896,-0.29947111352523803
1.2999999523162842,0.4820908442170105,-0.30000001192092896,0.3103092908859253,0.5136752128976746,-0.30000001192092896,-0.30000001192092896,-0.30000001192092896,-0.30000001192092896,-0.30000001192092896,-0.30000001192092896,0.30000001192092896,-0.30000001192092896,0.30000001192092896,-0.30000001192092896,-0.299900661325238
1.2999999523162842,0.3909091172170105,-0.30000001192092896,0.3103092908859253,0.5222222208976746,-0.30000001192092896,-0.30000001192092896,-0.30000001192092896,-0.30000001192092896,-0.30000001192092896,-0.30000001192092896,0.30000001192092896,-0.30000001192092896,0.30000001192092896,-0.30000001192092896,-0.299292375525238
1.2999999523162842,0.42271669621701047,-0.30000001192092896,0.3103092908859253,0.5136752128976746,-0.30000001192092896,-0.30000001192092896,-0.30000001192092896,-0.30000001192092896,-0.30000001192092896,-0.30000001192092896,0.30000001192092896,-0.30000001192092896,0.30000001192092896,-0.30000001192092896,-0.29990088312523805
1.2999999523162842,0.5120808482170105,-0.30000001192092896,0.3103092908859253,0.5222222208976746,-0.30000001192092896,-0.30000001192092896,-0.30000001192092896,-0.30000001192092896,-0.30000001192092896,-0.30000001192092896,0.30000001192092896,-0.30000001192092896,0.30000001192092896,-0.30000001192092896,-0.29960172952523806
1.2999999523162842,0.3927266932170105,-0.30000001192092896,0.3103092908859253,0.5136752128976746,-0.30000001192092896,-0.30000001192092896,-0.30000001192092896,-0.30000001192092896,-0.30000001192092896,-0.30000001192092896,0.30000001192092896,-0.29170125692092896,1.0270663139209288,-0.30000001192092896,-0.299771375525238
1.2999999523162842,0.3006176992170105,-0.30000001192092896,0.3103092908859253,0.34273504189767456,-0.30000001192092896,-0.21935485092092893,-0.19898991092092894,-0.30000001192092896,-0.30000001192092896,-0.30000001192092896,0.9417112419209289,0.09834023707907102,0.7476132379209289,-0.30000001192092896,-0.25516826452523805
1.2999999523162842,0.4517942762170105,-0.30000001192092896,0.3103092908859253,0.5222222208976746,-0.30000001192092896,-0.30000001192092896,-0.30000001192092896,-0.30000001192092896,-0.30000001192092896,-0.30000001192092896,0.30000001192092896,-0.30000001192092896,0.30000001192092896,-0.30000001192092896,-0.299145349525238
1.2999999523162842,0.3339308372170105,-0.30000001192092896,0.3103092908859253,0.34273504189767456,-0.30000001192092896,-0.18709678592092896,-0.15858587092092896,-0.30000001192092896,-0.30000001192092896,-0.30000001192092896,0.30000001192092896,-0.30000001192092896,0.30000001192092896,-0.30000001192092896,-0.29984189552523804
1.2999999523162842,0.6332525782170104,-0.30000001192092896,0.3103092908859253,0.3769230758976746,-0.30000001192092896,-0.30000001192092896,-0.30000001192092896,-0.30000001192092896,-0.30000001192092896,-0.30000001192092896,0.30000001192092896,-0.283402501920929,1.088932179920929,-0.30000001192092896,-0.299759622525238
1.2999999523162842,0.3006146702170105,-0.30000001192092896,0.3103092908859253,0.2999999988976746,-0.30000001192092896,-0.21935485092092893,-0.19898991092092894,-0.30000001192092896,-0.30000001192092896,-0.30000001192092896,0.30000001192092896,-0.30000001192092896,0.30000001192092896,-0.30000001192092896,-0.272876409525238
1.2999999523162842,0.3318378982170105,-0.30000001192092896,0.3103092908859253,0.34273504189767456,-0.30000001192092896,-0.16290323792092895,-0.12828283992092895,-0.30000001192092896,-0.30000001192092896,-0.30000001192092896,0.30000001192092896,-0.30000001192092896,0.30000001192092896,-0.30000001192092896,-0.299844556525238
1.2999999523162842,0.4224137672170105,-0.30000001192092896,0.3103092908859253,0.5222222208976746,-0.30000001192092896,-0.30000001192092896,-0.30000001192092896,-0.30000001192092896,-0.30000001192092896,-0.30000001192092896,0.30000001192092896,-0.30000001192092896,0.30000001192092896,-0.30000001192092896,-0.29968976852523804
1.2999999523162842,0.3321153812170105,-0.30000001192092896,0.3103092908859253,0.3598290588976746,-0.30000001192092896,-0.27580646392092895,-0.26969698192092895,-0.30000001192092896,-0.30000001192092896,-0.30000001192092896,0.30000001192092896,-0.30000001192092896,0.30000001192092896,-0.30000001192092896,-0.29546458852523805
1.2999999523162842,0.5423646922170104,-0.30000001192092896,0.3103092908859253,0.33418803289767457,-0.30000001192092896,-0.30000001192092896,-0.30000001192092896,-0.30000001192092896,-0.30000001192092896,-0.30000001192092896,0.30000001192092896,-0.30000001192092896,0.30000001192092896,-0.30000001192092896,-0.29944006752523805
1.2999999523162842,0.4224043762170105,-0.30000001192092896,0.3103092908859253,0.38547008389767456,-0.30000001192092896,-0.29193549592092893,-0.28989900192092893,-0.30000001192092896,-0.30000001192092896,-0.30000001192092896,0.4610962689209289,-0.30000001192092896,0.30000001192092896,-0.30000001192092896,-0.29986274052523804
1.2999999523162842,0.4829996322170105,-0.30000001192092896,0.3103092908859253,0.5222222208976746,-0.30000001192092896,-0.30000001192092896,-0.30000001192092896,-0.30000001192092896,-0.30000001192092896,-0.30000001192092896,0.30000001192092896,-0.30000001192092896,0.30000001192092896,-0.30000001192092896,-0.299536089525238
1.2999999523162842,0.5435833772170104,-0.30000001192092896,0.3103092908859253,0.5222222208976746,-0.30000001192092896,-0.30000001192092896,-0.30000001192092896,-0.30000001192092896,-0.30000001192092896,-0.30000001192092896,0.30000001192092896,-0.29170125692092896,1.077346022920929,-0.30000001192092896,-0.299113415525238
1.2999999523162842,0.3006234552170105,-0.30000001192092896,0.33092784788592533,0.5051282038976745,-0.30000001192092896,-0.27580646392092895,-0.28989900192092893,-0.30000001192092896,-0.30000001192092896,-0.30000001192092896,0.6629679259209289,0.45103733207907104,1.020383467920929,-0.30000001192092896,-0.22526358152523804
1.2999999523162842,0.3618279022170105,-0.30000001192092896,0.3103092908859253,0.3940170928976746,-0.30000001192092896,-0.29193549592092893,-0.28989900192092893,-0.30000001192092896,-0.30000001192092896,-0.30000001192092896,0.43770054692092897,0.554771772079071,0.721884852920929,-0.30000001192092896,-0.24787837152523803
1.2999999523162842,0.4224137672170105,-0.30000001192092896,0.3103092908859253,0.5222222208976746,-0.30000001192092896,-0.30000001192092896,-0.30000001192092896,-0.30000001192092896,-0.30000001192092896,-0.30000001192092896,0.30000001192092896,-0.30000001192092896,0.30000001192092896,-0.30000001192092896,-0.29126757252523805
1.2999999523162842,0.4521008412170105,-0.30000001192092896,0.3103092908859253,0.5222222208976746,-0.30000001192092896,-0.30000001192092896,-0.30000001192092896,-0.30000001192092896,-0.30000001192092896,-0.30000001192092896,0.30000001192092896,-0.30000001192092896,0.30000001192092896,-0.30000001192092896,-0.299899996525238
1.2999999523162842,0.5123837772170106,-0.30000001192092896,0.3103092908859253,0.5136752128976746,-0.30000001192092896,-0.30000001192092896,-0.30000001192092896,-0.30000001192092896,-0.30000001192092896,-0.30000001192092896,0.30000001192092896,-0.295850633920929,0.751065240920929,-0.30000001192092896,-0.29967801552523804
1.2999999523162842,0.5123837772170106,-0.30000001192092896,0.3103092908859253,0.3769230758976746,-0.30000001192092896,-0.30000001192092896,-0.30000001192092896,-0.30000001192092896,-0.30000001192092896,-0.30000001192092896,0.30000001192092896,-0.295850633920929,1.018495879920929,-0.30000001192092896,-0.29976139652523803
1.2999999523162842,0.3618100292170105,-0.30000001192092896,0.3103092908859253,0.3512820498976746,-0.30000001192092896,-0.17903226992092897,-0.28989900192092893,-0.30000001192092896,-0.30000001192092896,-0.30000001192092896,1.021925145920929,-0.13817428592092895,0.830881789920929,-0.30000001192092896,-0.25192503552523804
1.2999999523162842,0.5120505552170105,-0.30000001192092896,0.3103092908859253,0.5222222208976746,-0.30000001192092896,-0.30000001192092896,-0.30000001192092896,-0.30000001192092896,-0.30000001192092896,-0.30000001192092896,0.30000001192092896,-0.30000001192092896,0.30000001192092896,-0.30000001192092896,-0.29990088312523805
0.2999999523162842,0.3048647682170105,-0.26140323392092896,0.3000000128859253,0.3598290588976746,0.699999988079071,-0.30000001192092896,-0.30000001192092896,0.699999988079071,-0.22929294092092894,-0.08008299992092896,0.30000001192092896,-0.30000001192092896,0.30000001192092896,0.16666665507907102,-0.29798576952523803
1.2999999523162842,0.3015234582170105,-0.30000001192092896,0.3103092908859253,0.34273504189767456,-0.30000001192092896,-0.13064517292092895,-0.08787879992092895,-0.30000001192092896,-0.30000001192092896,-0.30000001192092896,0.33676471792092894,-0.07178424392092894,1.044382434920929,-0.30000001192092896,-0.25768767252523805
1.2999999523162842,0.6335555082170106,-0.30000001192092896,0.3103092908859253,0.3769230758976746,-0.30000001192092896,-0.30000001192092896,-0.30000001192092896,-0.30000001192092896,-0.30000001192092896,-0.30000001192092896,0.30000001192092896,-0.295850633920929,1.088932179920929,-0.30000001192092896,-0.299793551525238
1.2999999523162842,0.3039408342170105,-0.30000001192092896,0.3103092908859253,0.3512820498976746,-0.30000001192092896,-0.17096775392092894,-0.28989900192092893,-0.30000001192092896,-0.30000001192092896,-0.30000001192092896,1.0272727389209289,-0.30000001192092896,0.30000001192092896,-0.30000001192092896,-0.29984056452523805
1.2999999523162842,0.3333437602170105,-0.30000001192092896,0.3103092908859253,0.3170940158976746,-0.30000001192092896,0.25645160107907106,0.39696968507907104,-0.30000001192092896,-0.30000001192092896,-0.30000001192092896,0.30000001192092896,-0.30000001192092896,0.30000001192092896,-0.30000001192092896,-0.29984278252523805
1.2999999523162842,0.4833025622170105,-0.30000001192092896,0.3103092908859253,0.5222222208976746,-0.30000001192092896,-0.30000001192092896,-0.30000001192092896,-0.30000001192092896,-0.30000001192092896,-0.30000001192092896,0.30000001192092896,-0.30000001192092896,0.30000001192092896,-0.30000001192092896,-0.29936378252523804
1.2999999523162842,0.4833025622170105,-0.30000001192092896,0.3103092908859253,0.4965811958976746,-0.30000001192092896,-0.30000001192092896,-0.30000001192092896,-0.30000001192092896,-0.30000001192092896,-0.30000001192092896,0.30000001192092896,-0.30000001192092896,0.30000001192092896,-0.30000001192092896,-0.299901104925238
1.2999999523162842,0.4520944792170105,-0.30000001192092896,0.3103092908859253,0.5307692298976746,-0.30000001192092896,-0.30000001192092896,-0.30000001192092896,-0.30000001192092896,-0.30000001192092896,-0.30000001192092896,0.30000001192092896,-0.30000001192092896,0.30000001192092896,-0.30000001192092896,-0.299073720525238
1.2999999523162842,0.42150497921701047,-0.30000001192092896,0.3103092908859253,0.3512820498976746,-0.30000001192092896,-0.22741936692092896,-0.20909092092092896,-0.30000001192092896,-0.30000001192092896,-0.30000001192092896,0.30000001192092896,-0.30000001192092896,0.30000001192092896,-0.30000001192092896,-0.29985542252523806
1.2999999523162842,0.4527067002170105,-0.30000001192092896,0.3103092908859253,0.34273504189767456,-0.30000001192092896,-0.25967743092092893,-0.24949496092092896,-0.30000001192092896,-0.30000001192092896,-0.30000001192092896,0.39625669592092894,0.29751036107907103,0.713624865920929,-0.30000001192092896,-0.27053574052523804
0.2999999523162842,0.3006210312170105,-0.08523019892092895,0.3000000128859253,0.3256410248976746,0.699999988079071,-0.30000001192092896,-0.30000001192092896,0.699999988079071,0.11414140207907103,-0.17966806192092896,0.30000001192092896,-0.30000001192092896,0.30000001192092896,-0.16666667892092896,-0.29880517052523803
1.2999999523162842,0.4212020502170105,-0.30000001192092896,0.3103092908859253,0.3769230758976746,-0.30000001192092896,-0.30000001192092896,-0.30000001192092896,-0.30000001192092896,-0.30000001192092896,-0.30000001192092896,0.30000001192092896,-0.30000001192092896,0.30000001192092896,-0.30000001192092896,-0.299870723525238
1.2999999523162842,0.3612187112170105,-0.30000001192092896,0.48556702288592535,0.5393162378976746,-0.30000001192092896,-0.30000001192092896,-0.30000001192092896,-0.30000001192092896,-0.30000001192092896,-0.30000001192092896,0.30000001192092896,-0.24605810292092894,0.979299344920929,-0.30000001192092896,-0.24057029452523804
1.2999999523162842,0.4820608542170105,-0.30000001192092896,1.0319587758859252,0.5393162378976746,-0.30000001192092896,-0.30000001192092896,-0.30000001192092896,-0.30000001192092896,-0.30000001192092896,-0.30000001192092896,0.30000001192092896,-0.24605810292092894,1.1978775169209288,-0.30000001192092896,-0.29431454452523803
1.2999999523162842,0.3612014442170105,-0.30000001192092896,0.3618556828859253,0.5393162378976746,-0.30000001192092896,-0.30000001192092896,-0.30000001192092896,-0.30000001192092896,-0.30000001192092896,-0.30000001192092896,0.30000001192092896,-0.24605810292092894,1.010245103920929,-0.30000001192092896,-0.24048669152523802
1.2999999523162842,0.3621308312170105,-0.30000001192092896,0.3103092908859253,0.5136752128976746,-0.30000001192092896,-0.30000001192092896,-0.30000001192092896,-0.30000001192092896,-0.30000001192092896,-0.30000001192092896,0.30000001192092896,-0.2875518789209289,0.927652313920929,-0.30000001192092896,-0.29883289052523804
1.2999999523162842,0.3633286132170105,-0.30000001192092896,0.3103092908859253,0.3512820498976746,-0.30000001192092896,-0.17903226992092897,-0.14848485992092897,-0.30000001192092896,-0.30000001192092896,-0.30000001192092896,0.34812835392092895,-0.0012448249209289775,1.003730975920929,-0.30000001192092896,-0.25115974452523804
1.2999999523162842,0.42150497921701047,-0.30000001192092896,0.3103092908859253,0.3769230758976746,-0.30000001192092896,-0.30000001192092896,-0.30000001192092896,-0.30000001192092896,-0.30000001192092896,-0.30000001192092896,0.30000001192092896,-0.30000001192092896,0.30000001192092896,-0.30000001192092896,-0.29968999052523804
1.2999999523162842,0.30090911721701047,-0.30000001192092896,0.3103092908859253,0.3170940158976746,-0.30000001192092896,0.08709676207907102,-0.28989900192092893,-0.30000001192092896,-0.30000001192092896,-0.30000001192092896,1.166310171920929,-0.30000001192092896,0.30000001192092896,-0.30000001192092896,-0.29983967752523805
1.2999999523162842,0.3633425482170105,-0.30000001192092896,0.3103092908859253,0.33418803289767457,-0.30000001192092896,-0.13870968892092894,-0.09797980992092895,-0.30000001192092896,-0.30000001192092896,-0.30000001192092896,0.30000001192092896,-0.30000001192092896,0.30000001192092896,-0.30000001192092896,-0.29985542252523806
1.2999999523162842,0.42271669621701047,-0.30000001192092896,0.3103092908859253,0.5222222208976746,-0.30000001192092896,-0.30000001192092896,-0.30000001192092896,-0.30000001192092896,-0.30000001192092896,-0.30000001192092896,0.30000001192092896,-0.295850633920929,1.159883051920929,-0.30000001192092896,-0.29932785752523805
1.2999999523162842,0.3054627512170105,-0.30000001192092896,0.3103092908859253,0.3256410248976746,-0.30000001192092896,-0.07419355992092896,-0.01717172892092894,-0.30000001192092896,-0.30000001192092896,-0.30000001192092896,0.30000001192092896,-0.30000001192092896,0.30000001192092896,-0.30000001192092896,-0.29983768152523804
1.2999999523162842,0.4221108382170105,-0.30000001192092896,0.3103092908859253,0.5051282038976745,-0.30000001192092896,-0.30000001192092896,-0.30000001192092896,-0.30000001192092896,-0.30000001192092896,-0.30000001192092896,0.30000001192092896,-0.2875518789209289,0.9188818659209289,-0.30000001192092896,-0.286919981525238
1.2999999523162842,0.3330444662170105,-0.30000001192092896,0.3103092908859253,0.3256410248976746,-0.30000001192092896,-0.18709678592092896,-0.28989900192092893,-0.30000001192092896,-0.30000001192092896,-0.30000001192092896,1.011229958920929,-0.15892117392092894,0.708840948920929,-0.30000001192092896,-0.256366873525238
1.2999999523162842,0.3324361842170105,-0.30000001192092896,0.5474226928859254,0.4880341868976746,-0.30000001192092896,-0.25967743092092893,-0.28989900192092893,-0.30000001192092896,-0.30000001192092896,-0.30000001192092896,0.780614984920929,0.29751036107907103,0.9714153699209289,-0.30000001192092896,-0.21985198952523805
1.2999999523162842,0.5129820622170105,-0.30000001192092896,0.3103092908859253,0.5222222208976746,-0.30000001192092896,-0.30000001192092896,-0.30000001192092896,-0.30000001192092896,-0.30000001192092896,-0.30000001192092896,0.30000001192092896,-0.30000001192092896,0.30000001192092896,-0.30000001192092896,-0.29990088312523805
1.2999999523162842,0.3330374982170105,-0.30000001192092896,0.3103092908859253,0.33418803289767457,-0.30000001192092896,-0.26774194692092895,-0.259595971920929,-0.30000001192092896,-0.30000001192092896,-0.30000001192092896,0.30000001192092896,-0.30000001192092896,0.30000001192092896,-0.30000001192092896,-0.299843003525238
1.2999999523162842,0.3921208342170105,-0.30000001192092896,0.3103092908859253,0.5307692298976746,-0.30000001192092896,-0.30000001192092896,-0.30000001192092896,-0.30000001192092896,-0.30000001192092896,-0.30000001192092896,0.30000001192092896,-0.30000001192092896,0.30000001192092896,-0.30000001192092896,-0.299182161525238
1.2999999523162842,0.4820908442170105,-0.30000001192092896,0.3103092908859253,0.5222222208976746,-0.30000001192092896,-0.30000001192092896,-0.30000001192092896,-0.30000001192092896,-0.30000001192092896,-0.30000001192092896,0.30000001192092896,-0.283402501920929,0.962630361920929,-0.30000001192092896,-0.298561678525238
1.2999999523162842,0.3309069962170105,-0.30000001192092896,0.3103092908859253,0.3085470078976746,-0.30000001192092896,-0.07419355992092896,-0.28989900192092893,-0.30000001192092896,-0.30000001192092896,-0.30000001192092896,1.104812845920929,-0.30000001192092896,0.30000001192092896,-0.30000001192092896,-0.24917145052523804
1.2999999523162842,0.5423737802170105,-0.30000001192092896,0.3103092908859253,0.5222222208976746,-0.30000001192092896,-0.30000001192092896,-0.30000001192092896,-0.30000001192092896,-0.30000001192092896,-0.30000001192092896,0.30000001192092896,-0.29170125692092896,1.020383467920929,-0.30000001192092896,-0.299818610525238
1.2999999523162842,0.3027385072170105,-0.30000001192092896,0.3103092908859253,0.3598290588976746,-0.30000001192092896,-0.25967743092092893,-0.28989900192092893,-0.30000001192092896,-0.30000001192092896,-0.30000001192092896,0.7812834339209289,0.002904552079071032,0.816497948920929,-0.30000001192092896,-0.25111760952523804
1.2999999523162842,0.3918179052170105,-0.30000001192092896,0.3103092908859253,0.5222222208976746,-0.30000001192092896,-0.30000001192092896,-0.30000001192092896,-0.30000001192092896,-0.30000001192092896,-0.30000001192092896,0.30000001192092896,-0.30000001192092896,0.30000001192092896,-0.30000001192092896,-0.299901104925238
1.2999999523162842,0.3327466862170105,-0.30000001192092896,0.3103092908859253,0.3683760668976746,-0.30000001192092896,-0.27580646392092895,-0.28989900192092893,-0.30000001192092896,-0.30000001192092896,-0.30000001192092896,0.463770064920929,0.07759334907907106,0.917708219920929,-0.30000001192092896,-0.251879352525238
1.2999999523162842,0.4239284142170105,-0.30000001192092896,0.3103092908859253,0.3256410248976746,-0.30000001192092896,-0.27580646392092895,-0.26969698192092895,-0.30000001192092896,-0.30000001192092896,-0.30000001192092896,0.30000001192092896,-0.30000001192092896,0.30000001192092896,-0.30000001192092896,-0.299854978525238
1.2999999523162842,0.45149498221701045,-0.30000001192092896,0.3103092908859253,0.5136752128976746,-0.30000001192092896,-0.30000001192092896,-0.30000001192092896,-0.30000001192092896,-0.30000001192092896,-0.30000001192092896,0.30000001192092896,-0.27510374592092895,1.026060097920929,-0.30000001192092896,-0.297972020525238
1.2999999523162842,0.3609072992170105,-0.30000001192092896,0.3412371258859253,0.5393162378976746,-0.30000001192092896,-0.30000001192092896,-0.30000001192092896,-0.30000001192092896,-0.30000001192092896,-0.30000001192092896,0.30000001192092896,-0.24605810292092894,0.965039404920929,-0.30000001192092896,-0.262718725525238
1.2999999523162842,0.4214762012170105,-0.30000001192092896,0.3103092908859253,0.5136752128976746,-0.30000001192092896,-0.29193549592092893,-0.28989900192092893,-0.30000001192092896,-0.30000001192092896,-0.30000001192092896,0.4610962689209289,-0.30000001192092896,0.30000001192092896,-0.30000001192092896,-0.299858527525238
1.2999999523162842,0.5726667132170105,-0.30000001192092896,0.3103092908859253,0.5222222208976746,-0.30000001192092896,-0.30000001192092896,-0.30000001192092896,-0.30000001192092896,-0.30000001192092896,-0.30000001192092896,0.30000001192092896,-0.29170125692092896,1.110981954920929,-0.30000001192092896,-0.299328300525238
1.2999999523162842,0.5735755012170105,-0.30000001192092896,0.3103092908859253,0.5222222208976746,-0.30000001192092896,-0.30000001192092896,-0.30000001192092896,-0.30000001192092896,-0.30000001192092896,-0.30000001192092896,0.30000001192092896,-0.30000001192092896,0.30000001192092896,-0.30000001192092896,-0.29990088312523805
1.2999999523162842,0.3021411302170105,-0.30000001192092896,0.3103092908859253,0.33418803289767457,-0.30000001192092896,-0.13870968892092894,-0.28989900192092893,-0.30000001192092896,-0.30000001192092896,-0.30000001192092896,1.062032097920929,-0.30000001192092896,0.30000001192092896,-0.30000001192092896,-0.29983856852523805
1.2999999523162842,0.5120808482170105,-0.30000001192092896,0.3103092908859253,0.5136752128976746,-0.30000001192092896,-0.30000001192092896,-0.30000001192092896,-0.30000001192092896,-0.30000001192092896,-0.30000001192092896,0.30000001192092896,-0.30000001192092896,0.30000001192092896,-0.30000001192092896,-0.29938706652523805
1.2999999523162842,0.3918179052170105,-0.30000001192092896,0.3103092908859253,0.5222222208976746,-0.30000001192092896,-0.30000001192092896,-0.30000001192092896,-0.30000001192092896,-0.30000001192092896,-0.30000001192092896,0.30000001192092896,-0.30000001192092896,0.30000001192092896,-0.30000001192092896,-0.29923227852523804
1.2999999523162842,0.3312017472170105,-0.30000001192092896,0.3103092908859253,0.3085470078976746,-0.30000001192092896,-0.017741946920928953,0.05353534207907107,-0.30000001192092896,-0.30000001192092896,-0.30000001192092896,1.142246000920929,-0.15062241892092895,1.1441927509209289,-0.30000001192092896,-0.213405668525238
1.2999999523162842,0.3327251782170105,-0.30000001192092896,0.3103092908859253,0.34273504189767456,-0.30000001192092896,-0.21129033492092897,-0.28989900192092893,-0.30000001192092896,-0.30000001192092896,-0.30000001192092896,0.961764717920929,-0.30000001192092896,0.30000001192092896,-0.30000001192092896,-0.29984078652523805
1.2999999523162842,0.5126867062170105,-0.30000001192092896,0.3103092908859253,0.5222222208976746,-0.30000001192092896,-0.30000001192092896,-0.30000001192092896,-0.30000001192092896,-0.30000001192092896,-0.30000001192092896,0.30000001192092896,-0.295850633920929,0.855148912920929,-0.30000001192092896,-0.29925090652523806
1.2999999523162842,0.5438884272170105,-0.30000001192092896,0.3103092908859253,0.5222222208976746,-0.30000001192092896,-0.30000001192092896,-0.30000001192092896,-0.30000001192092896,-0.30000001192092896,-0.30000001192092896,0.30000001192092896,-0.29170125692092896,1.0424097209209289,-0.30000001192092896,-0.299018281525238
1.2999999523162842,0.4517891272170105,-0.30000001192092896,0.3103092908859253,0.5051282038976745,-0.30000001192092896,-0.30000001192092896,-0.30000001192092896,-0.30000001192092896,-0.30000001192092896,-0.30000001192092896,0.30000001192092896,-0.295850633920929,0.891385137920929,-0.30000001192092896,-0.29753715052523805
1.2999999523162842,0.5423598452170105,-0.30000001192092896,0.6608247548859253,0.2999999988976746,-0.30000001192092896,-0.30000001192092896,-0.30000001192092896,-0.30000001192092896,-0.30000001192092896,-0.30000001192092896,0.30000001192092896,-0.24605810292092894,1.300000011920929,-0.30000001192092896,-0.29356100652523803
1.2999999523162842,0.4521008412170105,-0.30000001192092896,0.3103092908859253,0.5051282038976745,-0.30000001192092896,-0.30000001192092896,-0.30000001192092896,-0.30000001192092896,-0.30000001192092896,-0.30000001192092896,0.30000001192092896,-0.30000001192092896,0.30000001192092896,-0.30000001192092896,-0.29871557952523803
1.2999999523162842,0.3618279022170105,-0.30000001192092896,0.3103092908859253,0.33418803289767457,-0.30000001192092896,-0.21129033492092897,-0.28989900192092893,-0.30000001192092896,-0.30000001192092896,-0.30000001192092896,0.961764717920929,-0.10082988792092895,1.124763670920929,-0.30000001192092896,-0.24849929752523803
1.2999999523162842,0.36061618421701047,-0.30000001192092896,0.3103092908859253,0.3769230758976746,-0.30000001192092896,-0.24354839892092894,-0.28989900192092893,-0.30000001192092896,-0.30000001192092896,-0.30000001192092896,0.8601604399209289,-0.05518673392092896,0.7382474989209289,-0.30000001192092896,-0.253518819525238
1.2999999523162842,0.3318079082170105,-0.30000001192092896,0.5061855798859253,0.5393162378976746,-0.30000001192092896,-0.30000001192092896,-0.30000001192092896,-0.30000001192092896,-0.30000001192092896,-0.30000001192092896,0.30000001192092896,-0.24605810292092894,1.1978775169209288,-0.30000001192092896,-0.285527333525238
1.2999999523162842,0.4530096292170105,-0.30000001192092896,0.3103092908859253,0.5051282038976745,-0.30000001192092896,-0.30000001192092896,-0.30000001192092896,-0.30000001192092896,-0.30000001192092896,-0.30000001192092896,0.30000001192092896,-0.29170125692092896,0.8893623089209289,-0.30000001192092896,-0.298892987525238
1.2999999523162842,0.3012120462170105,-0.30000001192092896,0.3103092908859253,0.2999999988976746,-0.30000001192092896,-0.30000001192092896,-0.30000001192092896,-0.30000001192092896,-0.30000001192092896,-0.30000001192092896,0.30000001192092896,-0.30000001192092896,0.30000001192092896,-0.30000001192092896,-0.299870945525238
1.2999999523162842,0.3921126552170105,-0.30000001192092896,0.3103092908859253,0.3769230758976746,-0.30000001192092896,-0.21129033492092897,-0.28989900192092893,-0.30000001192092896,-0.30000001192092896,-0.30000001192092896,0.961764717920929,-0.11742739792092896,0.973676295920929,-0.30000001192092896,-0.25345606152523803
1.2999999523162842,0.4233225552170105,-0.30000001192092896,0.3103092908859253,0.5051282038976745,-0.30000001192092896,-0.30000001192092896,-0.30000001192092896,-0.30000001192092896,-0.30000001192092896,-0.30000001192092896,0.30000001192092896,-0.29170125692092896,0.8573142639209289,-0.30000001192092896,-0.29858052852523803
1.2999999523162842,0.4826967032170105,-0.30000001192092896,0.3103092908859253,0.5222222208976746,-0.30000001192092896,-0.30000001192092896,-0.30000001192092896,-0.30000001192092896,-0.30000001192092896,-0.30000001192092896,0.30000001192092896,-0.295850633920929,1.0829122709209291,-0.30000001192092896,-0.29921453852523805
1.2999999523162842,0.4820605512170105,-0.30000001192092896,0.3103092908859253,0.5222222208976746,-0.30000001192092896,-0.30000001192092896,-0.30000001192092896,-0.30000001192092896,-0.30000001192092896,-0.30000001192092896,0.30000001192092896,-0.30000001192092896,0.30000001192092896,-0.30000001192092896,-0.29990043962523805
1.2999999523162842,0.5429796392170105,-0.30000001192092896,0.3103092908859253,0.5222222208976746,-0.30000001192092896,-0.30000001192092896,-0.30000001192092896,-0.30000001192092896,-0.30000001192092896,-0.30000001192092896,0.30000001192092896,-0.30000001192092896,0.30000001192092896,-0.30000001192092896,-0.29932785752523805
1.2999999523162842,0.36061618421701047,-0.30000001192092896,0.3103092908859253,0.3769230758976746,-0.30000001192092896,-0.30000001192092896,-0.30000001192092896,-0.30000001192092896,-0.30000001192092896,-0.30000001192092896,0.30000001192092896,-0.30000001192092896,0.30000001192092896,-0.30000001192092896,-0.28154919352523805
1.2999999523162842,0.42271669621701047,-0.30000001192092896,0.3103092908859253,0.3940170928976746,-0.30000001192092896,-0.30000001192092896,-0.30000001192092896,-0.30000001192092896,-0.30000001192092896,-0.30000001192092896,0.30000001192092896,-0.30000001192092896,0.30000001192092896,-0.30000001192092896,-0.28124671352523806
0.2999999523162842,0.3036497192170105,-0.257247584920929,0.3000000128859253,0.3256410248976746,0.699999988079071,-0.30000001192092896,-0.30000001192092896,0.699999988079071,0.033333321079071054,-0.20456432692092896,0.30000001192092896,-0.30000001192092896,0.30000001192092896,-0.23333334492092894,-0.29905930652523804
1.2999999523162842,0.3048593152170105,-0.30000001192092896,0.3103092908859253,0.34273504189767456,-0.30000001192092896,-0.10645162492092897,-0.05757576992092894,-0.30000001192092896,-0.30000001192092896,-0.30000001192092896,0.30000001192092896,-0.30000001192092896,0.30000001192092896,-0.30000001192092896,-0.29983945552523805
1.2999999523162842,0.39333255221701047,-0.30000001192092896,0.3103092908859253,0.34273504189767456,-0.30000001192092896,-0.21935485092092893,-0.19898991092092894,-0.30000001192092896,-0.30000001192092896,-0.30000001192092896,0.30000001192092896,-0.30000001192092896,0.30000001192092896,-0.30000001192092896,-0.29985431352523806
1.2999999523162842,0.3611981112170105,-0.30000001192092896,0.3103092908859253,0.3769230758976746,-0.30000001192092896,-0.28387097992092897,-0.28989900192092893,-0.30000001192092896,-0.30000001192092896,-0.30000001192092896,0.575401081920929,-0.30000001192092896,0.30000001192092896,-0.30000001192092896,-0.29985653152523806
1.2999999523162842,0.5732725722170104,-0.30000001192092896,0.3103092908859253,0.5136752128976746,-0.30000001192092896,-0.30000001192092896,-0.30000001192092896,-0.30000001192092896,-0.30000001192092896,-0.30000001192092896,0.30000001192092896,-0.30000001192092896,0.30000001192092896,-0.30000001192092896,-0.299901104925238
1.2999999523162842,0.3621123522170105,-0.30000001192092896,0.5268041368859253,0.5393162378976746,-0.30000001192092896,-0.30000001192092896,-0.30000001192092896,-0.30000001192092896,-0.30000001192092896,-0.30000001192092896,0.30000001192092896,-0.24605810292092894,0.7712671929209289,-0.30000001192092896,-0.276571362525238
1.2999999523162842,0.4517979122170105,-0.30000001192092896,0.3103092908859253,0.5222222208976746,-0.30000001192092896,-0.30000001192092896,-0.30000001192092896,-0.30000001192092896,-0.30000001192092896,-0.30000001192092896,0.30000001192092896,-0.30000001192092896,0.30000001192092896,-0.30000001192092896,-0.299899774525238
1.2999999523162842,0.45149498221701045,-0.30000001192092896,0.3103092908859253,0.5222222208976746,-0.30000001192092896,-0.30000001192092896,-0.30000001192092896,-0.30000001192092896,-0.30000001192092896,-0.30000001192092896,0.30000001192092896,-0.295850633920929,0.748362389920929,-0.30000001192092896,-0.29943585352523805
1.2999999523162842,0.4214952852170105,-0.30000001192092896,0.3103092908859253,0.4282051268976746,-0.30000001192092896,-0.30000001192092896,-0.30000001192092896,0.699999988079071,-0.30000001192092896,-0.30000001192092896,0.30000001192092896,-0.30000001192092896,0.30000001192092896,-0.30000001192092896,-0.299870058525238
1.2999999523162842,0.3024334572170105,-0.30000001192092896,0.3103092908859253,0.34273504189767456,-0.30000001192092896,-0.19516130192092895,-0.28989900192092893,-0.30000001192092896,-0.30000001192092896,-0.30000001192092896,0.9951871779209289,-0.14232366292092896,1.104964719920929,-0.30000001192092896,-0.24852324752523802
1.2999999523162842,0.4820908442170105,-0.30000001192092896,0.3103092908859253,0.5222222208976746,-0.30000001192092896,-0.30000001192092896,-0.30000001192092896,-0.30000001192092896,-0.30000001192092896,-0.30000001192092896,0.30000001192092896,-0.30000001192092896,0.30000001192092896,-0.30000001192092896,-0.29914889752523804
1.2999999523162842,0.3915149762170105,-0.30000001192092896,0.3103092908859253,0.44529914389767455,-0.30000001192092896,-0.30000001192092896,-0.30000001192092896,-0.30000001192092896,-0.30000001192092896,-0.30000001192092896,0.30000001192092896,-0.30000001192092896,0.30000001192092896,-0.30000001192092896,-0.299870723525238
1.2999999523162842,0.3915149762170105,-0.30000001192092896,0.3103092908859253,0.3940170928976746,-0.30000001192092896,-0.28387097992092897,-0.28989900192092893,-0.30000001192092896,-0.30000001192092896,-0.30000001192092896,0.575401081920929,-0.30000001192092896,0.30000001192092896,-0.30000001192092896,-0.29986251852523804
1.2999999523162842,0.3330323492170105,-0.30000001192092896,0.3103092908859253,0.33418803289767457,-0.30000001192092896,-0.13870968892092894,-0.09797980992092895,-0.30000001192092896,-0.30000001192092896,-0.30000001192092896,0.30000001192092896,-0.30000001192092896,0.30000001192092896,-0.30000001192092896,-0.29984167352523805
1.2999999523162842,0.48267337721701054,-0.30000001192092896,0.3103092908859253,0.5051282038976745,-0.30000001192092896,-0.30000001192092896,-0.30000001192092896,-0.30000001192092896,-0.30000001192092896,-0.30000001192092896,0.30000001192092896,-0.30000001192092896,0.30000001192092896,-0.30000001192092896,-0.299900217825238
1.2999999523162842,0.3302932622170105,-0.30000001192092896,0.3103092908859253,0.3683760668976746,-0.30000001192092896,-0.001612914920928965,0.07373736207907106,-0.30000001192092896,-0.30000001192092896,-0.30000001192092896,0.30000001192092896,-0.30000001192092896,0.30000001192092896,-0.30000001192092896,-0.299841229525238
1.2999999523162842,0.5135954942170105,-0.30000001192092896,0.3103092908859253,0.5222222208976746,-0.30000001192092896,-0.30000001192092896,-0.30000001192092896,-0.30000001192092896,-0.30000001192092896,-0.30000001192092896,0.30000001192092896,-0.30000001192092896,0.30000001192092896,-0.30000001192092896,-0.29725130352523804
1.2999999523162842,0.3909009382170105,-0.30000001192092896,0.4030927968859253,0.5393162378976746,-0.30000001192092896,-0.30000001192092896,-0.30000001192092896,-0.30000001192092896,-0.30000001192092896,-0.30000001192092896,0.30000001192092896,-0.24605810292092894,0.973676295920929,-0.30000001192092896,-0.295166100525238
1.2999999523162842,0.3030514332170105,-0.30000001192092896,0.3103092908859253,0.2999999988976746,-0.30000001192092896,-0.30000001192092896,-0.30000001192092896,-0.30000001192092896,-0.30000001192092896,-0.30000001192092896,0.30000001192092896,-0.30000001192092896,0.30000001192092896,-0.30000001192092896,-0.299870945525238
1.2999999523162842,0.4514734742170105,-0.30000001192092896,0.3103092908859253,0.3769230758976746,-0.30000001192092896,-0.30000001192092896,-0.30000001192092896,-0.30000001192092896,-0.30000001192092896,-0.30000001192092896,0.30000001192092896,-0.30000001192092896,0.30000001192092896,-0.30000001192092896,-0.299668035525238
1.2999999523162842,0.4527067002170105,-0.30000001192092896,0.3103092908859253,0.5136752128976746,-0.30000001192092896,-0.30000001192092896,-0.30000001192092896,-0.30000001192092896,-0.30000001192092896,-0.30000001192092896,0.30000001192092896,-0.295850633920929,0.6740299839209289,-0.30000001192092896,-0.299328300525238
1.2999999523162842,0.5129896362170105,-0.30000001192092896,0.3103092908859253,0.5051282038976745,-0.30000001192092896,-0.30000001192092896,-0.30000001192092896,-0.30000001192092896,-0.30000001192092896,-0.30000001192092896,0.30000001192092896,-0.30000001192092896,0.30000001192092896,-0.30000001192092896,-0.299292375525238
1.2999999523162842,0.3042480042170105,-0.30000001192092896,0.3103092908859253,0.3170940158976746,-0.30000001192092896,-0.017741946920928953,-0.28989900192092893,-0.30000001192092896,-0.30000001192092896,-0.30000001192092896,1.142246000920929,-0.23775934792092895,1.026060097920929,-0.30000001192092896,-0.250800050525238
1.2999999523162842,0.3605892242170105,-0.30000001192092896,0.3103092908859253,0.34273504189767456,-0.30000001192092896,-0.25161291492092897,-0.28989900192092893,-0.30000001192092896,-0.30000001192092896,-0.30000001192092896,0.825401081920929,-0.04273860092092896,0.856935626920929,-0.30000001192092896,-0.24719091852523803
1.2999999523162842,0.3024486042170105,-0.30000001192092896,0.3103092908859253,0.33418803289767457,-0.30000001192092896,-0.23548388292092895,-0.21919193092092895,-0.30000001192092896,-0.30000001192092896,-0.30000001192092896,0.30000001192092896,-0.30000001192092896,0.30000001192092896,-0.30000001192092896,-0.29983679452523804
1.2999999523162842,0.3627130612170105,-0.30000001192092896,0.3103092908859253,0.3512820498976746,-0.30000001192092896,-0.25967743092092893,-0.28989900192092893,-0.30000001192092896,-0.30000001192092896,-0.30000001192092896,0.7812834339209289,0.01950206307907104,0.6907916699209289,-0.30000001192092896,-0.253582686525238
1.2999999523162842,0.8150101742170105,-0.30000001192092896,0.3103092908859253,0.3769230758976746,-0.30000001192092896,-0.30000001192092896,-0.30000001192092896,-0.30000001192092896,-0.30000001192092896,-0.30000001192092896,0.30000001192092896,-0.30000001192092896,0.30000001192092896,-0.30000001192092896,-0.29968999052523804
1.2999999523162842,0.3009278992170105,-0.30000001192092896,0.3103092908859253,0.3085470078976746,-0.30000001192092896,0.2645161170790711,-0.28989900192092893,-0.30000001192092896,-0.30000001192092896,-0.30000001192092896,1.1890374449209289,-0.26265561392092895,1.0270663139209288,-0.30000001192092896,-0.25001191752523805
1.2999999523162842,0.3621308312170105,-0.30000001192092896,0.3103092908859253,0.5222222208976746,-0.30000001192092896,-0.30000001192092896,-0.30000001192092896,-0.30000001192092896,-0.30000001192092896,-0.30000001192092896,0.30000001192092896,-0.30000001192092896,0.30000001192092896,-0.30000001192092896,-0.28658246352523803
1.2999999523162842,0.3039684002170105,-0.30000001192092896,0.3103092908859253,0.3170940158976746,-0.30000001192092896,-0.30000001192092896,-0.30000001192092896,-0.30000001192092896,-0.30000001192092896,-0.30000001192092896,0.30000001192092896,-0.30000001192092896,0.30000001192092896,-0.30000001192092896,-0.29691178952523806
1.2999999523162842,0.3915149762170105,-0.30000001192092896,0.3103092908859253,0.5136752128976746,-0.30000001192092896,-0.29193549592092893,-0.28989900192092893,-0.30000001192092896,-0.30000001192092896,-0.30000001192092896,0.4610962689209289,-0.30000001192092896,0.30000001192092896,-0.30000001192092896,-0.299893786525238
1.2999999523162842,0.3909091172170105,-0.30000001192092896,0.3103092908859253,0.5136752128976746,-0.30000001192092896,-0.30000001192092896,-0.30000001192092896,-0.30000001192092896,-0.30000001192092896,-0.30000001192092896,0.30000001192092896,-0.30000001192092896,0.30000001192092896,-0.30000001192092896,-0.29990088312523805
1.2999999523162842,0.3917963972170105,-0.30000001192092896,0.3103092908859253,0.38547008389767456,-0.30000001192092896,-0.30000001192092896,-0.30000001192092896,-0.30000001192092896,-0.30000001192092896,-0.30000001192092896,0.30000001192092896,-0.30000001192092896,0.30000001192092896,-0.30000001192092896,-0.29127777352523804
1.2999999523162842,0.3045579012170105,-0.30000001192092896,0.3103092908859253,0.3512820498976746,-0.30000001192092896,-0.18709678592092896,-0.28989900192092893,-0.30000001192092896,-0.30000001192092896,-0.30000001192092896,1.011229958920929,-0.16307055092092895,1.054287704920929,-0.30000001192092896,-0.24900535252523803
1.2999999523162842,0.3303232522170105,-0.30000001192092896,0.3103092908859253,0.3769230758976746,-0.30000001192092896,-0.25967743092092893,-0.28989900192092893,-0.30000001192092896,-0.30000001192092896,-0.30000001192092896,0.777272738920929,0.01950206307907104,0.990216424920929,-0.30000001192092896,-0.24275861552523803
1.2999999523162842,0.36061618421701047,-0.30000001192092896,0.3103092908859253,0.33418803289767457,-0.30000001192092896,-0.29193549592092893,-0.28989900192092893,-0.30000001192092896,-0.30000001192092896,-0.30000001192092896,0.4610962689209289,0.247717830079071,1.077346022920929,-0.30000001192092896,-0.28348382152523804
1.2999999523162842,0.3324431512170105,-0.30000001192092896,0.3103092908859253,0.34273504189767456,-0.30000001192092896,-0.17903226992092897,-0.14848485992092897,-0.30000001192092896,-0.30000001192092896,-0.30000001192092896,0.34812835392092895,-0.0012448249209289775,0.927652313920929,-0.30000001192092896,-0.256153984525238
1.2999999523162842,0.3921023562170105,-0.30000001192092896,0.3103092908859253,0.3769230758976746,-0.30000001192092896,-0.25161291492092897,-0.28989900192092893,-0.30000001192092896,-0.30000001192092896,-0.30000001192092896,0.825401081920929,-0.07593362192092895,0.7712671929209289,-0.30000001192092896,-0.25645047752523803
1.2999999523162842,0.4823677222170105,-0.30000001192092896,0.3103092908859253,0.5222222208976746,-0.30000001192092896,-0.29193549592092893,-0.28989900192092893,-0.30000001192092896,-0.30000001192092896,-0.30000001192092896,0.4610962689209289,-0.30000001192092896,0.30000001192092896,-0.30000001192092896,-0.299894895525238
1.2999999523162842,0.5120808482170105,-0.30000001192092896,0.3103092908859253,0.5222222208976746,-0.30000001192092896,-0.30000001192092896,-0.30000001192092896,-0.30000001192092896,-0.30000001192092896,-0.30000001192092896,0.30000001192092896,-0.30000001192092896,0.30000001192092896,-0.30000001192092896,-0.29913514852523804
1.2999999523162842,0.3045442692170105,-0.30000001192092896,0.3103092908859253,0.3256410248976746,-0.30000001192092896,0.20806450407907107,0.33636362407907106,-0.30000001192092896,-0.30000001192092896,-0.30000001192092896,0.30000001192092896,-0.30000001192092896,0.30000001192092896,-0.30000001192092896,-0.29983879052523804
1.2999999523162842,0.3000015408670105,-0.30000001192092896,0.3103092908859253,0.2999999988976746,-0.30000001192092896,-0.025806463920928946,-0.28989900192092893,-0.30000001192092896,-0.30000001192092896,-0.30000001192092896,1.1409091029209288,-0.23360997092092894,0.721884852920929,-0.30000001192092896,-0.254293202525238
1.2999999523162842,0.3621308312170105,-0.30000001192092896,0.3103092908859253,0.5222222208976746,-0.30000001192092896,-0.30000001192092896,-0.30000001192092896,-0.30000001192092896,-0.30000001192092896,-0.30000001192092896,0.30000001192092896,-0.30000001192092896,0.30000001192092896,-0.30000001192092896,-0.299492180525238
1.2999999523162842,0.6035655042170105,-0.30000001192092896,0.3103092908859253,0.5222222208976746,-0.30000001192092896,-0.30000001192092896,-0.30000001192092896,-0.30000001192092896,-0.30000001192092896,-0.30000001192092896,0.30000001192092896,-0.27925312392092894,0.7939963459209289,-0.30000001192092896,-0.29922185652523803
1.2999999523162842,0.42271669621701047,-0.30000001192092896,0.3103092908859253,0.5222222208976746,-0.30000001192092896,-0.30000001192092896,-0.30000001192092896,-0.30000001192092896,-0.30000001192092896,-0.30000001192092896,0.30000001192092896,-0.30000001192092896,0.30000001192092896,-0.30000001192092896,-0.299870723525238
1.2999999523162842,0.8456024012170105,-0.30000001192092896,0.3103092908859253,0.3769230758976746,-0.30000001192092896,-0.30000001192092896,-0.30000001192092896,-0.30000001192092896,-0.30000001192092896,-0.30000001192092896,0.30000001192092896,-0.30000001192092896,0.30000001192092896,-0.30000001192092896,-0.29990487482523803
1.2999999523162842,0.3909091172170105,-0.30000001192092896,0.3103092908859253,0.3598290588976746,-0.30000001192092896,-0.28387097992092897,-0.27979799192092897,-0.30000001192092896,-0.30000001192092896,-0.30000001192092896,0.30000001192092896,-0.30000001192092896,0.30000001192092896,-0.30000001192092896,-0.299860301525238
1.2999999523162842,0.3330359842170105,-0.30000001192092896,0.3103092908859253,0.3598290588976746,-0.30000001192092896,-0.18709678592092896,-0.28989900192092893,-0.30000001192092896,-0.30000001192092896,-0.30000001192092896,1.011229958920929,-0.30000001192092896,0.30000001192092896,-0.30000001192092896,-0.299842338525238
1.2999999523162842,0.5123837772170106,-0.30000001192092896,0.3103092908859253,0.5222222208976746,-0.30000001192092896,-0.30000001192092896,-0.30000001192092896,-0.30000001192092896,-0.30000001192092896,-0.30000001192092896,0.30000001192092896,-0.30000001192092896,0.30000001192092896,-0.30000001192092896,-0.299900217825238
1.2999999523162842,0.4829996322170105,-0.30000001192092896,0.3103092908859253,0.5136752128976746,-0.30000001192092896,-0.30000001192092896,-0.30000001192092896,-0.30000001192092896,-0.30000001192092896,-0.30000001192092896,0.30000001192092896,-0.295850633920929,1.014219106920929,-0.30000001192092896,-0.299364003525238
1.2999999523162842,0.3920993262170105,-0.30000001192092896,0.3103092908859253,0.5222222208976746,-0.30000001192092896,-0.30000001192092896,-0.30000001192092896,-0.30000001192092896,-0.30000001192092896,-0.30000001192092896,0.30000001192092896,-0.295850633920929,1.044382434920929,-0.30000001192092896,-0.29910033252523804
1.2999999523162842,0.4524037702170105,-0.30000001192092896,0.3103092908859253,0.5307692298976746,-0.30000001192092896,-0.30000001192092896,-0.30000001192092896,-0.30000001192092896,-0.30000001192092896,-0.30000001192092896,0.30000001192092896,-0.30000001192092896,0.30000001192092896,-0.30000001192092896,-0.29885950152523805
1.2999999523162842,0.4829996322170105,-0.30000001192092896,0.3103092908859253,0.5051282038976745,-0.30000001192092896,-0.30000001192092896,-0.30000001192092896,-0.30000001192092896,-0.30000001192092896,-0.30000001192092896,0.30000001192092896,-0.30000001192092896,0.30000001192092896,-0.30000001192092896,-0.29990088312523805
1.2999999523162842,0.4214774122170105,-0.30000001192092896,0.3721649608859253,0.4794871778976746,-0.30000001192092896,-0.30000001192092896,-0.30000001192092896,-0.30000001192092896,-0.30000001192092896,-0.30000001192092896,0.30000001192092896,-0.24605810292092894,1.088932179920929,-0.30000001192092896,-0.295206017525238
1.2999999523162842,0.3909091172170105,-0.30000001192092896,0.3103092908859253,0.34273504189767456,-0.30000001192092896,-0.26774194692092895,-0.259595971920929,-0.30000001192092896,-0.30000001192092896,-0.30000001192092896,0.30000001192092896,-0.30000001192092896,0.30000001192092896,-0.30000001192092896,-0.29986140952523804
1.2999999523162842,0.8758989692170105,-0.30000001192092896,0.3103092908859253,0.3769230758976746,-0.30000001192092896,-0.30000001192092896,-0.30000001192092896,-0.30000001192092896,-0.30000001192092896,-0.30000001192092896,0.30000001192092896,-0.295850633920929,0.721907532920929,-0.30000001192092896,-0.29957822352523805
1.2999999523162842,0.4833025622170105,-0.30000001192092896,0.3103092908859253,0.5222222208976746,-0.30000001192092896,-0.30000001192092896,-0.30000001192092896,-0.30000001192092896,-0.30000001192092896,-0.30000001192092896,0.30000001192092896,-0.30000001192092896,0.30000001192092896,-0.30000001192092896,-0.299836129525238
1.2999999523162842,0.3912084112170105,-0.30000001192092896,0.5164948578859253,0.5393162378976746,-0.30000001192092896,-0.30000001192092896,-0.30000001192092896,-0.30000001192092896,-0.30000001192092896,-0.30000001192092896,0.30000001192092896,-0.24605810292092894,0.7381502899209289,-0.30000001192092896,-0.295072518525238
1.2999999523162842,0.3617985172170105,-0.30000001192092896,0.3103092908859253,0.5136752128976746,-0.30000001192092896,-0.30000001192092896,-0.30000001192092896,-0.30000001192092896,-0.30000001192092896,-0.30000001192092896,0.30000001192092896,-0.295850633920929,0.721907532920929,-0.30000001192092896,-0.299871167525238
1.2999999523162842,0.3608936682170105,-0.30000001192092896,0.4752577448859253,0.5393162378976746,-0.30000001192092896,-0.30000001192092896,-0.30000001192092896,-0.30000001192092896,-0.30000001192092896,-0.30000001192092896,0.30000001192092896,-0.24605810292092894,0.572031290920929,-0.30000001192092896,-0.29517430552523805
1.2999999523162842,0.5120808482170105,-0.30000001192092896,0.3103092908859253,0.5222222208976746,-0.30000001192092896,-0.30000001192092896,-0.30000001192092896,-0.30000001192092896,-0.30000001192092896,-0.30000001192092896,0.30000001192092896,-0.30000001192092896,0.30000001192092896,-0.30000001192092896,-0.299113415525238
1.2999999523162842,0.4829996322170105,-0.30000001192092896,0.3103092908859253,0.5136752128976746,-0.30000001192092896,-0.30000001192092896,-0.30000001192092896,-0.30000001192092896,-0.30000001192092896,-0.30000001192092896,0.30000001192092896,-0.2875518789209289,0.721884852920929,-0.30000001192092896,-0.298736646525238
1.2999999523162842,0.8456060362170105,-0.30000001192092896,0.3103092908859253,0.3769230758976746,-0.30000001192092896,-0.30000001192092896,-0.30000001192092896,-0.30000001192092896,-0.30000001192092896,-0.30000001192092896,0.30000001192092896,-0.29170125692092896,0.9164036419209289,-0.30000001192092896,-0.299797543525238
1.2999999523162842,0.48239377421701046,-0.30000001192092896,0.3103092908859253,0.5136752128976746,-0.30000001192092896,-0.30000001192092896,-0.30000001192092896,-0.30000001192092896,-0.30000001192092896,-0.30000001192092896,0.30000001192092896,-0.30000001192092896,0.30000001192092896,-0.30000001192092896,-0.29990088312523805
1.2999999523162842,0.3915149762170105,-0.30000001192092896,0.3103092908859253,0.5136752128976746,-0.30000001192092896,-0.30000001192092896,-0.30000001192092896,-0.30000001192092896,-0.30000001192092896,-0.30000001192092896,0.30000001192092896,-0.30000001192092896,0.30000001192092896,-0.30000001192092896,-0.299900217825238
1.2999999523162842,0.3039511332170105,-0.30000001192092896,0.3103092908859253,0.3512820498976746,-0.30000001192092896,-0.09838710892092895,-0.04747475892092895,-0.30000001192092896,-0.30000001192092896,-0.30000001192092896,0.30000001192092896,-0.30000001192092896,0.30000001192092896,-0.30000001192092896,-0.288342567525238
1.2999999523162842,0.3030332572170105,-0.30000001192092896,0.3103092908859253,0.3256410248976746,-0.30000001192092896,0.022580633079071044,-0.28989900192092893,-0.30000001192092896,-0.30000001192092896,-0.30000001192092896,1.155614984920929,-0.30000001192092896,0.30000001192092896,-0.30000001192092896,-0.299836129525238
1.2999999523162842,0.5120787272170105,-0.30000001192092896,0.3103092908859253,0.5222222208976746,-0.30000001192092896,-0.30000001192092896,-0.30000001192092896,-0.30000001192092896,-0.30000001192092896,-0.30000001192092896,0.30000001192092896,-0.30000001192092896,0.30000001192092896,-0.30000001192092896,-0.29990088312523805
1.2999999523162842,0.3012171962170105,-0.30000001192092896,0.4237113528859253,0.5393162378976746,-0.30000001192092896,-0.30000001192092896,-0.30000001192092896,0.699999988079071,-0.30000001192092896,-0.30000001192092896,0.30000001192092896,-0.24605810292092894,0.713624865920929,-0.30000001192092896,-0.280757290525238
1.2999999523162842,0.4829996322170105,-0.30000001192092896,0.3103092908859253,0.5051282038976745,-0.30000001192092896,-0.30000001192092896,-0.30000001192092896,-0.30000001192092896,-0.30000001192092896,-0.30000001192092896,0.30000001192092896,-0.295850633920929,1.0151738689209289,-0.30000001192092896,-0.29939615852523804
1.2999999523162842,0.6638484402170105,-0.30000001192092896,0.3103092908859253,0.3769230758976746,-0.30000001192092896,-0.30000001192092896,-0.30000001192092896,-0.30000001192092896,-0.30000001192092896,-0.30000001192092896,0.30000001192092896,-0.295850633920929,0.721907532920929,-0.30000001192092896,-0.29968777252523804
1.2999999523162842,0.4239284142170105,-0.30000001192092896,0.3103092908859253,0.5222222208976746,-0.30000001192092896,-0.30000001192092896,-0.30000001192092896,-0.30000001192092896,-0.30000001192092896,-0.30000001192092896,0.30000001192092896,-0.295850633920929,0.9832251139209289,-0.30000001192092896,-0.29906418552523806
1.2999999523162842,0.4236254842170105,-0.30000001192092896,0.3103092908859253,0.5051282038976745,-0.30000001192092896,-0.30000001192092896,-0.30000001192092896,-0.30000001192092896,-0.30000001192092896,-0.30000001192092896,0.30000001192092896,-0.30000001192092896,0.30000001192092896,-0.30000001192092896,-0.29126624152523806
1.2999999523162842,0.42180790821701053,-0.30000001192092896,0.3103092908859253,0.3769230758976746,-0.30000001192092896,-0.29193549592092893,-0.28989900192092893,-0.30000001192092896,-0.30000001192092896,-0.30000001192092896,0.4577540229209289,0.679253100079071,0.755274616920929,-0.30000001192092896,-0.25819860552523805
1.2999999523162842,0.3033625422170105,-0.30000001192092896,0.3103092908859253,0.3256410248976746,-0.30000001192092896,-0.27580646392092895,-0.28989900192092893,-0.30000001192092896,-0.30000001192092896,-0.30000001192092896,0.6629679259209289,0.09004148207907103,1.1746556309209288,-0.30000001192092896,-0.254939631525238
1.2999999523162842,0.48239377421701046,-0.30000001192092896,0.3103092908859253,0.5222222208976746,-0.30000001192092896,-0.30000001192092896,-0.30000001192092896,-0.30000001192092896,-0.30000001192092896,-0.30000001192092896,0.30000001192092896,-0.30000001192092896,0.30000001192092896,-0.30000001192092896,-0.299901104925238
1.2999999523162842,0.3612220432170105,-0.30000001192092896,0.3103092908859253,0.44529914389767455,-0.30000001192092896,-0.30000001192092896,-0.30000001192092896,-0.30000001192092896,-0.30000001192092896,-0.30000001192092896,0.30000001192092896,-0.29170125692092896,0.944194374920929,-0.30000001192092896,-0.29678383452523804
1.2999999523162842,0.4221108382170105,-0.30000001192092896,0.3103092908859253,0.5307692298976746,-0.30000001192092896,-0.30000001192092896,-0.30000001192092896,-0.30000001192092896,-0.30000001192092896,-0.30000001192092896,0.30000001192092896,-0.30000001192092896,0.30000001192092896,-0.30000001192092896,-0.299217642525238
1.2999999523162842,0.4817879152170105,-0.30000001192092896,0.3103092908859253,0.5222222208976746,-0.30000001192092896,-0.30000001192092896,-0.30000001192092896,-0.30000001192092896,-0.30000001192092896,-0.30000001192092896,0.30000001192092896,-0.295850633920929,1.173585533920929,-0.30000001192092896,-0.29928660952523806
1.2999999523162842,0.7850201712170105,-0.30000001192092896,0.3103092908859253,0.3769230758976746,-0.30000001192092896,-0.30000001192092896,-0.30000001192092896,-0.30000001192092896,-0.30000001192092896,-0.30000001192092896,0.30000001192092896,-0.30000001192092896,0.30000001192092896,-0.30000001192092896,-0.299757626525238
1.2999999523162842,0.3015146732170105,-0.30000001192092896,0.3103092908859253,0.3769230758976746,-0.30000001192092896,-0.27580646392092895,-0.28989900192092893,-0.30000001192092896,-0.30000001192092896,-0.30000001192092896,0.6622994769209289,-0.30000001192092896,0.30000001192092896,-0.30000001192092896,-0.29983901252523804
1.2999999523162842,0.3909091172170105,-0.30000001192092896,0.3103092908859253,0.34273504189767456,-0.30000001192092896,-0.29193549592092893,-0.28989900192092893,-0.30000001192092896,-0.30000001192092896,-0.30000001192092896,0.460427818920929,0.695850610079071,0.8893623089209289,-0.30000001192092896,-0.258191287525238
1.2999999523162842,0.4224137672170105,-0.30000001192092896,0.3103092908859253,0.5136752128976746,-0.30000001192092896,-0.30000001192092896,-0.30000001192092896,-0.30000001192092896,-0.30000001192092896,-0.30000001192092896,0.30000001192092896,-0.30000001192092896,0.30000001192092896,-0.30000001192092896,-0.29990088312523805
1.2999999523162842,0.36211507921701047,-0.30000001192092896,0.3103092908859253,0.4367521358976746,-0.30000001192092896,-0.27580646392092895,-0.28989900192092893,-0.30000001192092896,-0.30000001192092896,-0.30000001192092896,0.6629679259209289,-0.30000001192092896,0.30000001192092896,-0.30000001192092896,-0.299863184525238
1.2999999523162842,0.4221108382170105,-0.30000001192092896,0.3103092908859253,0.5136752128976746,-0.30000001192092896,-0.30000001192092896,-0.30000001192092896,-0.30000001192092896,-0.30000001192092896,-0.30000001192092896,0.30000001192092896,-0.30000001192092896,0.30000001192092896,-0.30000001192092896,-0.29127245052523804
1.2999999523162842,0.3354524512170105,-0.30000001192092896,0.3103092908859253,0.3085470078976746,-0.30000001192092896,0.09516127807907104,0.19494948307907106,-0.30000001192092896,-0.30000001192092896,-0.30000001192092896,0.30000001192092896,-0.30000001192092896,0.30000001192092896,-0.30000001192092896,-0.29984189552523804
1.2999999523162842,0.3327454742170105,-0.30000001192092896,0.3412371258859253,0.5393162378976746,-0.30000001192092896,-0.30000001192092896,-0.30000001192092896,0.699999988079071,-0.30000001192092896,-0.30000001192092896,0.30000001192092896,-0.24605810292092894,0.808402569920929,-0.30000001192092896,-0.270991233525238
1.2999999523162842,0.48297358021701053,-0.30000001192092896,0.3103092908859253,0.5222222208976746,-0.30000001192092896,-0.30000001192092896,-0.30000001192092896,-0.30000001192092896,-0.30000001192092896,-0.30000001192092896,0.30000001192092896,-0.2875518789209289,0.6983733689209289,-0.30000001192092896,-0.29903580052523804
0.2999999523162842,0.3030368922170105,-0.18813113992092895,0.3000000128859253,0.33418803289767457,0.699999988079071,-0.30000001192092896,-0.30000001192092896,0.699999988079071,-0.24949496092092896,0.05269708307907106,0.30000001192092896,-0.30000001192092896,0.30000001192092896,-0.23333334492092894,-0.29680578852523803
1.2999999523162842,0.4817879152170105,-0.30000001192092896,0.3103092908859253,0.5222222208976746,-0.30000001192092896,-0.30000001192092896,-0.30000001192092896,-0.30000001192092896,-0.30000001192092896,-0.30000001192092896,0.30000001192092896,-0.29170125692092896,0.981370357920929,-0.30000001192092896,-0.29888633452523805
1.2999999523162842,0.3306228492170105,-0.30000001192092896,0.3103092908859253,0.3598290588976746,-0.30000001192092896,-0.22741936692092896,-0.20909092092092896,-0.30000001192092896,-0.30000001192092896,-0.30000001192092896,0.368850278920929,0.12738588007907103,0.979299344920929,-0.30000001192092896,-0.24916457552523802
1.2999999523162842,0.4526803452170105,-0.30000001192092896,0.3103092908859253,0.5222222208976746,-0.30000001192092896,-0.30000001192092896,-0.30000001192092896,-0.30000001192092896,-0.30000001192092896,-0.30000001192092896,0.30000001192092896,-0.295850633920929,0.695747523920929,-0.30000001192092896,-0.299256672525238
1.2999999523162842,0.48239377421701046,-0.30000001192092896,0.3103092908859253,0.5222222208976746,-0.30000001192092896,-0.30000001192092896,-0.30000001192092896,-0.30000001192092896,-0.30000001192092896,-0.30000001192092896,0.30000001192092896,-0.295850633920929,0.979165439920929,-0.30000001192092896,-0.299028925525238
1.2999999523162842,0.4817879152170105,-0.30000001192092896,0.3103092908859253,0.5136752128976746,-0.30000001192092896,-0.30000001192092896,-0.30000001192092896,-0.30000001192092896,-0.30000001192092896,-0.30000001192092896,0.30000001192092896,-0.2875518789209289,0.856131456920929,-0.30000001192092896,-0.29902182952523804
1.2999999523162842,0.3003153752170105,-0.30000001192092896,0.3103092908859253,0.34273504189767456,-0.30000001192092896,-0.27580646392092895,-0.26969698192092895,-0.30000001192092896,-0.30000001192092896,-0.30000001192092896,0.30000001192092896,-0.30000001192092896,0.30000001192092896,-0.30000001192092896,-0.29984056452523805
1.2999999523162842,0.3021290132170105,-0.30000001192092896,0.3103092908859253,0.34273504189767456,-0.30000001192092896,-0.05806452792092895,-0.28989900192092893,-0.30000001192092896,-0.30000001192092896,-0.30000001192092896,1.122192524920929,-0.30000001192092896,0.30000001192092896,-0.30000001192092896,-0.29983923452523803
1.2999999523162842,0.3611917502170105,-0.30000001192092896,0.4030927968859253,0.5393162378976746,-0.30000001192092896,-0.30000001192092896,-0.30000001192092896,-0.30000001192092896,-0.30000001192092896,-0.30000001192092896,0.30000001192092896,-0.24605810292092894,0.944194374920929,-0.30000001192092896,-0.24067895652523802
1.2999999523162842,0.3611920532170105,-0.30000001192092896,0.5061855798859253,0.5393162378976746,-0.30000001192092896,-0.30000001192092896,-0.30000001192092896,0.699999988079071,-0.30000001192092896,-0.30000001192092896,0.30000001192092896,-0.24605810292092894,1.1978775169209288,-0.30000001192092896,-0.263850141525238
1.2999999523162842,0.3039665832170105,-0.30000001192092896,0.3103092908859253,0.3512820498976746,-0.30000001192092896,-0.17903226992092897,-0.28989900192092893,-0.30000001192092896,-0.30000001192092896,-0.30000001192092896,1.021925145920929,-0.30000001192092896,0.30000001192092896,-0.30000001192092896,-0.299836351525238
1.2999999523162842,0.4826967032170105,-0.30000001192092896,0.3103092908859253,0.5222222208976746,-0.30000001192092896,-0.30000001192092896,-0.30000001192092896,-0.30000001192092896,-0.30000001192092896,-0.30000001192092896,0.30000001192092896,-0.30000001192092896,0.30000001192092896,-0.30000001192092896,-0.29990132662523805
1.2999999523162842,0.3030308342170105,-0.30000001192092896,0.3103092908859253,0.33418803289767457,-0.30000001192092896,0.030645149079071066,-0.28989900192092893,-0.30000001192092896,-0.30000001192092896,-0.30000001192092896,1.149598941920929,-0.25435685792092894,0.9682757449209289,-0.30000001192092896,-0.256416991525238
1.2999999523162842,0.3327433542170105,-0.30000001192092896,0.3103092908859253,0.3256410248976746,-0.30000001192092896,-0.20322581792092898,-0.17878789092092895,-0.30000001192092896,-0.30000001192092896,-0.30000001192092896,0.30000001192092896,-0.30000001192092896,0.30000001192092896,-0.30000001192092896,-0.29984167352523805
1.2999999523162842,0.4221108382170105,-0.30000001192092896,0.3103092908859253,0.5136752128976746,-0.30000001192092896,-0.30000001192092896,-0.30000001192092896,-0.30000001192092896,-0.30000001192092896,-0.30000001192092896,0.30000001192092896,-0.30000001192092896,0.30000001192092896,-0.30000001192092896,-0.299900217825238
1.2999999523162842,0.4517979122170105,-0.30000001192092896,0.3103092908859253,0.3085470078976746,-0.30000001192092896,-0.025806463920928946,0.04343433107907102,-0.30000001192092896,-0.30000001192092896,-0.30000001192092896,0.30000001192092896,-0.30000001192092896,0.30000001192092896,-0.30000001192092896,-0.299854978525238
1.2999999523162842,0.4212020502170105,-0.30000001192092896,0.3103092908859253,0.5222222208976746,-0.30000001192092896,-0.30000001192092896,-0.30000001192092896,-0.30000001192092896,-0.30000001192092896,-0.30000001192092896,0.30000001192092896,-0.295850633920929,0.8485767959209289,-0.30000001192092896,-0.29275158552523806
1.2999999523162842,0.4517948822170105,-0.30000001192092896,0.3103092908859253,0.5051282038976745,-0.30000001192092896,-0.30000001192092896,-0.30000001192092896,-0.30000001192092896,-0.30000001192092896,-0.30000001192092896,0.30000001192092896,-0.30000001192092896,0.30000001192092896,-0.30000001192092896,-0.29127799452523806
1.2999999523162842,0.3036460832170105,-0.30000001192092896,0.3103092908859253,0.3170940158976746,-0.30000001192092896,-0.17903226992092897,-0.28989900192092893,-0.30000001192092896,-0.30000001192092896,-0.30000001192092896,1.021925145920929,-0.30000001192092896,0.30000001192092896,-0.30000001192092896,-0.29983923452523803
1.2999999523162842,0.3036515362170105,-0.30000001192092896,0.3103092908859253,0.34273504189767456,-0.30000001192092896,-0.22741936692092896,-0.28989900192092893,-0.30000001192092896,-0.30000001192092896,-0.30000001192092896,0.919652417920929,-0.30000001192092896,0.30000001192092896,-0.30000001192092896,-0.29984056452523805
1.2999999523162842,0.3324373952170105,-0.30000001192092896,0.3103092908859253,0.34273504189767456,-0.30000001192092896,-0.14677420592092896,-0.28989900192092893,-0.30000001192092896,-0.30000001192092896,-0.30000001192092896,1.062032097920929,-0.16721992892092896,0.905518600920929,-0.30000001192092896,-0.24746523452523803
1.2999999523162842,0.3336360872170105,-0.30000001192092896,0.3103092908859253,0.3256410248976746,-0.30000001192092896,-0.18709678592092896,-0.15858587092092896,-0.30000001192092896,-0.30000001192092896,-0.30000001192092896,0.30000001192092896,-0.30000001192092896,0.30000001192092896,-0.30000001192092896,-0.299843890525238
1.2999999523162842,0.4542213462170105,-0.30000001192092896,0.3103092908859253,0.5307692298976746,-0.30000001192092896,-0.30000001192092896,-0.30000001192092896,-0.30000001192092896,-0.30000001192092896,-0.30000001192092896,0.30000001192092896,-0.295850633920929,0.7089505379209289,-0.30000001192092896,-0.299243588525238
1.2999999523162842,0.3030468892170105,-0.30000001192092896,0.3103092908859253,0.3598290588976746,-0.30000001192092896,-0.23548388292092895,-0.21919193092092895,-0.30000001192092896,-0.30000001192092896,-0.30000001192092896,0.30000001192092896,-0.30000001192092896,0.30000001192092896,-0.30000001192092896,-0.29983989952523804
1.2999999523162842,0.3333380042170105,-0.30000001192092896,0.3103092908859253,0.33418803289767457,-0.30000001192092896,-0.10645162492092897,-0.28989900192092893,-0.30000001192092896,-0.30000001192092896,-0.30000001192092896,1.086096268920929,-0.30000001192092896,0.30000001192092896,-0.30000001192092896,-0.29984256052523806
1.2999999523162842,0.4829975122170105,-0.30000001192092896,0.3103092908859253,0.5222222208976746,-0.30000001192092896,-0.30000001192092896,-0.30000001192092896,-0.30000001192092896,-0.30000001192092896,-0.30000001192092896,0.30000001192092896,-0.30000001192092896,0.30000001192092896,-0.30000001192092896,-0.278997852525238
1.2999999523162842,0.5732437932170105,-0.30000001192092896,0.3103092908859253,0.5222222208976746,-0.30000001192092896,-0.30000001192092896,-0.30000001192092896,-0.30000001192092896,-0.30000001192092896,-0.30000001192092896,0.30000001192092896,-0.30000001192092896,0.30000001192092896,-0.30000001192092896,-0.299901104925238
1.2999999523162842,0.4517979122170105,-0.30000001192092896,0.3103092908859253,0.5222222208976746,-0.30000001192092896,-0.30000001192092896,-0.30000001192092896,-0.30000001192092896,-0.30000001192092896,-0.30000001192092896,0.30000001192092896,-0.30000001192092896,0.30000001192092896,-0.30000001192092896,-0.29939970752523803
1.2999999523162842,0.36061618421701047,-0.30000001192092896,0.3103092908859253,0.3598290588976746,-0.30000001192092896,-0.29193549592092893,-0.28989900192092893,-0.30000001192092896,-0.30000001192092896,-0.30000001192092896,0.4610962689209289,0.19377592207907107,0.920659170920929,-0.30000001192092896,-0.253704875525238
1.2999999523162842,0.36061618421701047,-0.30000001192092896,0.3103092908859253,0.3940170928976746,-0.30000001192092896,-0.29193549592092893,-0.28989900192092893,-0.30000001192092896,-0.30000001192092896,-0.30000001192092896,0.4610962689209289,-0.30000001192092896,0.30000001192092896,-0.30000001192092896,-0.29986274052523804
1.2999999523162842,0.5135954942170105,-0.30000001192092896,0.3103092908859253,0.5136752128976746,-0.30000001192092896,-0.30000001192092896,-0.30000001192092896,-0.30000001192092896,-0.30000001192092896,-0.30000001192092896,0.30000001192092896,-0.30000001192092896,0.30000001192092896,-0.30000001192092896,-0.299901104925238
1.2999999523162842,0.4224137672170105,-0.30000001192092896,0.3103092908859253,0.5222222208976746,-0.30000001192092896,-0.30000001192092896,-0.30000001192092896,-0.30000001192092896,-0.30000001192092896,-0.30000001192092896,0.30000001192092896,-0.295850633920929,0.9714153699209289,-0.30000001192092896,-0.299358238525238
1.2999999523162842,0.42180790821701053,-0.30000001192092896,0.3103092908859253,0.4282051268976746,-0.30000001192092896,-0.25967743092092893,-0.28989900192092893,-0.30000001192092896,-0.30000001192092896,-0.30000001192092896,0.768582899920929,-0.30000001192092896,0.30000001192092896,-0.30000001192092896,-0.29985675352523805
1.2999999523162842,0.4529923622170105,-0.30000001192092896,0.3103092908859253,0.38547008389767456,-0.30000001192092896,-0.29193549592092893,-0.28989900192092893,-0.30000001192092896,-0.30000001192092896,-0.30000001192092896,0.45909092092092896,0.687551855079071,1.046923599920929,-0.30000001192092896,-0.24702703752523802
1.2999999523162842,0.33244375721701047,-0.30000001192092896,0.3103092908859253,0.34273504189767456,-0.30000001192092896,-0.24354839892092894,-0.22929294092092894,-0.30000001192092896,-0.30000001192092896,-0.30000001192092896,0.30000001192092896,-0.30000001192092896,0.30000001192092896,-0.30000001192092896,-0.29985431352523806
1.2999999523162842,0.3618279022170105,-0.30000001192092896,0.3103092908859253,0.4538461528976746,-0.30000001192092896,-0.29193549592092893,-0.28989900192092893,-0.30000001192092896,-0.30000001192092896,-0.30000001192092896,0.4610962689209289,-0.30000001192092896,0.30000001192092896,-0.30000001192092896,-0.29986384952523804
1.2999999523162842,0.3330256842170105,-0.30000001192092896,0.3103092908859253,0.3512820498976746,-0.30000001192092896,-0.27580646392092895,-0.28989900192092893,-0.30000001192092896,-0.30000001192092896,-0.30000001192092896,0.6629679259209289,0.09419085907907104,0.721141444920929,-0.30000001192092896,-0.25356982352523805
1.2999999523162842,0.4212020502170105,-0.30000001192092896,0.3103092908859253,0.5136752128976746,-0.30000001192092896,-0.30000001192092896,-0.30000001192092896,-0.30000001192092896,-0.30000001192092896,-0.30000001192092896,0.30000001192092896,-0.30000001192092896,0.30000001192092896,-0.30000001192092896,-0.299614591525238
1.2999999523162842,0.8153131032170104,-0.30000001192092896,0.3103092908859253,0.3769230758976746,-0.30000001192092896,-0.30000001192092896,-0.30000001192092896,-0.30000001192092896,-0.30000001192092896,-0.30000001192092896,0.30000001192092896,-0.30000001192092896,0.30000001192092896,-0.30000001192092896,-0.29990465302523805
1.2999999523162842,0.4514646892170105,-0.30000001192092896,0.3103092908859253,0.5051282038976745,-0.30000001192092896,-0.30000001192092896,-0.30000001192092896,0.699999988079071,-0.30000001192092896,-0.30000001192092896,0.30000001192092896,-0.30000001192092896,0.30000001192092896,-0.30000001192092896,-0.29990043962523805
1.2999999523162842,0.45148740921701047,-0.30000001192092896,0.3103092908859253,0.5307692298976746,-0.30000001192092896,-0.30000001192092896,-0.30000001192092896,-0.30000001192092896,-0.30000001192092896,-0.30000001192092896,0.30000001192092896,-0.29170125692092896,0.9714153699209289,-0.30000001192092896,-0.298751061525238
1.2999999523162842,0.4826967032170105,-0.30000001192092896,0.3103092908859253,0.5222222208976746,-0.30000001192092896,-0.30000001192092896,-0.30000001192092896,-0.30000001192092896,-0.30000001192092896,-0.30000001192092896,0.30000001192092896,-0.30000001192092896,0.30000001192092896,-0.30000001192092896,-0.29918482252523804
1.2999999523162842,0.45298327421701046,-0.30000001192092896,0.3103092908859253,0.5222222208976746,-0.30000001192092896,-0.30000001192092896,-0.30000001192092896,-0.30000001192092896,-0.30000001192092896,-0.30000001192092896,0.30000001192092896,-0.30000001192092896,0.30000001192092896,-0.30000001192092896,-0.299722145525238
1.2999999523162842,1.1182424302170104,-0.30000001192092896,0.3103092908859253,0.3769230758976746,-0.30000001192092896,-0.30000001192092896,-0.30000001192092896,-0.30000001192092896,-0.30000001192092896,-0.30000001192092896,0.30000001192092896,-0.30000001192092896,0.30000001192092896,-0.30000001192092896,-0.29973611552523804
1.2999999523162842,0.4826967032170105,-0.30000001192092896,0.3103092908859253,0.4965811958976746,-0.30000001192092896,-0.30000001192092896,-0.30000001192092896,-0.30000001192092896,-0.30000001192092896,-0.30000001192092896,0.30000001192092896,-0.30000001192092896,0.30000001192092896,-0.30000001192092896,-0.29728700652523804
1.2999999523162842,0.4817679222170105,-0.30000001192092896,0.3515464048859253,0.5307692298976746,-0.30000001192092896,-0.30000001192092896,-0.30000001192092896,-0.30000001192092896,-0.30000001192092896,-0.30000001192092896,0.30000001192092896,-0.24605810292092894,1.119382977920929,-0.30000001192092896,-0.294553823525238
1.2999999523162842,0.4230196262170105,-0.30000001192092896,0.3103092908859253,0.3598290588976746,-0.30000001192092896,-0.21129033492092897,-0.18888890092092897,-0.30000001192092896,-0.30000001192092896,-0.30000001192092896,0.30000001192092896,-0.30000001192092896,0.30000001192092896,-0.30000001192092896,-0.29985564452523805
1.2999999523162842,0.4230196262170105,-0.30000001192092896,0.3103092908859253,0.5051282038976745,-0.30000001192092896,-0.30000001192092896,-0.30000001192092896,-0.30000001192092896,-0.30000001192092896,-0.30000001192092896,0.30000001192092896,-0.30000001192092896,0.30000001192092896,-0.30000001192092896,-0.29885484452523803
1.2999999523162842,0.3000172932170105,-0.30000001192092896,0.3103092908859253,0.2999999988976746,-0.30000001192092896,-0.10645162492092897,-0.28989900192092893,-0.30000001192092896,-0.30000001192092896,-0.30000001192092896,1.086096268920929,-0.30000001192092896,0.30000001192092896,-0.30000001192092896,-0.29994967012523804
1.2999999523162842,0.6029596462170105,-0.30000001192092896,0.3103092908859253,0.3769230758976746,-0.30000001192092896,-0.30000001192092896,-0.30000001192092896,-0.30000001192092896,-0.30000001192092896,-0.30000001192092896,0.30000001192092896,-0.30000001192092896,0.30000001192092896,-0.30000001192092896,-0.299904431225238
1.2999999523162842,0.5123837772170106,-0.30000001192092896,0.3103092908859253,0.5136752128976746,-0.30000001192092896,-0.30000001192092896,-0.30000001192092896,-0.30000001192092896,-0.30000001192092896,-0.30000001192092896,0.30000001192092896,-0.27925312392092894,0.985206940920929,-0.30000001192092896,-0.298549925525238
1.2999999523162842,0.42180790821701053,-0.30000001192092896,0.3103092908859253,0.5136752128976746,-0.30000001192092896,-0.30000001192092896,-0.30000001192092896,-0.30000001192092896,-0.30000001192092896,-0.30000001192092896,0.30000001192092896,-0.295850633920929,1.173585533920929,-0.30000001192092896,-0.299429866525238
1.2999999523162842,1.1179395012170104,-0.30000001192092896,0.3103092908859253,0.3769230758976746,-0.30000001192092896,-0.30000001192092896,-0.30000001192092896,-0.30000001192092896,-0.30000001192092896,-0.30000001192092896,0.30000001192092896,-0.295850633920929,1.018495879920929,-0.30000001192092896,-0.29972369752523803
1.2999999523162842,0.5726667132170105,-0.30000001192092896,0.3103092908859253,0.5051282038976745,-0.30000001192092896,-0.30000001192092896,-0.30000001192092896,-0.30000001192092896,-0.30000001192092896,-0.30000001192092896,0.30000001192092896,-0.30000001192092896,0.30000001192092896,-0.30000001192092896,-0.299900661325238
1.2999999523162842,0.3921208342170105,-0.30000001192092896,0.3103092908859253,0.4111111098976746,-0.30000001192092896,-0.27580646392092895,-0.26969698192092895,-0.30000001192092896,-0.30000001192092896,-0.30000001192092896,0.30000001192092896,-0.30000001192092896,0.30000001192092896,-0.30000001192092896,-0.296563849525238
1.2999999523162842,0.3033483042170105,-0.30000001192092896,0.3103092908859253,0.34273504189767456,-0.30000001192092896,-0.21129033492092897,-0.18888890092092897,-0.30000001192092896,-0.30000001192092896,-0.30000001192092896,0.30000001192092896,-0.30000001192092896,0.30000001192092896,-0.30000001192092896,-0.29984167352523805
1.2999999523162842,0.4826967032170105,-0.30000001192092896,0.3103092908859253,0.5136752128976746,-0.30000001192092896,-0.30000001192092896,-0.30000001192092896,-0.30000001192092896,-0.30000001192092896,-0.30000001192092896,0.30000001192092896,-0.30000001192092896,0.30000001192092896,-0.30000001192092896,-0.29990043962523805
1.2999999523162842,0.3921208342170105,-0.30000001192092896,0.3103092908859253,0.4025641018976746,-0.30000001192092896,-0.25967743092092893,-0.28989900192092893,-0.30000001192092896,-0.30000001192092896,-0.30000001192092896,0.780614984920929,-0.0012448249209289775,0.861431282920929,-0.30000001192092896,-0.252599405525238
1.2999999523162842,0.4529799422170105,-0.30000001192092896,0.3103092908859253,0.5051282038976745,-0.30000001192092896,-0.30000001192092896,-0.30000001192092896,-0.30000001192092896,-0.30000001192092896,-0.30000001192092896,0.30000001192092896,-0.30000001192092896,0.30000001192092896,-0.30000001192092896,-0.29918504452523803
1.2999999523162842,0.5732725722170104,-0.30000001192092896,0.3103092908859253,0.5051282038976745,-0.30000001192092896,-0.30000001192092896,-0.30000001192092896,-0.30000001192092896,-0.30000001192092896,-0.30000001192092896,0.30000001192092896,-0.30000001192092896,0.30000001192092896,-0.30000001192092896,-0.299900661325238
1.2999999523162842,0.4221108382170105,-0.30000001192092896,0.3103092908859253,0.5307692298976746,-0.30000001192092896,-0.30000001192092896,-0.30000001192092896,-0.30000001192092896,-0.30000001192092896,-0.30000001192092896,0.30000001192092896,-0.30000001192092896,0.30000001192092896,-0.30000001192092896,-0.29923760152523804
1.2999999523162842,0.48177973621701053,-0.30000001192092896,0.4340206318859253,0.5393162378976746,-0.30000001192092896,-0.30000001192092896,-0.30000001192092896,-0.30000001192092896,-0.30000001192092896,-0.30000001192092896,0.30000001192092896,-0.24605810292092894,0.973676295920929,-0.30000001192092896,-0.29515833852523804
1.2999999523162842,0.4236254842170105,-0.30000001192092896,0.3103092908859253,0.5307692298976746,-0.30000001192092896,-0.30000001192092896,-0.30000001192092896,-0.30000001192092896,-0.30000001192092896,-0.30000001192092896,0.30000001192092896,-0.295850633920929,0.869510518920929,-0.30000001192092896,-0.299217642525238
1.2999999523162842,0.30212325821701047,-0.30000001192092896,0.33092784788592533,0.5051282038976745,-0.30000001192092896,-0.30000001192092896,-0.30000001192092896,-0.30000001192092896,-0.30000001192092896,-0.30000001192092896,0.30000001192092896,-0.24605810292092894,1.088932179920929,-0.30000001192092896,-0.27785490552523806
1.2999999523162842,0.4236254842170105,-0.30000001192092896,0.3103092908859253,0.5222222208976746,-0.30000001192092896,-0.30000001192092896,-0.30000001192092896,-0.30000001192092896,-0.30000001192092896,-0.30000001192092896,0.30000001192092896,-0.283402501920929,0.8573142639209289,-0.30000001192092896,-0.29910787152523804
1.2999999523162842,0.33363396621701047,-0.30000001192092896,0.3103092908859253,0.3512820498976746,-0.30000001192092896,-0.21935485092092893,-0.28989900192092893,-0.30000001192092896,-0.30000001192092896,-0.30000001192092896,0.9129679259209289,-0.30000001192092896,0.30000001192092896,-0.30000001192092896,-0.29985032152523805
1.2999999523162842,0.30396506821701047,-0.30000001192092896,0.3103092908859253,0.33418803289767457,-0.30000001192092896,0.06290321407907107,-0.28989900192092893,-0.30000001192092896,-0.30000001192092896,-0.30000001192092896,1.1529411879209288,-0.30000001192092896,0.30000001192092896,-0.30000001192092896,-0.29983967752523805
1.2999999523162842,0.5129896362170105,-0.30000001192092896,0.3103092908859253,0.5136752128976746,-0.30000001192092896,-0.30000001192092896,-0.30000001192092896,-0.30000001192092896,-0.30000001192092896,-0.30000001192092896,0.30000001192092896,-0.295850633920929,0.798222310920929,-0.30000001192092896,-0.29975141752523804
1.2999999523162842,0.4236254842170105,-0.30000001192092896,0.3103092908859253,0.5051282038976745,-0.30000001192092896,-0.30000001192092896,-0.30000001192092896,0.699999988079071,-0.30000001192092896,-0.30000001192092896,0.30000001192092896,-0.30000001192092896,0.30000001192092896,-0.30000001192092896,-0.299870945525238
1.2999999523162842,0.3024249752170105,-0.30000001192092896,0.3103092908859253,0.33418803289767457,-0.30000001192092896,0.07096773007907103,0.16464645307907105,-0.30000001192092896,-0.30000001192092896,-0.30000001192092896,0.30000001192092896,-0.30000001192092896,0.30000001192092896,-0.30000001192092896,-0.29983923452523803
1.2999999523162842,0.4517979122170105,-0.30000001192092896,0.3103092908859253,0.5307692298976746,-0.30000001192092896,-0.30000001192092896,-0.30000001192092896,-0.30000001192092896,-0.30000001192092896,-0.30000001192092896,0.30000001192092896,-0.30000001192092896,0.30000001192092896,-0.30000001192092896,-0.29989733452523804
1.2999999523162842,0.4230196262170105,-0.30000001192092896,0.3103092908859253,0.5222222208976746,-0.30000001192092896,-0.30000001192092896,-0.30000001192092896,-0.30000001192092896,-0.30000001192092896,-0.30000001192092896,0.30000001192092896,-0.30000001192092896,0.30000001192092896,-0.30000001192092896,-0.29903823952523806
1.2999999523162842,0.4238990292170105,-0.30000001192092896,0.3103092908859253,0.5222222208976746,-0.30000001192092896,-0.30000001192092896,-0.30000001192092896,-0.30000001192092896,-0.30000001192092896,-0.30000001192092896,0.30000001192092896,-0.30000001192092896,0.30000001192092896,-0.30000001192092896,-0.29903846152523805
1.2999999523162842,0.3003090142170105,-0.30000001192092896,0.3103092908859253,0.34273504189767456,-0.30000001192092896,-0.10645162492092897,-0.05757576992092894,-0.30000001192092896,-0.30000001192092896,-0.30000001192092896,1.086096268920929,-0.09668050992092894,0.950088698920929,-0.30000001192092896,-0.24544522852523804
1.2999999523162842,0.3036654712170105,-0.30000001192092896,0.3103092908859253,0.3512820498976746,-0.30000001192092896,-0.17903226992092897,-0.28989900192092893,-0.30000001192092896,-0.30000001192092896,-0.30000001192092896,1.021925145920929,-0.17136930692092894,0.917708219920929,-0.30000001192092896,-0.255705809525238
1.2999999523162842,0.3911884182170105,-0.30000001192092896,0.3103092908859253,0.2999999988976746,-0.30000001192092896,0.2725806330790711,-0.28989900192092893,-0.30000001192092896,-0.30000001192092896,-0.30000001192092896,1.201737979920929,-0.24605810292092894,0.6907916699209289,-0.30000001192092896,-0.255831325525238
1.2999999523162842,0.3615013442170105,-0.30000001192092896,0.5061855798859253,0.5393162378976746,-0.30000001192092896,-0.30000001192092896,-0.30000001192092896,0.699999988079071,-0.30000001192092896,-0.30000001192092896,0.5633689959209289,-0.24605810292092894,0.6907916699209289,-0.30000001192092896,-0.26962098252523803
1.2999999523162842,0.4514710512170105,-0.30000001192092896,0.3103092908859253,0.5307692298976746,-0.30000001192092896,-0.30000001192092896,-0.30000001192092896,-0.30000001192092896,-0.30000001192092896,-0.30000001192092896,0.30000001192092896,-0.295850633920929,0.721141444920929,-0.30000001192092896,-0.299394163525238
1.2999999523162842,0.3030353782170105,-0.30000001192092896,0.3103092908859253,0.3170940158976746,-0.30000001192092896,-0.17096775392092894,-0.13838384992092895,-0.30000001192092896,-0.30000001192092896,-0.30000001192092896,0.30000001192092896,-0.30000001192092896,0.30000001192092896,-0.30000001192092896,-0.296855241525238
1.2999999523162842,0.3621308312170105,-0.30000001192092896,0.3103092908859253,0.5222222208976746,-0.30000001192092896,-0.30000001192092896,-0.30000001192092896,-0.30000001192092896,-0.30000001192092896,-0.30000001192092896,0.30000001192092896,-0.30000001192092896,0.30000001192092896,-0.30000001192092896,-0.295102233525238
1.2999999523162842,0.48239377421701046,-0.30000001192092896,0.3103092908859253,0.5222222208976746,-0.30000001192092896,-0.30000001192092896,-0.30000001192092896,-0.30000001192092896,-0.30000001192092896,-0.30000001192092896,0.30000001192092896,-0.2875518789209289,0.973676295920929,-0.30000001192092896,-0.29910742852523803
1.2999999523162842,0.3333355812170105,-0.30000001192092896,0.3103092908859253,0.33418803289767457,-0.30000001192092896,-0.25161291492092897,-0.23939395092092897,-0.30000001192092896,-0.30000001192092896,-0.30000001192092896,0.30000001192092896,-0.30000001192092896,0.30000001192092896,-0.30000001192092896,-0.299846330525238
1.2999999523162842,0.5426655012170105,-0.30000001192092896,0.6505154768859254,0.5393162378976746,-0.30000001192092896,-0.30000001192092896,-0.30000001192092896,-0.30000001192092896,-0.30000001192092896,-0.30000001192092896,0.30000001192092896,-0.24605810292092894,0.913875549920929,-0.30000001192092896,-0.294750301525238
1.2999999523162842,0.4223895332170105,-0.30000001192092896,0.3103092908859253,0.3170940158976746,-0.30000001192092896,-0.25967743092092893,-0.24949496092092896,-0.30000001192092896,-0.30000001192092896,-0.30000001192092896,0.30000001192092896,-0.30000001192092896,0.30000001192092896,-0.30000001192092896,-0.29986163152523804
1.2999999523162842,0.4221108382170105,-0.30000001192092896,0.3103092908859253,0.3769230758976746,-0.30000001192092896,-0.27580646392092895,-0.26969698192092895,-0.30000001192092896,-0.30000001192092896,-0.30000001192092896,0.30000001192092896,-0.30000001192092896,0.30000001192092896,-0.30000001192092896,-0.29986251852523804
1.2999999523162842,0.3911920532170105,-0.30000001192092896,0.4649484668859253,0.4025641018976746,-0.30000001192092896,-0.30000001192092896,-0.30000001192092896,-0.30000001192092896,-0.30000001192092896,-0.30000001192092896,0.30000001192092896,-0.24605810292092894,1.119382977920929,-0.30000001192092896,-0.29452632552523805
1.2999999523162842,0.30274274821701047,-0.30000001192092896,0.3103092908859253,0.34273504189767456,-0.30000001192092896,-0.13064517292092895,-0.08787879992092895,-0.30000001192092896,-0.30000001192092896,-0.30000001192092896,0.30000001192092896,-0.30000001192092896,0.30000001192092896,-0.30000001192092896,-0.29983923452523803
1.2999999523162842,0.42150497921701047,-0.30000001192092896,0.3103092908859253,0.5222222208976746,-0.30000001192092896,-0.30000001192092896,-0.30000001192092896,-0.30000001192092896,-0.30000001192092896,-0.30000001192092896,0.30000001192092896,-0.30000001192092896,0.30000001192092896,-0.30000001192092896,-0.269999969525238
1.2999999523162842,0.3612114402170105,-0.30000001192092896,0.5268041368859253,0.5393162378976746,-0.30000001192092896,-0.30000001192092896,-0.30000001192092896,0.699999988079071,-0.30000001192092896,-0.30000001192092896,0.38689840792092894,-0.24605810292092894,1.014219106920929,-0.30000001192092896,-0.26565348752523804
1.2999999523162842,0.4236254842170105,-0.30000001192092896,0.3103092908859253,0.3683760668976746,-0.30000001192092896,-0.25161291492092897,-0.23939395092092897,-0.30000001192092896,-0.30000001192092896,-0.30000001192092896,0.30000001192092896,-0.30000001192092896,0.30000001192092896,-0.30000001192092896,-0.29985653152523806
1.2999999523162842,0.3033486072170105,-0.30000001192092896,0.3103092908859253,0.3256410248976746,-0.30000001192092896,-0.11451614092092896,-0.28989900192092893,-0.30000001192092896,-0.30000001192092896,-0.30000001192092896,1.084090920920929,-0.19626557192092897,1.003730975920929,-0.30000001192092896,-0.24925948852523805
1.2999999523162842,0.7244343052170106,-0.30000001192092896,0.3103092908859253,0.3769230758976746,-0.30000001192092896,-0.30000001192092896,-0.30000001192092896,-0.30000001192092896,-0.30000001192092896,-0.30000001192092896,0.30000001192092896,-0.30000001192092896,0.30000001192092896,-0.30000001192092896,-0.29979709952523803
1.2999999523162842,0.5123801422170104,-0.30000001192092896,0.3103092908859253,0.3769230758976746,-0.30000001192092896,-0.30000001192092896,-0.30000001192092896,-0.30000001192092896,-0.30000001192092896,-0.30000001192092896,0.30000001192092896,-0.30000001192092896,0.30000001192092896,-0.30000001192092896,-0.29990465302523805
1.2999999523162842,0.3609191142170105,-0.30000001192092896,0.3103092908859253,0.4025641018976746,-0.30000001192092896,-0.29193549592092893,-0.28989900192092893,-0.30000001192092896,-0.30000001192092896,-0.30000001192092896,0.4610962689209289,0.15643152307907104,0.726050401920929,-0.30000001192092896,-0.27377830452523805
1.2999999523162842,1.1788282952170106,-0.30000001192092896,0.3103092908859253,0.3769230758976746,-0.30000001192092896,-0.30000001192092896,-0.30000001192092896,-0.30000001192092896,-0.30000001192092896,-0.30000001192092896,0.30000001192092896,-0.30000001192092896,0.30000001192092896,-0.30000001192092896,-0.29990487482523803
1.2999999523162842,0.4223925622170105,-0.30000001192092896,0.3103092908859253,0.5222222208976746,-0.30000001192092896,-0.30000001192092896,-0.30000001192092896,-0.30000001192092896,-0.30000001192092896,-0.30000001192092896,0.30000001192092896,-0.29170125692092896,0.726050401920929,-0.30000001192092896,-0.299000318525238
1.2999999523162842,0.3315243662170105,-0.30000001192092896,0.3103092908859253,0.34273504189767456,-0.30000001192092896,-0.025806463920928946,-0.28989900192092893,-0.30000001192092896,-0.30000001192092896,-0.30000001192092896,1.1409091029209288,-0.30000001192092896,0.30000001192092896,-0.30000001192092896,-0.250673204525238
1.2999999523162842,0.4529808512170105,-0.30000001192092896,0.3103092908859253,0.5307692298976746,-0.30000001192092896,-0.30000001192092896,-0.30000001192092896,-0.30000001192092896,-0.30000001192092896,-0.30000001192092896,0.30000001192092896,-0.30000001192092896,0.30000001192092896,-0.30000001192092896,-0.299001870525238
1.2999999523162842,0.3924219462170105,-0.30000001192092896,0.3103092908859253,0.38547008389767456,-0.30000001192092896,-0.30000001192092896,-0.30000001192092896,-0.30000001192092896,-0.30000001192092896,-0.30000001192092896,0.30000001192092896,-0.30000001192092896,0.30000001192092896,-0.30000001192092896,-0.27469794052523805
1.2999999523162842,0.4211744832170105,-0.30000001192092896,0.5268041368859253,0.5393162378976746,-0.30000001192092896,-0.30000001192092896,-0.30000001192092896,-0.30000001192092896,-0.30000001192092896,-0.30000001192092896,0.30000001192092896,-0.24605810292092894,1.088932179920929,-0.30000001192092896,-0.295168983525238
1.2999999523162842,0.3330208372170105,-0.30000001192092896,0.3103092908859253,0.3170940158976746,-0.30000001192092896,-0.08225807692092896,-0.28989900192092893,-0.30000001192092896,-0.30000001192092896,-0.30000001192092896,1.100133701920929,-0.30000001192092896,0.30000001192092896,-0.30000001192092896,-0.25212949752523806
1.2999999523162842,0.3315101292170105,-0.30000001192092896,0.3103092908859253,0.3512820498976746,-0.30000001192092896,-0.18709678592092896,-0.15858587092092896,-0.30000001192092896,-0.30000001192092896,-0.30000001192092896,0.30000001192092896,-0.30000001192092896,0.30000001192092896,-0.30000001192092896,-0.29984056452523805
1.2999999523162842,0.4530096292170105,-0.30000001192092896,0.3103092908859253,0.5222222208976746,-0.30000001192092896,-0.30000001192092896,-0.30000001192092896,-0.30000001192092896,-0.30000001192092896,-0.30000001192092896,0.30000001192092896,-0.30000001192092896,0.30000001192092896,-0.30000001192092896,-0.299870723525238
1.2999999523162842,0.3609191142170105,-0.30000001192092896,0.3103092908859253,0.33418803289767457,-0.30000001192092896,-0.20322581792092898,-0.28989900192092893,-0.30000001192092896,-0.30000001192092896,-0.30000001192092896,0.9610962689209289,-0.30000001192092896,0.30000001192092896,-0.30000001192092896,-0.299858527525238
1.2999999523162842,0.5123837772170106,-0.30000001192092896,0.3103092908859253,0.5136752128976746,-0.30000001192092896,-0.30000001192092896,-0.30000001192092896,-0.30000001192092896,-0.30000001192092896,-0.30000001192092896,0.30000001192092896,-0.30000001192092896,0.30000001192092896,-0.30000001192092896,-0.29979288652523806
1.2999999523162842,0.5426767102170105,-0.30000001192092896,0.3103092908859253,0.5222222208976746,-0.30000001192092896,-0.30000001192092896,-0.30000001192092896,-0.30000001192092896,-0.30000001192092896,-0.30000001192092896,0.30000001192092896,-0.295850633920929,1.077346022920929,-0.30000001192092896,-0.299292819525238
1.2999999523162842,0.4826967032170105,-0.30000001192092896,0.3103092908859253,0.5222222208976746,-0.30000001192092896,-0.30000001192092896,-0.30000001192092896,-0.30000001192092896,-0.30000001192092896,-0.30000001192092896,0.30000001192092896,-0.27925312392092894,1.112000005920929,-0.30000001192092896,-0.287953823525238
1.2999999523162842,0.3609191142170105,-0.30000001192092896,0.3103092908859253,0.33418803289767457,-0.30000001192092896,-0.28387097992092897,-0.27979799192092897,-0.30000001192092896,-0.30000001192092896,-0.30000001192092896,0.30000001192092896,-0.30000001192092896,0.30000001192092896,-0.30000001192092896,-0.29985431352523806
1.2999999523162842,1.0876465682170104,-0.30000001192092896,0.3103092908859253,0.3769230758976746,-0.30000001192092896,-0.30000001192092896,-0.30000001192092896,-0.30000001192092896,-0.30000001192092896,-0.30000001192092896,0.30000001192092896,-0.30000001192092896,0.30000001192092896,-0.30000001192092896,-0.29990465302523805
1.2999999523162842,0.39363548121701053,-0.30000001192092896,0.3103092908859253,0.34273504189767456,-0.30000001192092896,-0.21935485092092893,-0.19898991092092894,-0.30000001192092896,-0.30000001192092896,-0.30000001192092896,0.30000001192092896,-0.30000001192092896,0.30000001192092896,-0.30000001192092896,-0.293115935525238
1.2999999523162842,0.4527067002170105,-0.30000001192092896,0.3103092908859253,0.5136752128976746,-0.30000001192092896,-0.30000001192092896,-0.30000001192092896,-0.30000001192092896,-0.30000001192092896,-0.30000001192092896,0.30000001192092896,-0.295850633920929,1.046923599920929,-0.30000001192092896,-0.299501272525238
1.2999999523162842,0.7850201712170105,-0.30000001192092896,0.3103092908859253,0.3769230758976746,-0.30000001192092896,-0.30000001192092896,-0.30000001192092896,-0.30000001192092896,-0.30000001192092896,-0.30000001192092896,0.30000001192092896,-0.29170125692092896,0.990216424920929,-0.30000001192092896,-0.299616587525238
1.2999999523162842,0.4826664102170105,-0.30000001192092896,0.3103092908859253,0.5222222208976746,-0.30000001192092896,-0.30000001192092896,-0.30000001192092896,-0.30000001192092896,-0.30000001192092896,-0.30000001192092896,0.30000001192092896,-0.27925312392092894,1.1441927509209289,-0.30000001192092896,-0.29876724952523803
1.2999999523162842,0.9664748372170104,-0.30000001192092896,0.3103092908859253,0.3769230758976746,-0.30000001192092896,-0.30000001192092896,-0.30000001192092896,-0.30000001192092896,-0.30000001192092896,-0.30000001192092896,0.30000001192092896,-0.295850633920929,0.7782413209209289,-0.30000001192092896,-0.299582215525238
1.2999999523162842,0.4817879152170105,-0.30000001192092896,0.3103092908859253,0.5222222208976746,-0.30000001192092896,-0.30000001192092896,-0.30000001192092896,-0.30000001192092896,-0.30000001192092896,-0.30000001192092896,0.30000001192092896,-0.295850633920929,0.897304123920929,-0.30000001192092896,-0.299435632525238
1.2999999523162842,0.4820908442170105,-0.30000001192092896,0.3103092908859253,0.5136752128976746,-0.30000001192092896,-0.30000001192092896,-0.30000001192092896,-0.30000001192092896,-0.30000001192092896,-0.30000001192092896,0.30000001192092896,-0.30000001192092896,0.30000001192092896,-0.30000001192092896,-0.299900217825238
1.2999999523162842,1.0876465682170104,-0.30000001192092896,0.3103092908859253,0.3769230758976746,-0.30000001192092896,-0.30000001192092896,-0.30000001192092896,-0.30000001192092896,-0.30000001192092896,-0.30000001192092896,0.30000001192092896,-0.295850633920929,0.9164036419209289,-0.30000001192092896,-0.299723919525238
1.2999999523162842,0.4530081142170105,-0.30000001192092896,0.3103092908859253,0.4709401698976746,-0.30000001192092896,-0.30000001192092896,-0.30000001192092896,-0.30000001192092896,-0.30000001192092896,-0.30000001192092896,0.30000001192092896,-0.30000001192092896,0.30000001192092896,-0.30000001192092896,-0.28511996152523805
1.2999999523162842,0.3621181082170105,-0.30000001192092896,0.48556702288592535,0.5393162378976746,-0.30000001192092896,-0.30000001192092896,-0.30000001192092896,-0.30000001192092896,-0.30000001192092896,-0.30000001192092896,0.30000001192092896,-0.24605810292092894,1.020383467920929,-0.30000001192092896,-0.27544571252523803
1.2999999523162842,0.42271669621701047,-0.30000001192092896,0.3103092908859253,0.5222222208976746,-0.30000001192092896,-0.26774194692092895,-0.28989900192092893,-0.30000001192092896,-0.30000001192092896,-0.30000001192092896,0.6208556269209289,-0.30000001192092896,0.30000001192092896,-0.30000001192092896,-0.299858305525238
1.2999999523162842,0.3039499212170105,-0.30000001192092896,0.3103092908859253,0.3170940158976746,-0.30000001192092896,-0.07419355992092896,-0.01717172892092894,-0.30000001192092896,-0.30000001192092896,-0.30000001192092896,0.30000001192092896,-0.30000001192092896,0.30000001192092896,-0.30000001192092896,-0.29983745952523805
1.2999999523162842,0.3618279022170105,-0.30000001192092896,0.3103092908859253,0.5222222208976746,-0.30000001192092896,-0.30000001192092896,-0.30000001192092896,-0.30000001192092896,-0.30000001192092896,-0.30000001192092896,0.30000001192092896,-0.30000001192092896,0.30000001192092896,-0.30000001192092896,-0.299870945525238
1.2999999523162842,0.3933198282170105,-0.30000001192092896,0.3103092908859253,0.3512820498976746,-0.30000001192092896,-0.25967743092092893,-0.28989900192092893,-0.30000001192092896,-0.30000001192092896,-0.30000001192092896,0.7812834339209289,-0.005394202920928959,0.897441642920929,-0.30000001192092896,-0.24956019452523803
1.2999999523162842,0.3000069935870105,-0.30000001192092896,0.3103092908859253,0.2999999988976746,-0.30000001192092896,-0.20322581792092898,-0.28989900192092893,-0.30000001192092896,-0.30000001192092896,-0.30000001192092896,0.981149744920929,-0.11327801992092895,1.026060097920929,-0.30000001192092896,-0.251354670525238
1.2999999523162842,0.36061618421701047,-0.30000001192092896,0.3103092908859253,0.34273504189767456,-0.30000001192092896,-0.27580646392092895,-0.26969698192092895,-0.30000001192092896,-0.30000001192092896,-0.30000001192092896,0.30000001192092896,-0.30000001192092896,0.30000001192092896,-0.30000001192092896,-0.285328415525238
1.2999999523162842,0.3618003352170105,-0.30000001192092896,0.4237113528859253,0.5393162378976746,-0.30000001192092896,-0.30000001192092896,-0.30000001192092896,-0.30000001192092896,-0.30000001192092896,-0.30000001192092896,0.30000001192092896,-0.24605810292092894,1.088932179920929,-0.30000001192092896,-0.28582471252523806
1.2999999523162842,0.5120808482170105,-0.30000001192092896,0.3103092908859253,0.5136752128976746,-0.30000001192092896,-0.30000001192092896,-0.30000001192092896,-0.30000001192092896,-0.30000001192092896,-0.30000001192092896,0.30000001192092896,-0.29170125692092896,1.014219106920929,-0.30000001192092896,-0.298842426525238
1.2999999523162842,0.4829996322170105,-0.30000001192092896,0.3103092908859253,0.5136752128976746,-0.30000001192092896,-0.30000001192092896,-0.30000001192092896,-0.30000001192092896,-0.30000001192092896,-0.30000001192092896,0.30000001192092896,-0.295850633920929,0.918342235920929,-0.30000001192092896,-0.299367995525238
1.2999999523162842,0.3921208342170105,-0.30000001192092896,0.3103092908859253,0.4025641018976746,-0.30000001192092896,-0.25161291492092897,-0.28989900192092893,-0.30000001192092896,-0.30000001192092896,-0.30000001192092896,0.812700546920929,-0.0012448249209289775,1.067763975920929,-0.30000001192092896,-0.21999524652523803
1.2999999523162842,0.5123728712170105,-0.30000001192092896,0.3103092908859253,0.5222222208976746,-0.30000001192092896,-0.30000001192092896,-0.30000001192092896,-0.30000001192092896,-0.30000001192092896,-0.30000001192092896,0.30000001192092896,-0.30000001192092896,0.30000001192092896,-0.30000001192092896,-0.29990088312523805
1.2999999523162842,0.5426767102170105,-0.30000001192092896,0.3103092908859253,0.5222222208976746,-0.30000001192092896,-0.30000001192092896,-0.30000001192092896,-0.30000001192092896,-0.30000001192092896,-0.30000001192092896,0.30000001192092896,-0.295850633920929,1.159883051920929,-0.30000001192092896,-0.29972924152523805
1.2999999523162842,0.3024383042170105,-0.30000001192092896,0.3103092908859253,0.3769230758976746,-0.30000001192092896,-0.21935485092092893,-0.28989900192092893,-0.30000001192092896,-0.30000001192092896,-0.30000001192092896,0.941042792920929,-0.30000001192092896,0.30000001192092896,-0.30000001192092896,-0.29984034252523806
1.2999999523162842,0.3021414332170105,-0.30000001192092896,0.3412371258859253,0.4111111098976746,-0.30000001192092896,-0.13064517292092895,-0.28989900192092893,-0.30000001192092896,-0.30000001192092896,-0.30000001192092896,1.072058835920929,-0.07178424392092894,0.765188056920929,-0.30000001192092896,-0.20744699652523801
1.2999999523162842,0.5432825682170105,-0.30000001192092896,0.3103092908859253,0.5222222208976746,-0.30000001192092896,-0.30000001192092896,-0.30000001192092896,-0.30000001192092896,-0.30000001192092896,-0.30000001192092896,0.30000001192092896,-0.30000001192092896,0.30000001192092896,-0.30000001192092896,-0.29990043962523805
1.2999999523162842,0.5129896362170105,-0.30000001192092896,0.3103092908859253,0.4965811958976746,-0.30000001192092896,-0.30000001192092896,-0.30000001192092896,-0.30000001192092896,-0.30000001192092896,-0.30000001192092896,0.30000001192092896,-0.30000001192092896,0.30000001192092896,-0.30000001192092896,-0.29939992852523806
1.2999999523162842,0.5429796392170105,-0.30000001192092896,0.3103092908859253,0.5136752128976746,-0.30000001192092896,-0.30000001192092896,-0.30000001192092896,-0.30000001192092896,-0.30000001192092896,-0.30000001192092896,0.30000001192092896,-0.30000001192092896,0.30000001192092896,-0.30000001192092896,-0.29947111352523803
1.2999999523162842,0.3054660832170105,-0.30000001192092896,0.3103092908859253,0.3598290588976746,-0.30000001192092896,-0.14677420592092896,-0.28989900192092893,-0.30000001192092896,-0.30000001192092896,-0.30000001192092896,1.062032097920929,-0.17136930692092894,0.901223653920929,-0.30000001192092896,-0.24364365652523803
1.2999999523162842,0.3917879152170105,-0.30000001192092896,0.3103092908859253,0.3512820498976746,-0.30000001192092896,-0.25967743092092893,-0.24949496092092896,-0.30000001192092896,-0.30000001192092896,-0.30000001192092896,0.30000001192092896,-0.30000001192092896,0.30000001192092896,-0.30000001192092896,-0.276409034525238
1.2999999523162842,0.3921208342170105,-0.30000001192092896,0.3103092908859253,0.5222222208976746,-0.30000001192092896,-0.30000001192092896,-0.30000001192092896,-0.30000001192092896,-0.30000001192092896,-0.30000001192092896,0.30000001192092896,-0.295850633920929,0.7769382279209289,-0.30000001192092896,-0.299696199525238
1.2999999523162842,0.4823640862170105,-0.30000001192092896,0.3103092908859253,0.5222222208976746,-0.30000001192092896,-0.30000001192092896,-0.30000001192092896,-0.30000001192092896,-0.30000001192092896,-0.30000001192092896,0.30000001192092896,-0.2875518789209289,0.831649561920929,-0.30000001192092896,-0.29963477152523804
1.2999999523162842,0.3024258842170105,-0.30000001192092896,0.3103092908859253,0.3256410248976746,-0.30000001192092896,-0.21935485092092893,-0.19898991092092894,-0.30000001192092896,-0.30000001192092896,-0.30000001192092896,0.30000001192092896,-0.30000001192092896,0.30000001192092896,-0.30000001192092896,-0.29983080752523805
0.2999999523162842,0.3003047732170105,-0.18771335892092894,0.3000000128859253,0.3512820498976746,0.699999988079071,-0.30000001192092896,-0.30000001192092896,0.699999988079071,-0.24949496092092896,0.07344397107907102,0.30000001192092896,-0.30000001192092896,0.30000001192092896,-0.03333334492092893,-0.296615297525238
1.2999999523162842,0.4817879152170105,-0.30000001192092896,0.3103092908859253,0.5222222208976746,-0.30000001192092896,-0.30000001192092896,-0.30000001192092896,-0.30000001192092896,-0.30000001192092896,-0.30000001192092896,0.30000001192092896,-0.30000001192092896,0.30000001192092896,-0.30000001192092896,-0.299901104925238
1.2999999523162842,0.4829996322170105,-0.30000001192092896,0.3103092908859253,0.5136752128976746,-0.30000001192092896,-0.30000001192092896,-0.30000001192092896,-0.30000001192092896,-0.30000001192092896,-0.30000001192092896,0.30000001192092896,-0.30000001192092896,0.30000001192092896,-0.30000001192092896,-0.299395937525238
1.2999999523162842,0.4212020502170105,-0.30000001192092896,0.3103092908859253,0.5307692298976746,-0.30000001192092896,-0.30000001192092896,-0.30000001192092896,-0.30000001192092896,-0.30000001192092896,-0.30000001192092896,0.30000001192092896,-0.30000001192092896,0.30000001192092896,-0.30000001192092896,-0.298966611525238
1.2999999523162842,0.3000281986170105,-0.30000001192092896,0.3103092908859253,0.2999999988976746,-0.30000001192092896,0.030645149079071066,-0.28989900192092893,-0.30000001192092896,-0.30000001192092896,-0.30000001192092896,1.149598941920929,-0.22531121492092895,1.077346022920929,-0.30000001192092896,-0.25070713352523805
1.2999999523162842,0.48239377421701046,-0.30000001192092896,0.3103092908859253,0.5136752128976746,-0.30000001192092896,-0.30000001192092896,-0.30000001192092896,-0.30000001192092896,-0.30000001192092896,-0.30000001192092896,0.30000001192092896,-0.30000001192092896,0.30000001192092896,-0.30000001192092896,-0.29990043962523805
1.2999999523162842,0.3621308312170105,-0.30000001192092896,0.3103092908859253,0.3512820498976746,-0.30000001192092896,-0.23548388292092895,-0.21919193092092895,-0.30000001192092896,-0.30000001192092896,-0.30000001192092896,0.36751338092092894,-0.30000001192092896,0.30000001192092896,-0.30000001192092896,-0.29976228352523804
1.2999999523162842,0.3309042702170105,-0.30000001192092896,0.3103092908859253,0.2999999988976746,-0.30000001192092896,-0.30000001192092896,-0.30000001192092896,-0.30000001192092896,-0.30000001192092896,-0.30000001192092896,0.30066846092092897,-0.30000001192092896,0.30000001192092896,-0.30000001192092896,-0.29987050252523806
1.2999999523162842,0.4530096292170105,-0.30000001192092896,0.3103092908859253,0.5222222208976746,-0.30000001192092896,-0.30000001192092896,-0.30000001192092896,-0.30000001192092896,-0.30000001192092896,-0.30000001192092896,0.30000001192092896,-0.295850633920929,0.6983733689209289,-0.30000001192092896,-0.299393719525238
1.2999999523162842,0.42150497921701047,-0.30000001192092896,0.3103092908859253,0.5222222208976746,-0.30000001192092896,-0.30000001192092896,-0.30000001192092896,-0.30000001192092896,-0.30000001192092896,-0.30000001192092896,0.30000001192092896,-0.30000001192092896,0.30000001192092896,-0.30000001192092896,-0.29990088312523805
1.2999999523162842,0.3306080052170105,-0.30000001192092896,0.3103092908859253,0.3256410248976746,-0.30000001192092896,-0.050000011920928955,0.013131301079071067,-0.30000001192092896,-0.30000001192092896,-0.30000001192092896,0.30000001192092896,-0.30000001192092896,0.30000001192092896,-0.30000001192092896,-0.262528455525238
1.2999999523162842,0.3042564862170105,-0.30000001192092896,0.3103092908859253,0.3256410248976746,-0.30000001192092896,-0.22741936692092896,-0.28989900192092893,-0.30000001192092896,-0.30000001192092896,-0.30000001192092896,0.919652417920929,-0.08008299992092896,0.828261539920929,-0.30000001192092896,-0.25012479352523803
1.2999999523162842,0.3012384012170105,-0.30000001192092896,0.3103092908859253,0.3512820498976746,-0.30000001192092896,-0.24354839892092894,-0.28989900192092893,-0.30000001192092896,-0.30000001192092896,-0.30000001192092896,0.861497337920929,-0.30000001192092896,0.30000001192092896,-0.30000001192092896,-0.29984012152523803
1.2999999523162842,0.5123825652170105,-0.30000001192092896,0.5474226928859254,0.5393162378976746,-0.30000001192092896,-0.30000001192092896,-0.30000001192092896,-0.30000001192092896,-0.30000001192092896,-0.30000001192092896,0.30000001192092896,-0.24605810292092894,0.808402569920929,-0.30000001192092896,-0.29546281452523804
1.2999999523162842,0.3912084112170105,-0.30000001192092896,0.3103092908859253,0.3769230758976746,-0.30000001192092896,-0.26774194692092895,-0.28989900192092893,-0.30000001192092896,-0.30000001192092896,-0.30000001192092896,0.7278074989209289,0.04854770607907105,1.1335675959209288,-0.30000001192092896,-0.25175782852523804
1.2999999523162842,1.0879482862170105,-0.30000001192092896,0.3103092908859253,0.3683760668976746,-0.30000001192092896,-0.30000001192092896,-0.30000001192092896,-0.30000001192092896,-0.30000001192092896,-0.30000001192092896,0.30000001192092896,-0.295850633920929,0.9026445069209289,-0.30000001192092896,-0.299761618525238
1.2999999523162842,0.3303232522170105,-0.30000001192092896,0.3103092908859253,0.3769230758976746,-0.30000001192092896,-0.24354839892092894,-0.28989900192092893,-0.30000001192092896,-0.30000001192092896,-0.30000001192092896,0.8601604399209289,-0.05933611192092897,0.8365443559209289,-0.30000001192092896,-0.24520905552523803
1.2999999523162842,0.3324355782170105,-0.30000001192092896,0.3103092908859253,0.3512820498976746,-0.30000001192092896,-0.22741936692092896,-0.28989900192092893,-0.30000001192092896,-0.30000001192092896,-0.30000001192092896,0.919652417920929,-0.30000001192092896,0.30000001192092896,-0.30000001192092896,-0.29983590752523803
1.2999999523162842,0.3036521422170105,-0.30000001192092896,0.3103092908859253,0.3683760668976746,-0.30000001192092896,-0.19516130192092895,-0.28989900192092893,-0.30000001192092896,-0.30000001192092896,-0.30000001192092896,0.994518728920929,-0.13817428592092895,0.940819772920929,-0.30000001192092896,-0.24731244252523804
1.2999999523162842,0.3306261812170105,-0.30000001192092896,0.3103092908859253,0.3170940158976746,-0.30000001192092896,-0.25967743092092893,-0.24949496092092896,-0.30000001192092896,-0.30000001192092896,-0.30000001192092896,0.30000001192092896,-0.30000001192092896,0.30000001192092896,-0.30000001192092896,-0.292701689525238
1.2999999523162842,0.3036488102170105,-0.30000001192092896,0.3103092908859253,0.3769230758976746,-0.30000001192092896,-0.19516130192092895,-0.16868688092092896,-0.30000001192092896,-0.30000001192092896,-0.30000001192092896,0.30000001192092896,-0.30000001192092896,0.30000001192092896,-0.30000001192092896,-0.29983967752523805
1.2999999523162842,0.3000097199570105,-0.30000001192092896,0.3103092908859253,0.2999999988976746,-0.30000001192092896,-0.14677420592092896,-0.10808081992092897,-0.30000001192092896,-0.30000001192092896,-0.30000001192092896,0.30000001192092896,-0.30000001192092896,0.30000001192092896,-0.30000001192092896,-0.299949891925238
1.2999999523162842,0.3312293132170105,-0.30000001192092896,0.3103092908859253,0.3256410248976746,-0.30000001192092896,-0.12258065692092895,-0.07777778992092896,-0.30000001192092896,-0.30000001192092896,-0.30000001192092896,0.30000001192092896,-0.30000001192092896,0.30000001192092896,-0.30000001192092896,-0.29617444052523806
1.2999999523162842,0.4214910442170105,-0.30000001192092896,0.3103092908859253,0.4282051268976746,-0.30000001192092896,-0.30000001192092896,-0.30000001192092896,-0.30000001192092896,-0.30000001192092896,-0.30000001192092896,0.30000001192092896,-0.30000001192092896,0.30000001192092896,-0.30000001192092896,-0.29986939352523806
1.2999999523162842,0.42271669621701047,-0.30000001192092896,0.3103092908859253,0.4794871778976746,-0.30000001192092896,-0.29193549592092893,-0.28989900192092893,-0.30000001192092896,-0.30000001192092896,-0.30000001192092896,0.4610962689209289,-0.30000001192092896,0.30000001192092896,-0.30000001192092896,-0.29986362752523804
1.2999999523162842,0.3306140642170105,-0.30000001192092896,0.3103092908859253,0.33418803289767457,-0.30000001192092896,-0.06612904392092894,-0.007070718920928976,-0.30000001192092896,-0.30000001192092896,-0.30000001192092896,0.30000001192092896,-0.30000001192092896,0.30000001192092896,-0.30000001192092896,-0.29983945552523805
1.2999999523162842,0.3606128522170105,-0.30000001192092896,0.3103092908859253,0.33418803289767457,-0.30000001192092896,-0.29193549592092893,-0.28989900192092893,-0.30000001192092896,-0.30000001192092896,-0.30000001192092896,0.4610962689209289,0.699999988079071,1.0424097209209289,-0.30000001192092896,-0.264453769525238
1.2999999523162842,0.4217988202170105,-0.30000001192092896,0.3103092908859253,0.5222222208976746,-0.30000001192092896,-0.30000001192092896,-0.30000001192092896,-0.30000001192092896,-0.30000001192092896,-0.30000001192092896,0.30000001192092896,-0.295850633920929,0.9734403289209289,-0.30000001192092896,-0.29925822452523804
1.2999999523162842,0.9364633262170104,-0.30000001192092896,0.3103092908859253,0.3769230758976746,-0.30000001192092896,-0.30000001192092896,-0.30000001192092896,-0.30000001192092896,-0.30000001192092896,-0.30000001192092896,0.30000001192092896,-0.2875518789209289,1.044382434920929,-0.30000001192092896,-0.29948486252523804
1.2999999523162842,0.3309015442170105,-0.30000001192092896,0.3103092908859253,0.3170940158976746,-0.30000001192092896,-0.06612904392092894,-0.007070718920928976,-0.30000001192092896,-0.30000001192092896,-0.30000001192092896,0.30000001192092896,-0.30000001192092896,0.30000001192092896,-0.30000001192092896,-0.29983967752523805
1.2999999523162842,0.48206933621701054,-0.30000001192092896,0.3103092908859253,0.3769230758976746,-0.30000001192092896,-0.30000001192092896,-0.30000001192092896,-0.30000001192092896,-0.30000001192092896,-0.30000001192092896,0.30000001192092896,-0.295850633920929,1.044382434920929,-0.30000001192092896,-0.29972369752523803
1.2999999523162842,0.3318378982170105,-0.30000001192092896,0.3103092908859253,0.3170940158976746,-0.30000001192092896,-0.03387097992092897,0.033333321079071054,-0.30000001192092896,-0.30000001192092896,-0.30000001192092896,0.30000001192092896,-0.30000001192092896,0.30000001192092896,-0.30000001192092896,-0.299844556525238
1.2999999523162842,0.3024461802170105,-0.30000001192092896,0.3103092908859253,0.3683760668976746,-0.30000001192092896,-0.21129033492092897,-0.18888890092092897,-0.30000001192092896,-0.30000001192092896,-0.30000001192092896,0.30000001192092896,-0.30000001192092896,0.30000001192092896,-0.30000001192092896,-0.29983879052523804
1.2999999523162842,0.5732725722170104,-0.30000001192092896,0.3103092908859253,0.5222222208976746,-0.30000001192092896,-0.30000001192092896,-0.30000001192092896,-0.30000001192092896,-0.30000001192092896,-0.30000001192092896,0.30000001192092896,-0.295850633920929,0.891385137920929,-0.30000001192092896,-0.299542741525238
1.2999999523162842,0.9970476772170105,-0.30000001192092896,0.3103092908859253,0.3769230758976746,-0.30000001192092896,-0.30000001192092896,-0.30000001192092896,-0.30000001192092896,-0.30000001192092896,-0.30000001192092896,0.30000001192092896,-0.30000001192092896,0.30000001192092896,-0.30000001192092896,-0.29985165252523804
1.2999999523162842,0.5726667132170105,-0.30000001192092896,0.3103092908859253,0.5136752128976746,-0.30000001192092896,-0.30000001192092896,-0.30000001192092896,-0.30000001192092896,-0.30000001192092896,-0.30000001192092896,0.30000001192092896,-0.30000001192092896,0.30000001192092896,-0.30000001192092896,-0.29950681652523803
1.2999999523162842,0.4826967032170105,-0.30000001192092896,0.3103092908859253,0.5136752128976746,-0.30000001192092896,-0.30000001192092896,-0.30000001192092896,-0.30000001192092896,-0.30000001192092896,-0.30000001192092896,0.30000001192092896,-0.30000001192092896,0.30000001192092896,-0.30000001192092896,-0.299901104925238
1.2999999523162842,0.36061618421701047,-0.30000001192092896,0.3103092908859253,0.3598290588976746,-0.30000001192092896,-0.26774194692092895,-0.28989900192092893,-0.30000001192092896,-0.30000001192092896,-0.30000001192092896,0.7278074989209289,0.01120330807907105,0.979299344920929,-0.30000001192092896,-0.25503543152523805
1.2999999523162842,0.3048756742170105,-0.30000001192092896,0.3103092908859253,0.3256410248976746,-0.30000001192092896,-0.30000001192092896,-0.30000001192092896,-0.30000001192092896,-0.30000001192092896,-0.30000001192092896,0.30000001192092896,-0.30000001192092896,0.30000001192092896,-0.30000001192092896,-0.299870723525238
1.2999999523162842,1.0270467682170104,-0.30000001192092896,0.3103092908859253,0.3769230758976746,-0.30000001192092896,-0.30000001192092896,-0.30000001192092896,-0.30000001192092896,-0.30000001192092896,-0.30000001192092896,0.30000001192092896,-0.29170125692092896,1.003730975920929,-0.30000001192092896,-0.29967801552523804
1.2999999523162842,0.3000269869170105,-0.30000001192092896,0.3103092908859253,0.2999999988976746,-0.30000001192092896,-0.12258065692092895,-0.07777778992092896,-0.30000001192092896,-0.30000001192092896,-0.30000001192092896,0.30000001192092896,-0.30000001192092896,0.30000001192092896,-0.30000001192092896,-0.299949004925238
1.2999999523162842,0.4823819592170105,-0.30000001192092896,0.3103092908859253,0.3598290588976746,-0.30000001192092896,-0.25967743092092893,-0.24949496092092896,-0.30000001192092896,-0.30000001192092896,-0.30000001192092896,0.30000001192092896,-0.30000001192092896,0.30000001192092896,-0.30000001192092896,-0.29986185352523803
1.2999999523162842,0.36120841121701047,-0.30000001192092896,0.4340206318859253,0.44529914389767455,-0.30000001192092896,-0.30000001192092896,-0.30000001192092896,-0.30000001192092896,-0.30000001192092896,-0.30000001192092896,0.30000001192092896,-0.24605810292092894,1.102917921920929,-0.30000001192092896,-0.278167807525238
1.2999999523162842,0.3630396192170105,-0.30000001192092896,0.3103092908859253,0.3769230758976746,-0.30000001192092896,-0.24354839892092894,-0.28989900192092893,-0.30000001192092896,-0.30000001192092896,-0.30000001192092896,0.861497337920929,-0.05933611192092897,1.0151738689209289,-0.30000001192092896,-0.25833698352523804
1.2999999523162842,0.4527067002170105,-0.30000001192092896,0.3103092908859253,0.4965811958976746,-0.30000001192092896,-0.30000001192092896,-0.30000001192092896,-0.30000001192092896,-0.30000001192092896,-0.30000001192092896,0.30000001192092896,-0.30000001192092896,0.30000001192092896,-0.30000001192092896,-0.29990154842523803
1.2999999523162842,0.3908794302170105,-0.30000001192092896,0.3103092908859253,0.5051282038976745,-0.30000001192092896,-0.30000001192092896,-0.30000001192092896,-0.30000001192092896,-0.30000001192092896,-0.30000001192092896,0.30000001192092896,-0.30000001192092896,0.30000001192092896,-0.30000001192092896,-0.29954252052523805
1.2999999523162842,1.0879494972170105,-0.30000001192092896,0.3103092908859253,0.3683760668976746,-0.30000001192092896,-0.30000001192092896,-0.30000001192092896,-0.30000001192092896,-0.30000001192092896,-0.30000001192092896,0.30000001192092896,-0.30000001192092896,0.30000001192092896,-0.30000001192092896,-0.29976139652523803
1.2999999523162842,0.3927266932170105,-0.30000001192092896,0.3103092908859253,0.4367521358976746,-0.30000001192092896,-0.27580646392092895,-0.28989900192092893,-0.30000001192092896,-0.30000001192092896,-0.30000001192092896,0.6622994769209289,-0.30000001192092896,0.30000001192092896,-0.30000001192092896,-0.299856974525238
1.2999999523162842,0.3000285016170105,-0.30000001192092896,0.3103092908859253,0.2999999988976746,-0.30000001192092896,-0.18709678592092896,-0.28989900192092893,-0.30000001192092896,-0.30000001192092896,-0.30000001192092896,1.011229958920929,-0.12987553092092896,1.126473973920929,-0.30000001192092896,-0.262754871525238
1.2999999523162842,0.4826967032170105,-0.30000001192092896,0.3103092908859253,0.4965811958976746,-0.30000001192092896,-0.30000001192092896,-0.30000001192092896,-0.30000001192092896,-0.30000001192092896,-0.30000001192092896,0.30000001192092896,-0.295850633920929,1.0698410809209289,-0.30000001192092896,-0.288663452525238
1.2999999523162842,0.30152860721701047,-0.30000001192092896,0.3103092908859253,0.3256410248976746,-0.30000001192092896,0.05483869807907105,-0.28989900192092893,-0.30000001192092896,-0.30000001192092896,-0.30000001192092896,1.1529411879209288,-0.30000001192092896,0.30000001192092896,-0.30000001192092896,-0.29983945552523805
1.2999999523162842,0.5735755012170105,-0.30000001192092896,0.3103092908859253,0.5222222208976746,-0.30000001192092896,-0.30000001192092896,-0.30000001192092896,-0.30000001192092896,-0.30000001192092896,-0.30000001192092896,0.30000001192092896,-0.30000001192092896,0.30000001192092896,-0.30000001192092896,-0.29961437052523804
1.2999999523162842,0.3024334572170105,-0.30000001192092896,0.3103092908859253,0.3769230758976746,-0.30000001192092896,-0.17903226992092897,-0.28989900192092893,-0.30000001192092896,-0.30000001192092896,-0.30000001192092896,1.0045454669209288,-0.30000001192092896,0.30000001192092896,-0.30000001192092896,-0.29983989952523804
1.2999999523162842,0.5126867062170105,-0.30000001192092896,0.3103092908859253,0.5136752128976746,-0.30000001192092896,-0.30000001192092896,-0.30000001192092896,-0.30000001192092896,-0.30000001192092896,-0.30000001192092896,0.30000001192092896,-0.30000001192092896,0.30000001192092896,-0.30000001192092896,-0.299901104925238
1.2999999523162842,0.4224137672170105,-0.30000001192092896,0.3103092908859253,0.5222222208976746,-0.30000001192092896,-0.30000001192092896,-0.30000001192092896,-0.30000001192092896,-0.30000001192092896,-0.30000001192092896,0.30000001192092896,-0.26680499092092896,1.077346022920929,-0.30000001192092896,-0.29814388452523805
1.2999999523162842,0.3933049852170105,-0.30000001192092896,0.3103092908859253,0.33418803289767457,-0.30000001192092896,-0.17903226992092897,-0.28989900192092893,-0.30000001192092896,-0.30000001192092896,-0.30000001192092896,1.021925145920929,-0.12572615292092895,1.088932179920929,-0.30000001192092896,-0.253256478525238
1.2999999523162842,0.39242376421701053,-0.30000001192092896,0.3103092908859253,0.5222222208976746,-0.30000001192092896,-0.30000001192092896,-0.30000001192092896,-0.30000001192092896,-0.30000001192092896,-0.30000001192092896,0.30000001192092896,-0.29170125692092896,1.018495879920929,-0.30000001192092896,-0.29924624952523804
1.2999999523162842,0.3609160842170105,-0.30000001192092896,0.3103092908859253,0.3256410248976746,-0.30000001192092896,-0.28387097992092897,-0.27979799192092897,-0.30000001192092896,-0.30000001192092896,-0.30000001192092896,0.30000001192092896,-0.30000001192092896,0.30000001192092896,-0.30000001192092896,-0.29923560552523804
1.2999999523162842,0.3936236672170105,-0.30000001192092896,0.3103092908859253,0.3598290588976746,-0.30000001192092896,-0.26774194692092895,-0.259595971920929,-0.30000001192092896,-0.30000001192092896,-0.30000001192092896,0.30000001192092896,-0.30000001192092896,0.30000001192092896,-0.30000001192092896,-0.29985564452523805
1.2999999523162842,0.6029596462170105,-0.30000001192092896,0.3103092908859253,0.4794871778976746,-0.30000001192092896,-0.30000001192092896,-0.30000001192092896,-0.30000001192092896,-0.30000001192092896,-0.30000001192092896,0.30000001192092896,-0.30000001192092896,0.30000001192092896,-0.30000001192092896,-0.29990088312523805
1.2999999523162842,0.3045624452170105,-0.30000001192092896,0.3103092908859253,0.3256410248976746,-0.30000001192092896,-0.22741936692092896,-0.28989900192092893,-0.30000001192092896,-0.30000001192092896,-0.30000001192092896,0.919652417920929,-0.10082988792092895,0.965039404920929,-0.30000001192092896,-0.24810767052523802
1.2999999523162842,0.4817679222170105,-0.30000001192092896,0.3515464048859253,0.5393162378976746,-0.30000001192092896,-0.30000001192092896,-0.30000001192092896,-0.30000001192092896,-0.30000001192092896,-0.30000001192092896,0.30000001192092896,-0.24605810292092894,1.119382977920929,-0.30000001192092896,-0.29455204952523806
1.2999999523162842,0.3909009382170105,-0.30000001192092896,1.0835051678859253,0.5393162378976746,-0.30000001192092896,-0.30000001192092896,-0.30000001192092896,-0.30000001192092896,-0.30000001192092896,-0.30000001192092896,0.30000001192092896,-0.24605810292092894,0.973676295920929,-0.30000001192092896,-0.295018187525238
1.2999999523162842,0.3015389072170105,-0.30000001192092896,0.3103092908859253,0.34273504189767456,-0.30000001192092896,-0.20322581792092898,-0.28989900192092893,-0.30000001192092896,-0.30000001192092896,-0.30000001192092896,0.981818193920929,-0.30000001192092896,0.30000001192092896,-0.30000001192092896,-0.29983879052523804
1.2999999523162842,0.45149498221701045,-0.30000001192092896,0.3103092908859253,0.5222222208976746,-0.30000001192092896,-0.30000001192092896,-0.30000001192092896,-0.30000001192092896,-0.30000001192092896,-0.30000001192092896,0.30000001192092896,-0.283402501920929,1.0829122709209291,-0.30000001192092896,-0.29848982852523803
1.2999999523162842,0.4221108382170105,-0.30000001192092896,0.3103092908859253,0.4709401698976746,-0.30000001192092896,-0.30000001192092896,-0.30000001192092896,-0.30000001192092896,-0.30000001192092896,-0.30000001192092896,0.30000001192092896,-0.30000001192092896,0.30000001192092896,-0.30000001192092896,-0.27014256052523805
1.2999999523162842,0.4826967032170105,-0.30000001192092896,0.3103092908859253,0.5136752128976746,-0.30000001192092896,-0.30000001192092896,-0.30000001192092896,-0.30000001192092896,-0.30000001192092896,-0.30000001192092896,0.30000001192092896,-0.295850633920929,1.127981340920929,-0.30000001192092896,-0.29923316552523804
1.2999999523162842,0.3003214342170105,-0.30000001192092896,0.3103092908859253,0.33418803289767457,-0.30000001192092896,-0.13064517292092895,-0.28989900192092893,-0.30000001192092896,-0.30000001192092896,-0.30000001192092896,1.072058835920929,-0.17136930692092894,0.703775702920929,-0.30000001192092896,-0.256600608525238
1.2999999523162842,0.45179033821701053,-0.30000001192092896,0.3103092908859253,0.5051282038976745,-0.30000001192092896,-0.30000001192092896,-0.30000001192092896,-0.30000001192092896,-0.30000001192092896,-0.30000001192092896,0.30000001192092896,-0.30000001192092896,0.30000001192092896,-0.30000001192092896,-0.29796980352523805
1.2999999523162842,0.4829996322170105,-0.30000001192092896,0.3103092908859253,0.5136752128976746,-0.30000001192092896,-0.30000001192092896,-0.30000001192092896,-0.30000001192092896,-0.30000001192092896,-0.30000001192092896,0.30000001192092896,-0.30000001192092896,0.30000001192092896,-0.30000001192092896,-0.29939615852523804
1.2999999523162842,0.3633425482170105,-0.30000001192092896,0.3103092908859253,0.4965811958976746,-0.30000001192092896,-0.30000001192092896,-0.30000001192092896,-0.30000001192092896,-0.30000001192092896,-0.30000001192092896,0.30000001192092896,-0.295850633920929,0.6983733689209289,-0.30000001192092896,-0.298904075525238
1.2999999523162842,0.4521008412170105,-0.30000001192092896,0.3103092908859253,0.5222222208976746,-0.30000001192092896,-0.30000001192092896,-0.30000001192092896,-0.30000001192092896,-0.30000001192092896,-0.30000001192092896,0.30000001192092896,-0.30000001192092896,0.30000001192092896,-0.30000001192092896,-0.29911607652523803
1.2999999523162842,0.4211732712170105,-0.30000001192092896,0.3103092908859253,0.3598290588976746,-0.30000001192092896,-0.15483872192092896,-0.28989900192092893,-0.30000001192092896,-0.30000001192092896,-0.30000001192092896,0.989839583920929,-0.30000001192092896,0.30000001192092896,-0.30000001192092896,-0.299859192525238
1.2999999523162842,0.4517979122170105,-0.30000001192092896,0.3103092908859253,0.5222222208976746,-0.30000001192092896,-0.30000001192092896,-0.30000001192092896,-0.30000001192092896,-0.30000001192092896,-0.30000001192092896,0.30000001192092896,-0.30000001192092896,0.30000001192092896,-0.30000001192092896,-0.299897113525238
1.2999999523162842,0.5429796392170105,-0.30000001192092896,0.3103092908859253,0.5222222208976746,-0.30000001192092896,-0.30000001192092896,-0.30000001192092896,-0.30000001192092896,-0.30000001192092896,-0.30000001192092896,0.30000001192092896,-0.30000001192092896,0.30000001192092896,-0.30000001192092896,-0.299900217825238
1.2999999523162842,0.42180790821701053,-0.30000001192092896,0.3103092908859253,0.3683760668976746,-0.30000001192092896,-0.26774194692092895,-0.259595971920929,-0.30000001192092896,-0.30000001192092896,-0.30000001192092896,0.30000001192092896,-0.30000001192092896,0.30000001192092896,-0.30000001192092896,-0.29986251852523804
1.2999999523162842,0.39209599421701047,-0.30000001192092896,0.3103092908859253,0.34273504189767456,-0.30000001192092896,-0.27580646392092895,-0.26969698192092895,-0.30000001192092896,-0.30000001192092896,-0.30000001192092896,0.30000001192092896,-0.30000001192092896,0.30000001192092896,-0.30000001192092896,-0.279414094525238
1.2999999523162842,0.42118478321701047,-0.30000001192092896,0.3103092908859253,0.3598290588976746,-0.30000001192092896,-0.29193549592092893,-0.28989900192092893,-0.30000001192092896,-0.30000001192092896,-0.30000001192092896,0.4610962689209289,0.699999988079071,1.046923599920929,-0.30000001192092896,-0.25436416552523805
1.2999999523162842,0.3303217372170105,-0.30000001192092896,0.3103092908859253,0.3598290588976746,-0.30000001192092896,-0.21129033492092897,-0.28989900192092893,-0.30000001192092896,-0.30000001192092896,-0.30000001192092896,0.961764717920929,-0.10497926492092896,0.7939963459209289,-0.30000001192092896,-0.24317663152523802
0.2999999523162842,0.3015401192170105,-0.22937610892092897,0.3000000128859253,0.34273504189767456,0.699999988079071,-0.30000001192092896,-0.30000001192092896,0.699999988079071,-0.23939395092092897,0.12738588007907103,0.30000001192092896,-0.30000001192092896,0.30000001192092896,0.033333321079071054,-0.29618441952523805
1.2999999523162842,0.3912120462170105,-0.30000001192092896,0.3103092908859253,0.5051282038976745,-0.30000001192092896,-0.30000001192092896,-0.30000001192092896,-0.30000001192092896,-0.30000001192092896,-0.30000001192092896,0.30000001192092896,-0.295850633920929,0.962630361920929,-0.30000001192092896,-0.298867041525238
1.2999999523162842,0.36061618421701047,-0.30000001192092896,0.3103092908859253,0.3769230758976746,-0.30000001192092896,-0.30000001192092896,-0.30000001192092896,-0.30000001192092896,-0.30000001192092896,-0.30000001192092896,0.30000001192092896,-0.30000001192092896,0.30000001192092896,-0.30000001192092896,-0.295710076525238
1.2999999523162842,0.3303220402170105,-0.30000001192092896,0.4752577448859253,0.5393162378976746,-0.30000001192092896,-0.30000001192092896,-0.30000001192092896,0.699999988079071,-0.30000001192092896,-0.30000001192092896,0.30000001192092896,-0.24605810292092894,0.808402569920929,-0.30000001192092896,-0.280168076525238
1.2999999523162842,0.42150497921701047,-0.30000001192092896,0.3103092908859253,0.5222222208976746,-0.30000001192092896,-0.30000001192092896,-0.30000001192092896,-0.30000001192092896,-0.30000001192092896,-0.30000001192092896,0.30000001192092896,-0.30000001192092896,0.30000001192092896,-0.30000001192092896,-0.299077490525238
1.2999999523162842,0.3009321402170105,-0.30000001192092896,0.3103092908859253,0.34273504189767456,-0.30000001192092896,-0.18709678592092896,-0.15858587092092896,-0.30000001192092896,-0.30000001192092896,-0.30000001192092896,0.30000001192092896,-0.30000001192092896,0.30000001192092896,-0.30000001192092896,-0.299835242525238
1.2999999523162842,0.3336312402170105,-0.30000001192092896,0.3103092908859253,0.3085470078976746,-0.30000001192092896,0.224193536079071,-0.28989900192092893,-0.30000001192092896,-0.30000001192092896,-0.30000001192092896,1.155614984920929,-0.30000001192092896,0.30000001192092896,-0.30000001192092896,-0.29984189552523804
1.2999999523162842,0.5132925652170105,-0.30000001192092896,0.3103092908859253,0.5222222208976746,-0.30000001192092896,-0.30000001192092896,-0.30000001192092896,-0.30000001192092896,-0.30000001192092896,-0.30000001192092896,0.30000001192092896,-0.30000001192092896,0.30000001192092896,-0.30000001192092896,-0.299847217525238
1.2999999523162842,0.3033558772170105,-0.30000001192092896,0.3103092908859253,0.3598290588976746,-0.30000001192092896,-0.15483872192092896,-0.11818182992092896,-0.30000001192092896,-0.30000001192092896,-0.30000001192092896,0.30000001192092896,-0.30000001192092896,0.30000001192092896,-0.30000001192092896,-0.29983901252523804
1.2999999523162842,0.3321326482170105,-0.30000001192092896,0.3103092908859253,0.3598290588976746,-0.30000001192092896,-0.28387097992092897,-0.28989900192092893,-0.30000001192092896,-0.30000001192092896,-0.30000001192092896,0.575401081920929,-0.30000001192092896,0.30000001192092896,-0.30000001192092896,-0.29984566552523806
1.2999999523162842,0.45149498221701045,-0.30000001192092896,0.3103092908859253,0.5222222208976746,-0.30000001192092896,-0.30000001192092896,-0.30000001192092896,-0.30000001192092896,-0.30000001192092896,-0.30000001192092896,0.30000001192092896,-0.30000001192092896,0.30000001192092896,-0.30000001192092896,-0.29936378252523804
1.2999999523162842,0.5123837772170106,-0.30000001192092896,0.3103092908859253,0.5222222208976746,-0.30000001192092896,-0.30000001192092896,-0.30000001192092896,-0.30000001192092896,-0.30000001192092896,-0.30000001192092896,0.30000001192092896,-0.30000001192092896,0.30000001192092896,-0.30000001192092896,-0.299901104925238
1.2999999523162842,0.3618279022170105,-0.30000001192092896,0.3103092908859253,0.33418803289767457,-0.30000001192092896,-0.29193549592092893,-0.28989900192092893,-0.30000001192092896,-0.30000001192092896,-0.30000001192092896,0.4610962689209289,0.2269709420790711,1.105094860920929,-0.30000001192092896,-0.25792096252523805
1.2999999523162842,0.3321408282170105,-0.30000001192092896,0.3103092908859253,0.4111111098976746,-0.30000001192092896,-0.26774194692092895,-0.28989900192092893,-0.30000001192092896,-0.30000001192092896,-0.30000001192092896,0.7278074989209289,-0.30000001192092896,0.30000001192092896,-0.30000001192092896,-0.268065785525238
1.2999999523162842,0.3915149762170105,-0.30000001192092896,0.3103092908859253,0.3683760668976746,-0.30000001192092896,-0.29193549592092893,-0.28989900192092893,-0.30000001192092896,-0.30000001192092896,-0.30000001192092896,0.4610962689209289,0.699999988079071,0.965039404920929,-0.30000001192092896,-0.253012099525238
1.2999999523162842,0.4539184172170105,-0.30000001192092896,0.3103092908859253,0.5222222208976746,-0.30000001192092896,-0.30000001192092896,-0.30000001192092896,-0.30000001192092896,-0.30000001192092896,-0.30000001192092896,0.30000001192092896,-0.30000001192092896,0.30000001192092896,-0.30000001192092896,-0.29912272952523805
1.2999999523162842,0.3921208342170105,-0.30000001192092896,0.3103092908859253,0.5222222208976746,-0.30000001192092896,-0.30000001192092896,-0.30000001192092896,-0.30000001192092896,-0.30000001192092896,-0.30000001192092896,0.30000001192092896,-0.30000001192092896,0.30000001192092896,-0.30000001192092896,-0.299471335525238
1.2999999523162842,0.6029596462170105,-0.30000001192092896,0.3103092908859253,0.4794871778976746,-0.30000001192092896,-0.30000001192092896,-0.30000001192092896,-0.30000001192092896,-0.30000001192092896,-0.30000001192092896,0.30000001192092896,-0.30000001192092896,0.30000001192092896,-0.30000001192092896,-0.29990088312523805
1.2999999523162842,0.3309163872170105,-0.30000001192092896,0.3103092908859253,0.3683760668976746,-0.30000001192092896,-0.21935485092092893,-0.28989900192092893,-0.30000001192092896,-0.30000001192092896,-0.30000001192092896,0.941042792920929,-0.30000001192092896,0.30000001192092896,-0.30000001192092896,-0.29983923452523803
1.2999999523162842,0.3006161842170105,-0.30000001192092896,0.3103092908859253,0.3512820498976746,-0.30000001192092896,-0.25967743092092893,-0.28989900192092893,-0.30000001192092896,-0.30000001192092896,-0.30000001192092896,0.7812834339209289,-0.30000001192092896,0.30000001192092896,-0.30000001192092896,-0.29984034252523806
1.2999999523162842,0.4230196262170105,-0.30000001192092896,0.3103092908859253,0.5222222208976746,-0.30000001192092896,-0.30000001192092896,-0.30000001192092896,-0.30000001192092896,-0.30000001192092896,-0.30000001192092896,0.30000001192092896,-0.30000001192092896,0.30000001192092896,-0.30000001192092896,-0.299896891525238
1.2999999523162842,0.4820908442170105,-0.30000001192092896,0.3103092908859253,0.5222222208976746,-0.30000001192092896,-0.30000001192092896,-0.30000001192092896,-0.30000001192092896,-0.30000001192092896,-0.30000001192092896,0.30000001192092896,-0.30000001192092896,0.30000001192092896,-0.30000001192092896,-0.29990088312523805
1.2999999523162842,0.42271669621701047,-0.30000001192092896,0.3103092908859253,0.3512820498976746,-0.30000001192092896,-0.25967743092092893,-0.24949496092092896,-0.30000001192092896,-0.30000001192092896,-0.30000001192092896,0.30000001192092896,-0.30000001192092896,0.30000001192092896,-0.30000001192092896,-0.29985564452523805
1.2999999523162842,0.3306167902170105,-0.30000001192092896,0.3103092908859253,0.3940170928976746,-0.30000001192092896,-0.26774194692092895,-0.259595971920929,-0.30000001192092896,-0.30000001192092896,-0.30000001192092896,0.30000001192092896,-0.30000001192092896,0.30000001192092896,-0.30000001192092896,-0.29984100852523804
1.2999999523162842,0.3302972002170105,-0.30000001192092896,0.3103092908859253,0.34273504189767456,-0.30000001192092896,-0.21129033492092897,-0.18888890092092897,-0.30000001192092896,-0.30000001192092896,-0.30000001192092896,0.961764717920929,0.07344397107907102,0.6983733689209289,-0.30000001192092896,-0.24849020552523804
1.2999999523162842,0.3324310342170105,-0.30000001192092896,0.3103092908859253,0.3512820498976746,-0.30000001192092896,-0.17903226992092897,-0.14848485992092897,-0.30000001192092896,-0.30000001192092896,-0.30000001192092896,0.34812835392092895,-0.0012448249209289775,1.020383467920929,-0.30000001192092896,-0.251576651525238
1.2999999523162842,0.3909091172170105,-0.30000001192092896,0.3103092908859253,0.5307692298976746,-0.30000001192092896,-0.30000001192092896,-0.30000001192092896,-0.30000001192092896,-0.30000001192092896,-0.30000001192092896,0.30000001192092896,-0.30000001192092896,0.30000001192092896,-0.30000001192092896,-0.29975319152523805
1.2999999523162842,0.3333434572170105,-0.30000001192092896,0.3103092908859253,0.3170940158976746,-0.30000001192092896,0.12741934307907105,0.2353535230790711,-0.30000001192092896,-0.30000001192092896,-0.30000001192092896,1.150267391920929,-0.20041494992092895,0.9734403289209289,-0.30000001192092896,-0.24886520052523803
1.2999999523162842,0.3342325552170105,-0.30000001192092896,0.3103092908859253,0.33418803289767457,-0.30000001192092896,-0.17096775392092894,-0.13838384992092895,-0.30000001192092896,-0.30000001192092896,-0.30000001192092896,0.30000001192092896,-0.30000001192092896,0.30000001192092896,-0.30000001192092896,-0.29984167352523805
1.2999999523162842,0.5135954942170105,-0.30000001192092896,0.3103092908859253,0.5136752128976746,-0.30000001192092896,-0.30000001192092896,-0.30000001192092896,-0.30000001192092896,-0.30000001192092896,-0.30000001192092896,0.30000001192092896,-0.30000001192092896,0.30000001192092896,-0.30000001192092896,-0.299901104925238
1.2999999523162842,0.7244306702170105,-0.30000001192092896,0.3103092908859253,0.3598290588976746,-0.30000001192092896,-0.30000001192092896,-0.30000001192092896,-0.30000001192092896,-0.30000001192092896,-0.30000001192092896,0.30000001192092896,-0.30000001192092896,0.30000001192092896,-0.30000001192092896,-0.29990465302523805
1.2999999523162842,0.42150497921701047,-0.30000001192092896,0.3103092908859253,0.3769230758976746,-0.30000001192092896,-0.30000001192092896,-0.30000001192092896,-0.30000001192092896,-0.30000001192092896,-0.30000001192092896,0.30000001192092896,-0.29170125692092896,1.088932179920929,-0.30000001192092896,-0.299433858525238
1.2999999523162842,0.4224137672170105,-0.30000001192092896,0.3103092908859253,0.5136752128976746,-0.30000001192092896,-0.30000001192092896,-0.30000001192092896,-0.30000001192092896,-0.30000001192092896,-0.30000001192092896,0.30000001192092896,-0.295850633920929,1.021004162920929,-0.30000001192092896,-0.29917439952523806
1.2999999523162842,0.4833025622170105,-0.30000001192092896,0.3103092908859253,0.4965811958976746,-0.30000001192092896,-0.30000001192092896,-0.30000001192092896,-0.30000001192092896,-0.30000001192092896,-0.30000001192092896,0.30000001192092896,-0.30000001192092896,0.30000001192092896,-0.30000001192092896,-0.29990088312523805
1.2999999523162842,0.3018391102170105,-0.30000001192092896,0.49587630188592535,0.5393162378976746,-0.30000001192092896,-0.30000001192092896,-0.30000001192092896,0.699999988079071,-0.30000001192092896,-0.30000001192092896,0.43636364792092897,-0.24605810292092894,0.891385137920929,-0.30000001192092896,-0.23877293552523804
1.2999999523162842,0.4220969032170105,-0.30000001192092896,0.3103092908859253,0.5222222208976746,-0.30000001192092896,-0.30000001192092896,-0.30000001192092896,-0.30000001192092896,-0.30000001192092896,-0.30000001192092896,0.30000001192092896,-0.29170125692092896,0.7165446179209289,-0.30000001192092896,-0.299256450525238
1.2999999523162842,0.6938384432170105,-0.30000001192092896,0.3103092908859253,0.3769230758976746,-0.30000001192092896,-0.30000001192092896,-0.30000001192092896,-0.30000001192092896,-0.30000001192092896,-0.30000001192092896,0.30000001192092896,-0.295850633920929,0.721907532920929,-0.30000001192092896,-0.29964985152523804
1.2999999523162842,0.3309291102170105,-0.30000001192092896,0.3103092908859253,0.3512820498976746,-0.30000001192092896,-0.25161291492092897,-0.28989900192092893,-0.30000001192092896,-0.30000001192092896,-0.30000001192092896,0.825401081920929,-0.01369295792092895,0.9290501899209289,-0.30000001192092896,-0.25764709052523804
1.2999999523162842,0.5435854982170105,-0.30000001192092896,0.3103092908859253,0.5222222208976746,-0.30000001192092896,-0.30000001192092896,-0.30000001192092896,-0.30000001192092896,-0.30000001192092896,-0.30000001192092896,0.30000001192092896,-0.30000001192092896,0.30000001192092896,-0.30000001192092896,-0.299900661325238
1.2999999523162842,0.6638484402170105,-0.30000001192092896,0.3103092908859253,0.3769230758976746,-0.30000001192092896,-0.30000001192092896,-0.30000001192092896,-0.30000001192092896,-0.30000001192092896,-0.30000001192092896,0.30000001192092896,-0.295850633920929,0.913875549920929,-0.30000001192092896,-0.299759622525238
1.2999999523162842,0.3306225462170105,-0.30000001192092896,0.48556702288592535,0.3940170928976746,-0.30000001192092896,-0.30000001192092896,-0.30000001192092896,-0.30000001192092896,-0.30000001192092896,-0.30000001192092896,0.30000001192092896,-0.24605810292092894,0.7381502899209289,-0.30000001192092896,-0.278143635525238
1.2999999523162842,0.4820908442170105,-0.30000001192092896,0.3103092908859253,0.3769230758976746,-0.30000001192092896,-0.30000001192092896,-0.30000001192092896,-0.30000001192092896,-0.30000001192092896,-0.30000001192092896,0.30000001192092896,-0.295850633920929,1.018495879920929,-0.30000001192092896,-0.29972569352523803
0.2999999523162842,0.3006073992170105,-0.05497645292092895,0.3000000128859253,0.3256410248976746,0.699999988079071,-0.30000001192092896,-0.30000001192092896,0.699999988079071,-0.15858587092092896,-0.14647304092092894,0.30000001192092896,-0.30000001192092896,0.30000001192092896,-0.23333334492092894,-0.29846809652523804
1.2999999523162842,0.3615046762170105,-0.30000001192092896,0.3103092908859253,0.3256410248976746,-0.30000001192092896,-0.19516130192092895,-0.28989900192092893,-0.30000001192092896,-0.30000001192092896,-0.30000001192092896,0.9951871779209289,-0.30000001192092896,0.30000001192092896,-0.30000001192092896,-0.29984899152523803
1.2999999523162842,0.4517700422170105,-0.30000001192092896,0.3103092908859253,0.5222222208976746,-0.30000001192092896,-0.30000001192092896,-0.30000001192092896,-0.30000001192092896,-0.30000001192092896,-0.30000001192092896,0.30000001192092896,-0.295850633920929,0.856131456920929,-0.30000001192092896,-0.29966382252523804
1.2999999523162842,0.3318378982170105,-0.30000001192092896,0.3103092908859253,0.33418803289767457,-0.30000001192092896,-0.26774194692092895,-0.28989900192092893,-0.30000001192092896,-0.30000001192092896,-0.30000001192092896,0.7278074989209289,-0.30000001192092896,0.30000001192092896,-0.30000001192092896,-0.278408194525238
1.2999999523162842,0.39242376421701053,-0.30000001192092896,0.3103092908859253,0.5222222208976746,-0.30000001192092896,-0.30000001192092896,-0.30000001192092896,-0.30000001192092896,-0.30000001192092896,-0.30000001192092896,0.30000001192092896,-0.30000001192092896,0.30000001192092896,-0.30000001192092896,-0.29127245052523804
1.2999999523162842,0.3624267932170105,-0.30000001192092896,0.3103092908859253,0.3256410248976746,-0.30000001192092896,-0.19516130192092895,-0.28989900192092893,-0.30000001192092896,-0.30000001192092896,-0.30000001192092896,0.937700546920929,-0.30000001192092896,0.30000001192092896,-0.30000001192092896,-0.299844777525238
1.2999999523162842,0.3000191107170105,-0.30000001192092896,0.3103092908859253,0.2999999988976746,-0.30000001192092896,-0.001612914920928965,0.07373736207907106,-0.30000001192092896,-0.30000001192092896,-0.30000001192092896,0.30000001192092896,-0.30000001192092896,0.30000001192092896,-0.30000001192092896,-0.29994967012523804
1.2999999523162842,0.4826967032170105,-0.30000001192092896,0.3103092908859253,0.5136752128976746,-0.30000001192092896,-0.30000001192092896,-0.30000001192092896,-0.30000001192092896,-0.30000001192092896,-0.30000001192092896,0.30000001192092896,-0.295850633920929,1.092871814920929,-0.30000001192092896,-0.29918504452523803
1.2999999523162842,0.4826967032170105,-0.30000001192092896,0.3103092908859253,0.5222222208976746,-0.30000001192092896,-0.30000001192092896,-0.30000001192092896,-0.30000001192092896,-0.30000001192092896,-0.30000001192092896,0.30000001192092896,-0.27925312392092894,0.9714153699209289,-0.30000001192092896,-0.29961481352523806
1.2999999523162842,0.45209750921701053,-0.30000001192092896,0.3103092908859253,0.3683760668976746,-0.30000001192092896,-0.29193549592092893,-0.28989900192092893,-0.30000001192092896,-0.30000001192092896,-0.30000001192092896,0.4610962689209289,0.699999988079071,0.979299344920929,-0.30000001192092896,-0.23538290152523803
1.2999999523162842,0.3027485042170105,-0.30000001192092896,0.3103092908859253,0.3256410248976746,-0.30000001192092896,-0.18709678592092896,-0.15858587092092896,-0.30000001192092896,-0.30000001192092896,-0.30000001192092896,0.30000001192092896,-0.30000001192092896,0.30000001192092896,-0.30000001192092896,-0.29983856852523805
1.2999999523162842,0.45149498221701045,-0.30000001192092896,0.3103092908859253,0.5222222208976746,-0.30000001192092896,-0.30000001192092896,-0.30000001192092896,-0.30000001192092896,-0.30000001192092896,-0.30000001192092896,0.30000001192092896,-0.29170125692092896,0.940819772920929,-0.30000001192092896,-0.29814344052523806
1.2999999523162842,0.3306122462170105,-0.30000001192092896,0.4030927968859253,0.4538461528976746,-0.30000001192092896,-0.30000001192092896,-0.30000001192092896,-0.30000001192092896,-0.30000001192092896,-0.30000001192092896,0.30000001192092896,-0.24605810292092894,1.300000011920929,-0.30000001192092896,-0.291368472525238
1.2999999523162842,0.3921208342170105,-0.30000001192092896,0.3103092908859253,0.5136752128976746,-0.30000001192092896,-0.30000001192092896,-0.30000001192092896,-0.30000001192092896,-0.30000001192092896,-0.30000001192092896,0.30000001192092896,-0.30000001192092896,0.30000001192092896,-0.30000001192092896,-0.29990088312523805
1.2999999523162842,0.5423737802170105,-0.30000001192092896,0.3103092908859253,0.5136752128976746,-0.30000001192092896,-0.30000001192092896,-0.30000001192092896,-0.30000001192092896,-0.30000001192092896,-0.30000001192092896,0.30000001192092896,-0.295850633920929,1.046923599920929,-0.30000001192092896,-0.299703073525238
1.2999999523162842,0.4829781242170105,-0.30000001192092896,0.3103092908859253,0.5136752128976746,-0.30000001192092896,-0.30000001192092896,-0.30000001192092896,-0.30000001192092896,-0.30000001192092896,-0.30000001192092896,0.30000001192092896,-0.30000001192092896,0.30000001192092896,-0.30000001192092896,-0.299435632525238
1.2999999523162842,0.3006361782170105,-0.30000001192092896,0.3103092908859253,0.3683760668976746,-0.30000001192092896,0.030645149079071066,-0.28989900192092893,-0.30000001192092896,-0.30000001192092896,-0.30000001192092896,1.118181829920929,-0.22116183792092897,0.950088698920929,-0.30000001192092896,-0.25869002452523804
1.2999999523162842,0.4530096292170105,-0.30000001192092896,0.3103092908859253,0.5136752128976746,-0.30000001192092896,-0.30000001192092896,-0.30000001192092896,-0.30000001192092896,-0.30000001192092896,-0.30000001192092896,0.30000001192092896,-0.30000001192092896,0.30000001192092896,-0.30000001192092896,-0.299358238525238
1.2999999523162842,0.4530096292170105,-0.30000001192092896,0.3103092908859253,0.5136752128976746,-0.30000001192092896,-0.30000001192092896,-0.30000001192092896,-0.30000001192092896,-0.30000001192092896,-0.30000001192092896,0.30000001192092896,-0.295850633920929,0.918342235920929,-0.30000001192092896,-0.292304075525238
1.2999999523162842,0.3918179052170105,-0.30000001192092896,0.3103092908859253,0.5307692298976746,-0.30000001192092896,-0.30000001192092896,-0.30000001192092896,-0.30000001192092896,-0.30000001192092896,-0.30000001192092896,0.30000001192092896,-0.295850633920929,0.676590412920929,-0.30000001192092896,-0.298827568525238
1.2999999523162842,0.3609191142170105,-0.30000001192092896,0.3103092908859253,0.3683760668976746,-0.30000001192092896,-0.30000001192092896,-0.30000001192092896,-0.30000001192092896,-0.30000001192092896,-0.30000001192092896,0.30000001192092896,-0.30000001192092896,0.30000001192092896,-0.30000001192092896,-0.299870723525238
1.2999999523162842,0.3327206342170105,-0.30000001192092896,0.3103092908859253,0.33418803289767457,-0.30000001192092896,-0.10645162492092897,-0.05757576992092894,-0.30000001192092896,-0.30000001192092896,-0.30000001192092896,0.30000001192092896,-0.30000001192092896,0.30000001192092896,-0.30000001192092896,-0.29983967752523805
1.2999999523162842,0.3324177052170105,-0.30000001192092896,0.3103092908859253,0.34273504189767456,-0.30000001192092896,-0.21129033492092897,-0.28989900192092893,-0.30000001192092896,-0.30000001192092896,-0.30000001192092896,0.961764717920929,-0.30000001192092896,0.30000001192092896,-0.30000001192092896,-0.299841229525238
1.2999999523162842,0.3618279022170105,-0.30000001192092896,0.3103092908859253,0.3940170928976746,-0.30000001192092896,-0.27580646392092895,-0.26969698192092895,-0.30000001192092896,-0.30000001192092896,-0.30000001192092896,0.6268716699209289,0.42199168907907103,1.054287704920929,-0.30000001192092896,-0.23870064252523804
1.2999999523162842,0.5129896362170105,-0.30000001192092896,0.3103092908859253,0.5136752128976746,-0.30000001192092896,-0.30000001192092896,-0.30000001192092896,-0.30000001192092896,-0.30000001192092896,-0.30000001192092896,0.30000001192092896,-0.30000001192092896,0.30000001192092896,-0.30000001192092896,-0.29990088312523805
1.2999999523162842,0.3309278992170105,-0.30000001192092896,0.3103092908859253,0.3598290588976746,-0.30000001192092896,-0.30000001192092896,-0.30000001192092896,-0.30000001192092896,-0.30000001192092896,-0.30000001192092896,0.30000001192092896,-0.30000001192092896,0.30000001192092896,-0.30000001192092896,-0.27304827252523806
1.2999999523162842,0.3033443662170105,-0.30000001192092896,0.3103092908859253,0.34273504189767456,-0.30000001192092896,0.08709676207907102,-0.28989900192092893,-0.30000001192092896,-0.30000001192092896,-0.30000001192092896,1.166310171920929,-0.30000001192092896,0.30000001192092896,-0.30000001192092896,-0.29983901252523804
1.2999999523162842,0.3921208342170105,-0.30000001192092896,0.3103092908859253,0.3598290588976746,-0.30000001192092896,-0.27580646392092895,-0.26969698192092895,-0.30000001192092896,-0.30000001192092896,-0.30000001192092896,0.30000001192092896,-0.30000001192092896,0.30000001192092896,-0.30000001192092896,-0.29985542252523806
1.2999999523162842,0.3909091172170105,-0.30000001192092896,0.3103092908859253,0.3940170928976746,-0.30000001192092896,-0.29193549592092893,-0.28989900192092893,-0.30000001192092896,-0.30000001192092896,-0.30000001192092896,0.4610962689209289,-0.30000001192092896,0.30000001192092896,-0.30000001192092896,-0.260405332525238
1.2999999523162842,0.3924137672170105,-0.30000001192092896,0.3103092908859253,0.5051282038976745,-0.30000001192092896,-0.30000001192092896,-0.30000001192092896,-0.30000001192092896,-0.30000001192092896,-0.30000001192092896,0.30000001192092896,-0.30000001192092896,0.30000001192092896,-0.30000001192092896,-0.29943541052523803
1.2999999523162842,0.4829996322170105,-0.30000001192092896,0.3103092908859253,0.5222222208976746,-0.30000001192092896,-0.30000001192092896,-0.30000001192092896,-0.30000001192092896,-0.30000001192092896,-0.30000001192092896,0.30000001192092896,-0.30000001192092896,0.30000001192092896,-0.30000001192092896,-0.29922052552523803
1.2999999523162842,0.4217933682170105,-0.30000001192092896,0.3103092908859253,0.5222222208976746,-0.30000001192092896,-0.30000001192092896,-0.30000001192092896,-0.30000001192092896,-0.30000001192092896,-0.30000001192092896,0.30000001192092896,-0.30000001192092896,0.30000001192092896,-0.30000001192092896,-0.299133374525238
1.2999999523162842,0.3309291102170105,-0.30000001192092896,0.3103092908859253,0.34273504189767456,-0.30000001192092896,-0.29193549592092893,-0.28989900192092893,-0.30000001192092896,-0.30000001192092896,-0.30000001192092896,0.4610962689209289,-0.30000001192092896,0.30000001192092896,-0.30000001192092896,-0.29988890852523803
1.2999999523162842,0.3921208342170105,-0.30000001192092896,0.3103092908859253,0.4111111098976746,-0.30000001192092896,-0.29193549592092893,-0.28989900192092893,-0.30000001192092896,-0.30000001192092896,-0.30000001192092896,0.43636364792092897,0.546473017079071,0.748362389920929,-0.30000001192092896,-0.22614285752523805
1.2999999523162842,0.3915149762170105,-0.30000001192092896,0.3103092908859253,0.3512820498976746,-0.30000001192092896,-0.25967743092092893,-0.24949496092092896,-0.30000001192092896,-0.30000001192092896,-0.30000001192092896,0.30000001192092896,-0.30000001192092896,0.30000001192092896,-0.30000001192092896,-0.299861188525238
1.2999999523162842,0.5735755012170105,-0.30000001192092896,0.3103092908859253,0.5136752128976746,-0.30000001192092896,-0.30000001192092896,-0.30000001192092896,-0.30000001192092896,-0.30000001192092896,-0.30000001192092896,0.30000001192092896,-0.30000001192092896,0.30000001192092896,-0.30000001192092896,-0.29990132662523805
1.2999999523162842,0.3615249722170105,-0.30000001192092896,0.3103092908859253,0.34273504189767456,-0.30000001192092896,-0.27580646392092895,-0.28989900192092893,-0.30000001192092896,-0.30000001192092896,-0.30000001192092896,0.6629679259209289,0.08174272707907104,1.088932179920929,-0.30000001192092896,-0.23691215352523803
1.2999999523162842,0.3309291102170105,-0.30000001192092896,0.3103092908859253,0.3769230758976746,-0.30000001192092896,-0.30000001192092896,-0.30000001192092896,-0.30000001192092896,-0.30000001192092896,-0.30000001192092896,0.30000001192092896,-0.30000001192092896,0.30000001192092896,-0.30000001192092896,-0.299870945525238
1.2999999523162842,0.5132925652170105,-0.30000001192092896,0.3103092908859253,0.5222222208976746,-0.30000001192092896,-0.30000001192092896,-0.30000001192092896,-0.30000001192092896,-0.30000001192092896,-0.30000001192092896,0.30000001192092896,-0.30000001192092896,0.30000001192092896,-0.30000001192092896,-0.29943541052523803
1.2999999523162842,0.48239377421701046,-0.30000001192092896,0.3103092908859253,0.5136752128976746,-0.30000001192092896,-0.30000001192092896,-0.30000001192092896,-0.30000001192092896,-0.30000001192092896,-0.30000001192092896,0.30000001192092896,-0.29170125692092896,0.918342235920929,-0.30000001192092896,-0.29936378252523804
1.2999999523162842,0.3606055822170105,-0.30000001192092896,0.3721649608859253,0.5393162378976746,-0.30000001192092896,-0.30000001192092896,-0.30000001192092896,-0.30000001192092896,-0.30000001192092896,-0.30000001192092896,0.30000001192092896,-0.24605810292092894,1.014219106920929,-0.30000001192092896,-0.27686985052523805
1.2999999523162842,0.3042458832170105,-0.30000001192092896,0.3103092908859253,0.3170940158976746,-0.30000001192092896,0.09516127807907104,0.19494948307907106,-0.30000001192092896,-0.30000001192092896,-0.30000001192092896,0.30000001192092896,-0.30000001192092896,0.30000001192092896,-0.30000001192092896,-0.29983967752523805
1.2999999523162842,0.3042649682170105,-0.30000001192092896,0.3103092908859253,0.3598290588976746,-0.30000001192092896,0.09516127807907104,0.19494948307907106,-0.30000001192092896,-0.30000001192092896,-0.30000001192092896,0.31737969092092894,-0.30000001192092896,0.30000001192092896,-0.30000001192092896,-0.26399406252523805
1.2999999523162842,0.4212020502170105,-0.30000001192092896,0.3103092908859253,0.3598290588976746,-0.30000001192092896,-0.25161291492092897,-0.23939395092092897,-0.30000001192092896,-0.30000001192092896,-0.30000001192092896,0.30000001192092896,-0.30000001192092896,0.30000001192092896,-0.30000001192092896,-0.29986163152523804
1.2999999523162842,0.42180790821701053,-0.30000001192092896,0.3103092908859253,0.5136752128976746,-0.30000001192092896,-0.30000001192092896,-0.30000001192092896,-0.30000001192092896,-0.30000001192092896,-0.30000001192092896,0.30000001192092896,-0.29170125692092896,0.8631749139209289,-0.30000001192092896,-0.298980582525238
1.2999999523162842,0.4517979122170105,-0.30000001192092896,0.3103092908859253,0.5222222208976746,-0.30000001192092896,-0.30000001192092896,-0.30000001192092896,-0.30000001192092896,-0.30000001192092896,-0.30000001192092896,0.30000001192092896,-0.27925312392092894,0.965039404920929,-0.30000001192092896,-0.29860403452523804
1.2999999523162842,0.3333413362170105,-0.30000001192092896,0.3103092908859253,0.38547008389767456,-0.30000001192092896,-0.30000001192092896,-0.30000001192092896,-0.30000001192092896,-0.30000001192092896,-0.30000001192092896,0.30000001192092896,-0.30000001192092896,0.30000001192092896,-0.30000001192092896,-0.299870723525238
1.2999999523162842,0.3315080082170105,-0.30000001192092896,0.3412371258859253,0.5051282038976745,-0.30000001192092896,-0.27580646392092895,-0.28989900192092893,-0.30000001192092896,-0.30000001192092896,-0.30000001192092896,0.30000001192092896,-0.30000001192092896,0.30000001192092896,-0.30000001192092896,-0.273443891525238
1.2999999523162842,0.4224137672170105,-0.30000001192092896,0.3103092908859253,0.5222222208976746,-0.30000001192092896,-0.30000001192092896,-0.30000001192092896,-0.30000001192092896,-0.30000001192092896,-0.30000001192092896,0.30000001192092896,-0.30000001192092896,0.30000001192092896,-0.30000001192092896,-0.299895782525238
1.2999999523162842,0.3036475982170105,-0.30000001192092896,0.3103092908859253,0.3512820498976746,-0.30000001192092896,-0.25161291492092897,-0.23939395092092897,-0.30000001192092896,-0.30000001192092896,-0.30000001192092896,0.825401081920929,0.24356845307907105,0.830881789920929,-0.30000001192092896,-0.24451960552523805
1.2999999523162842,0.3054748682170105,-0.30000001192092896,0.3103092908859253,0.3512820498976746,-0.30000001192092896,-0.13870968892092894,-0.09797980992092895,-0.30000001192092896,-0.30000001192092896,-0.30000001192092896,0.30000001192092896,-0.30000001192092896,0.30000001192092896,-0.30000001192092896,-0.299836129525238
1.2999999523162842,0.3000015408670105,-0.30000001192092896,0.3103092908859253,0.2999999988976746,-0.30000001192092896,-0.13064517292092895,-0.08787879992092895,-0.30000001192092896,-0.30000001192092896,-0.30000001192092896,0.30000001192092896,-0.30000001192092896,0.30000001192092896,-0.30000001192092896,-0.299949448425238
1.2999999523162842,0.4233225552170105,-0.30000001192092896,0.3103092908859253,0.5307692298976746,-0.30000001192092896,-0.30000001192092896,-0.30000001192092896,-0.30000001192092896,-0.30000001192092896,-0.30000001192092896,0.30000001192092896,-0.30000001192092896,0.30000001192092896,-0.30000001192092896,-0.29126845952523805
1.2999999523162842,0.4212020502170105,-0.30000001192092896,0.3103092908859253,0.5307692298976746,-0.30000001192092896,-0.30000001192092896,-0.30000001192092896,-0.30000001192092896,-0.30000001192092896,-0.30000001192092896,0.30000001192092896,-0.30000001192092896,0.30000001192092896,-0.30000001192092896,-0.299003201525238
1.2999999523162842,0.36061618421701047,-0.30000001192092896,0.3103092908859253,0.3512820498976746,-0.30000001192092896,-0.20322581792092898,-0.17878789092092895,-0.30000001192092896,-0.30000001192092896,-0.30000001192092896,0.30000001192092896,-0.30000001192092896,0.30000001192092896,-0.30000001192092896,-0.299853204525238
1.2999999523162842,0.4833025622170105,-0.30000001192092896,0.3103092908859253,0.4965811958976746,-0.30000001192092896,-0.30000001192092896,-0.30000001192092896,-0.30000001192092896,-0.30000001192092896,-0.30000001192092896,0.30000001192092896,-0.30000001192092896,0.30000001192092896,-0.30000001192092896,-0.299901104925238
1.2999999523162842,0.42178730921701046,-0.30000001192092896,0.3103092908859253,0.5222222208976746,-0.30000001192092896,-0.30000001192092896,-0.30000001192092896,-0.30000001192092896,-0.30000001192092896,-0.30000001192092896,0.30000001192092896,-0.29170125692092896,1.110981954920929,-0.30000001192092896,-0.298880125525238
1.2999999523162842,0.3318272962170105,-0.30000001192092896,0.3103092908859253,0.33418803289767457,-0.30000001192092896,-0.20322581792092898,-0.28989900192092893,-0.30000001192092896,-0.30000001192092896,-0.30000001192092896,0.981818193920929,-0.30000001192092896,0.30000001192092896,-0.30000001192092896,-0.29983967752523805
1.2999999523162842,0.48239377421701046,-0.30000001192092896,0.3103092908859253,0.5222222208976746,-0.30000001192092896,-0.30000001192092896,-0.30000001192092896,-0.30000001192092896,-0.30000001192092896,-0.30000001192092896,0.30000001192092896,-0.30000001192092896,0.30000001192092896,-0.30000001192092896,-0.29943541052523803
1.2999999523162842,0.4524037702170105,-0.30000001192092896,0.3103092908859253,0.5136752128976746,-0.30000001192092896,-0.30000001192092896,-0.30000001192092896,-0.30000001192092896,-0.30000001192092896,-0.30000001192092896,0.30000001192092896,-0.30000001192092896,0.30000001192092896,-0.30000001192092896,-0.29989644752523803
1.2999999523162842,0.45149498221701045,-0.30000001192092896,0.3103092908859253,0.3598290588976746,-0.30000001192092896,-0.21935485092092893,-0.19898991092092894,-0.30000001192092896,-0.30000001192092896,-0.30000001192092896,0.30000001192092896,-0.30000001192092896,0.30000001192092896,-0.30000001192092896,-0.299853204525238
1.2999999523162842,0.45149498221701045,-0.30000001192092896,0.3103092908859253,0.5222222208976746,-0.30000001192092896,-0.30000001192092896,-0.30000001192092896,-0.30000001192092896,-0.30000001192092896,-0.30000001192092896,0.30000001192092896,-0.283402501920929,1.088932179920929,-0.30000001192092896,-0.29727769252523806
1.2999999523162842,0.4833025622170105,-0.30000001192092896,0.3103092908859253,0.5222222208976746,-0.30000001192092896,-0.30000001192092896,-0.30000001192092896,-0.30000001192092896,-0.30000001192092896,-0.30000001192092896,0.30000001192092896,-0.29170125692092896,0.6740299839209289,-0.30000001192092896,-0.29863086752523804
1.2999999523162842,0.4212020502170105,-0.30000001192092896,0.3103092908859253,0.41965811889767457,-0.30000001192092896,-0.29193549592092893,-0.28989900192092893,-0.30000001192092896,-0.30000001192092896,-0.30000001192092896,0.4610962689209289,0.19792529907907103,0.766397456920929,-0.30000001192092896,-0.264539368525238
1.2999999523162842,0.3021356782170105,-0.30000001192092896,0.3103092908859253,0.33418803289767457,-0.30000001192092896,-0.25967743092092893,-0.24949496092092896,-0.30000001192092896,-0.30000001192092896,-0.30000001192092896,0.39625669592092894,0.29751036107907103,0.9899074149209289,-0.30000001192092896,-0.24772890652523805
1.2999999523162842,0.3321108382170105,-0.30000001192092896,0.3103092908859253,0.3256410248976746,-0.30000001192092896,0.0064516010790710565,-0.28989900192092893,-0.30000001192092896,-0.30000001192092896,-0.30000001192092896,1.138235305920929,-0.30000001192092896,0.30000001192092896,-0.30000001192092896,-0.24908230352523802
1.2999999523162842,0.5120608542170105,-0.30000001192092896,0.3515464048859253,0.4965811958976746,-0.30000001192092896,-0.30000001192092896,-0.30000001192092896,-0.30000001192092896,-0.30000001192092896,-0.30000001192092896,0.30000001192092896,-0.24605810292092894,1.119382977920929,-0.30000001192092896,-0.294553601525238
1.2999999523162842,0.3306261812170105,-0.30000001192092896,0.3103092908859253,0.2999999988976746,-0.30000001192092896,-0.30000001192092896,-0.30000001192092896,-0.30000001192092896,-0.30000001192092896,-0.30000001192092896,0.30000001192092896,-0.295850633920929,1.104964719920929,-0.30000001192092896,-0.298760596525238
1.2999999523162842,0.3303208282170105,-0.30000001192092896,0.3103092908859253,0.3512820498976746,-0.30000001192092896,-0.09838710892092895,-0.28989900192092893,-0.30000001192092896,-0.30000001192092896,-0.30000001192092896,1.056684503920929,-0.27925312392092894,0.908976793920929,-0.30000001192092896,-0.279763143525238
1.2999999523162842,0.3312102292170105,-0.30000001192092896,0.3103092908859253,0.2999999988976746,-0.30000001192092896,0.4096774070790711,-0.28989900192092893,-0.30000001192092896,-0.30000001192092896,-0.30000001192092896,1.175000011920929,-0.30000001192092896,0.30000001192092896,-0.30000001192092896,-0.24878048852523804
1.2999999523162842,0.3606080052170105,-0.30000001192092896,0.44432990988592536,0.41965811889767457,-0.30000001192092896,-0.25161291492092897,-0.28989900192092893,-0.30000001192092896,-0.30000001192092896,-0.30000001192092896,0.7211230069209289,0.363900403079071,0.973676295920929,-0.30000001192092896,-0.23894701652523803
1.2999999523162842,0.4521008412170105,-0.30000001192092896,0.3103092908859253,0.5222222208976746,-0.30000001192092896,-0.30000001192092896,-0.30000001192092896,-0.30000001192092896,-0.30000001192092896,-0.30000001192092896,0.30000001192092896,-0.30000001192092896,0.30000001192092896,-0.30000001192092896,-0.29911297252523805
1.2999999523162842,0.4530096292170105,-0.30000001192092896,0.3103092908859253,0.5051282038976745,-0.30000001192092896,-0.30000001192092896,-0.30000001192092896,-0.30000001192092896,-0.30000001192092896,-0.30000001192092896,0.30000001192092896,-0.30000001192092896,0.30000001192092896,-0.30000001192092896,-0.29943541052523803
1.2999999523162842,0.3018263872170105,-0.30000001192092896,0.3103092908859253,0.3512820498976746,-0.30000001192092896,-0.21935485092092893,-0.28989900192092893,-0.30000001192092896,-0.30000001192092896,-0.30000001192092896,0.9417112419209289,-0.05933611192092897,1.044382434920929,-0.30000001192092896,-0.24906434052523801
1.2999999523162842,0.3324319432170105,-0.30000001192092896,0.3103092908859253,0.33418803289767457,-0.30000001192092896,-0.22741936692092896,-0.20909092092092896,-0.30000001192092896,-0.30000001192092896,-0.30000001192092896,0.30000001192092896,-0.30000001192092896,0.30000001192092896,-0.30000001192092896,-0.27646536152523804
1.2999999523162842,0.3009194172170105,-0.30000001192092896,0.3103092908859253,0.3769230758976746,-0.30000001192092896,-0.25161291492092897,-0.23939395092092897,-0.30000001192092896,-0.30000001192092896,-0.30000001192092896,0.30000001192092896,-0.30000001192092896,0.30000001192092896,-0.30000001192092896,-0.29984012152523803
1.2999999523162842,0.3042504272170105,-0.30000001192092896,0.3103092908859253,0.33418803289767457,-0.30000001192092896,-0.25161291492092897,-0.23939395092092897,-0.30000001192092896,-0.30000001192092896,-0.30000001192092896,0.30000001192092896,-0.30000001192092896,0.30000001192092896,-0.30000001192092896,-0.29983834652523805
1.2999999523162842,0.3618166932170105,-0.30000001192092896,0.3103092908859253,0.5051282038976745,-0.30000001192092896,-0.30000001192092896,-0.30000001192092896,-0.30000001192092896,-0.30000001192092896,-0.30000001192092896,0.30000001192092896,-0.295850633920929,1.0270663139209288,-0.30000001192092896,-0.29934870252523804
1.2999999523162842,0.3309291102170105,-0.30000001192092896,0.3103092908859253,0.2999999988976746,-0.30000001192092896,-0.30000001192092896,-0.30000001192092896,-0.30000001192092896,-0.30000001192092896,-0.30000001192092896,0.30066846092092897,-0.30000001192092896,0.30000001192092896,-0.30000001192092896,-0.29987050252523806
1.2999999523162842,0.4236254842170105,-0.30000001192092896,0.3103092908859253,0.5136752128976746,-0.30000001192092896,-0.30000001192092896,-0.30000001192092896,-0.30000001192092896,-0.30000001192092896,-0.30000001192092896,0.30000001192092896,-0.30000001192092896,0.30000001192092896,-0.30000001192092896,-0.298916493525238
1.2999999523162842,0.3909009382170105,-0.30000001192092896,0.3103092908859253,0.33418803289767457,-0.30000001192092896,-0.27580646392092895,-0.28989900192092893,-0.30000001192092896,-0.30000001192092896,-0.30000001192092896,0.6629679259209289,-0.30000001192092896,0.30000001192092896,-0.30000001192092896,-0.26279944552523804
1.2999999523162842,0.4236254842170105,-0.30000001192092896,0.3103092908859253,0.3769230758976746,-0.30000001192092896,-0.28387097992092897,-0.27979799192092897,-0.30000001192092896,-0.30000001192092896,-0.30000001192092896,0.30000001192092896,-0.30000001192092896,0.30000001192092896,-0.30000001192092896,-0.299855865525238
1.2999999523162842,0.48268185921701046,-0.30000001192092896,0.3103092908859253,0.5136752128976746,-0.30000001192092896,-0.30000001192092896,-0.30000001192092896,-0.30000001192092896,-0.30000001192092896,-0.30000001192092896,0.30000001192092896,-0.30000001192092896,0.30000001192092896,-0.30000001192092896,-0.299900661325238
1.2999999523162842,0.42180790821701053,-0.30000001192092896,0.3103092908859253,0.5136752128976746,-0.30000001192092896,-0.30000001192092896,-0.30000001192092896,-0.30000001192092896,-0.30000001192092896,-0.30000001192092896,0.30000001192092896,-0.30000001192092896,0.30000001192092896,-0.30000001192092896,-0.299256672525238
1.2999999523162842,0.45149498221701045,-0.30000001192092896,0.3103092908859253,0.3769230758976746,-0.30000001192092896,-0.29193549592092893,-0.28989900192092893,-0.30000001192092896,-0.30000001192092896,-0.30000001192092896,0.449064182920929,0.6253111910790711,0.713624865920929,-0.30000001192092896,-0.25255194852523805
1.2999999523162842,0.4230196262170105,-0.30000001192092896,0.3103092908859253,0.5051282038976745,-0.30000001192092896,-0.28387097992092897,-0.28989900192092893,-0.30000001192092896,-0.30000001192092896,-0.30000001192092896,0.575401081920929,-0.30000001192092896,0.30000001192092896,-0.30000001192092896,-0.29988779952523803
1.2999999523162842,0.4530096292170105,-0.30000001192092896,0.3103092908859253,0.5307692298976746,-0.30000001192092896,-0.30000001192092896,-0.30000001192092896,-0.30000001192092896,-0.30000001192092896,-0.30000001192092896,0.30000001192092896,-0.30000001192092896,0.30000001192092896,-0.30000001192092896,-0.299900217825238
1.2999999523162842,0.4524037702170105,-0.30000001192092896,0.3103092908859253,0.5222222208976746,-0.30000001192092896,-0.30000001192092896,-0.30000001192092896,-0.30000001192092896,-0.30000001192092896,-0.30000001192092896,0.30000001192092896,-0.30000001192092896,0.30000001192092896,-0.30000001192092896,-0.291271785525238
1.2999999523162842,0.3918179052170105,-0.30000001192092896,0.3103092908859253,0.3256410248976746,-0.30000001192092896,-0.15483872192092896,-0.11818182992092896,-0.30000001192092896,-0.30000001192092896,-0.30000001192092896,0.30000001192092896,-0.30000001192092896,0.30000001192092896,-0.30000001192092896,-0.299855200525238
1.2999999523162842,0.4233225552170105,-0.30000001192092896,0.3103092908859253,0.5136752128976746,-0.30000001192092896,-0.30000001192092896,-0.30000001192092896,-0.30000001192092896,-0.30000001192092896,-0.30000001192092896,0.30000001192092896,-0.30000001192092896,0.30000001192092896,-0.30000001192092896,-0.29989644752523803
1.2999999523162842,0.4826967032170105,-0.30000001192092896,0.3103092908859253,0.5222222208976746,-0.30000001192092896,-0.30000001192092896,-0.30000001192092896,-0.30000001192092896,-0.30000001192092896,-0.30000001192092896,0.30000001192092896,-0.295850633920929,1.173585533920929,-0.30000001192092896,-0.299292375525238
1.2999999523162842,0.3003271902170105,-0.30000001192092896,0.3103092908859253,0.3598290588976746,-0.30000001192092896,-0.23548388292092895,-0.28989900192092893,-0.30000001192092896,-0.30000001192092896,-0.30000001192092896,0.893582899920929,-0.08423237692092894,1.1746556309209288,-0.30000001192092896,-0.25332344952523805
1.2999999523162842,0.3021477952170105,-0.30000001192092896,0.3103092908859253,0.3170940158976746,-0.30000001192092896,0.06290321407907107,-0.28989900192092893,-0.30000001192092896,-0.30000001192092896,-0.30000001192092896,1.142246000920929,-0.24605810292092894,1.0151738689209289,-0.30000001192092896,-0.253744792525238
1.2999999523162842,0.4224137672170105,-0.30000001192092896,0.3103092908859253,0.5307692298976746,-0.30000001192092896,-0.30000001192092896,-0.30000001192092896,-0.30000001192092896,-0.30000001192092896,-0.30000001192092896,0.30000001192092896,-0.2875518789209289,0.940819772920929,-0.30000001192092896,-0.298791643525238
1.2999999523162842,0.3345582042170105,-0.30000001192092896,0.3103092908859253,0.3598290588976746,-0.30000001192092896,-0.12258065692092895,-0.07777778992092896,-0.30000001192092896,-0.30000001192092896,-0.30000001192092896,1.0794117769209288,-0.08008299992092896,1.094716369920929,-0.30000001192092896,-0.24348864652523802
1.2999999523162842,0.3033543622170105,-0.30000001192092896,0.3103092908859253,0.33418803289767457,-0.30000001192092896,-0.21129033492092897,-0.28989900192092893,-0.30000001192092896,-0.30000001192092896,-0.30000001192092896,0.961764717920929,-0.30000001192092896,0.30000001192092896,-0.30000001192092896,-0.29983989952523804
1.2999999523162842,0.4230196262170105,-0.30000001192092896,0.3103092908859253,0.5222222208976746,-0.30000001192092896,-0.30000001192092896,-0.30000001192092896,0.699999988079071,-0.30000001192092896,-0.30000001192092896,0.30000001192092896,-0.30000001192092896,0.30000001192092896,-0.30000001192092896,-0.279415647525238
1.2999999523162842,0.5426767102170105,-0.30000001192092896,0.3103092908859253,0.5222222208976746,-0.30000001192092896,-0.30000001192092896,-0.30000001192092896,-0.30000001192092896,-0.30000001192092896,-0.30000001192092896,0.30000001192092896,-0.2875518789209289,0.973676295920929,-0.30000001192092896,-0.29856234452523805
1.2999999523162842,0.39148468321701047,-0.30000001192092896,0.3103092908859253,0.4794871778976746,-0.30000001192092896,-0.29193549592092893,-0.28989900192092893,-0.30000001192092896,-0.30000001192092896,-0.30000001192092896,0.4610962689209289,-0.30000001192092896,0.30000001192092896,-0.30000001192092896,-0.28478399552523803
1.2999999523162842,0.3009327452170105,-0.30000001192092896,0.4030927968859253,0.44529914389767455,-0.30000001192092896,-0.24354839892092894,-0.28989900192092893,-0.30000001192092896,-0.30000001192092896,-0.30000001192092896,0.825401081920929,0.24356845307907105,0.905518600920929,-0.30000001192092896,-0.22550574252523803
1.2999999523162842,0.45238650321701046,-0.30000001192092896,0.3103092908859253,0.5307692298976746,-0.30000001192092896,-0.30000001192092896,-0.30000001192092896,-0.30000001192092896,-0.30000001192092896,-0.30000001192092896,0.30000001192092896,-0.30000001192092896,0.30000001192092896,-0.30000001192092896,-0.29899566152523804
1.2999999523162842,0.3921208342170105,-0.30000001192092896,0.3103092908859253,0.38547008389767456,-0.30000001192092896,-0.28387097992092897,-0.27979799192092897,-0.30000001192092896,-0.30000001192092896,-0.30000001192092896,0.30000001192092896,-0.30000001192092896,0.30000001192092896,-0.30000001192092896,-0.269108275525238
1.2999999523162842,0.3342446722170105,-0.30000001192092896,0.3103092908859253,0.34273504189767456,-0.30000001192092896,-0.26774194692092895,-0.259595971920929,-0.30000001192092896,-0.30000001192092896,-0.30000001192092896,0.30000001192092896,-0.30000001192092896,0.30000001192092896,-0.30000001192092896,-0.299843890525238
1.2999999523162842,0.3609006352170105,-0.30000001192092896,0.4752577448859253,0.5393162378976746,-0.30000001192092896,-0.30000001192092896,-0.30000001192092896,-0.30000001192092896,-0.30000001192092896,-0.30000001192092896,0.30000001192092896,-0.24605810292092894,0.7712671929209289,-0.30000001192092896,-0.23017111452523803
1.2999999523162842,0.3018203282170105,-0.30000001192092896,0.3824742398859253,0.46239316089767457,-0.30000001192092896,-0.17096775392092894,-0.28989900192092893,-0.30000001192092896,-0.30000001192092896,-0.30000001192092896,1.0272727389209289,-0.01784233592092893,1.088932179920929,-0.30000001192092896,-0.24203035752523802
1.2999999523162842,0.4817767072170105,-0.30000001192092896,0.4649484668859253,0.4025641018976746,-0.30000001192092896,-0.30000001192092896,-0.30000001192092896,-0.30000001192092896,-0.30000001192092896,-0.30000001192092896,0.30000001192092896,-0.24605810292092894,0.913875549920929,-0.30000001192092896,-0.29480463252523803
1.2999999523162842,0.3045545682170105,-0.30000001192092896,0.3103092908859253,0.3170940158976746,-0.30000001192092896,-0.16290323792092895,-0.28989900192092893,-0.30000001192092896,-0.30000001192092896,-0.30000001192092896,1.038636375920929,-0.17136930692092894,0.7089505379209289,-0.30000001192092896,-0.25323297152523805
1.2999999523162842,0.3003032582170105,-0.30000001192092896,0.5268041368859253,0.4282051268976746,-0.30000001192092896,-0.27580646392092895,-0.28989900192092893,-0.30000001192092896,-0.30000001192092896,-0.30000001192092896,0.6629679259209289,0.45103733207907104,1.1978775169209288,-0.30000001192092896,-0.24931027152523805
1.2999999523162842,0.4520953882170105,-0.30000001192092896,0.3103092908859253,0.5051282038976745,-0.30000001192092896,-0.30000001192092896,-0.30000001192092896,-0.30000001192092896,-0.30000001192092896,-0.30000001192092896,0.30000001192092896,-0.2875518789209289,0.720415468920929,-0.30000001192092896,-0.29873620352523805
1.2999999523162842,0.3614974062170105,-0.30000001192092896,0.3824742398859253,0.5393162378976746,-0.30000001192092896,-0.30000001192092896,-0.30000001192092896,-0.30000001192092896,-0.30000001192092896,-0.30000001192092896,0.30000001192092896,-0.24605810292092894,1.088932179920929,-0.30000001192092896,-0.24704810552523804
1.2999999523162842,0.4224125552170105,-0.30000001192092896,0.3103092908859253,0.5222222208976746,-0.30000001192092896,-0.30000001192092896,-0.30000001192092896,-0.30000001192092896,-0.30000001192092896,-0.30000001192092896,0.30000001192092896,-0.295850633920929,0.748362389920929,-0.30000001192092896,-0.29949927752523803
1.2999999523162842,0.3618209342170105,-0.30000001192092896,0.4030927968859253,0.5393162378976746,-0.30000001192092896,-0.30000001192092896,-0.30000001192092896,-0.30000001192092896,-0.30000001192092896,-0.30000001192092896,0.30000001192092896,-0.24605810292092894,0.9897557319209289,-0.30000001192092896,-0.27089609852523805
1.2999999523162842,0.3612138642170105,-0.30000001192092896,0.4340206318859253,0.4282051268976746,-0.30000001192092896,-0.28387097992092897,-0.28989900192092893,-0.30000001192092896,-0.30000001192092896,-0.30000001192092896,0.4564171239209289,0.670954345079071,0.973676295920929,-0.30000001192092896,-0.24900335652523803
1.2999999523162842,0.5429796392170105,-0.30000001192092896,0.3103092908859253,0.5136752128976746,-0.30000001192092896,-0.30000001192092896,-0.30000001192092896,-0.30000001192092896,-0.30000001192092896,-0.30000001192092896,0.30000001192092896,-0.30000001192092896,0.30000001192092896,-0.30000001192092896,-0.299901104925238
1.2999999523162842,0.5135954942170105,-0.30000001192092896,0.3103092908859253,0.5136752128976746,-0.30000001192092896,-0.30000001192092896,-0.30000001192092896,-0.30000001192092896,-0.30000001192092896,-0.30000001192092896,0.30000001192092896,-0.2875518789209289,0.9188818659209289,-0.30000001192092896,-0.298979029525238
1.2999999523162842,0.5120808482170105,-0.30000001192092896,0.3103092908859253,0.5222222208976746,-0.30000001192092896,-0.30000001192092896,-0.30000001192092896,-0.30000001192092896,-0.30000001192092896,-0.30000001192092896,0.30000001192092896,-0.30000001192092896,0.30000001192092896,-0.30000001192092896,-0.299901104925238
1.2999999523162842,0.3030502212170105,-0.30000001192092896,0.3103092908859253,0.33418803289767457,-0.30000001192092896,-0.10645162492092897,-0.28989900192092893,-0.30000001192092896,-0.30000001192092896,-0.30000001192092896,1.086096268920929,-0.18796681692092895,0.765188056920929,-0.30000001192092896,-0.250483821525238
1.2999999523162842,0.3012274962170105,-0.30000001192092896,0.3103092908859253,0.33418803289767457,-0.30000001192092896,-0.06612904392092894,-0.28989900192092893,-0.30000001192092896,-0.30000001192092896,-0.30000001192092896,1.114171134920929,-0.30000001192092896,0.30000001192092896,-0.30000001192092896,-0.29984078652523805
1.2999999523162842,0.4212020502170105,-0.30000001192092896,0.3103092908859253,0.5136752128976746,-0.30000001192092896,-0.30000001192092896,-0.30000001192092896,-0.30000001192092896,-0.30000001192092896,-0.30000001192092896,0.30000001192092896,-0.295850633920929,0.869510518920929,-0.30000001192092896,-0.299077490525238
1.2999999523162842,0.4826967032170105,-0.30000001192092896,0.3103092908859253,0.5136752128976746,-0.30000001192092896,-0.30000001192092896,-0.30000001192092896,-0.30000001192092896,-0.30000001192092896,-0.30000001192092896,0.30000001192092896,-0.30000001192092896,0.30000001192092896,-0.30000001192092896,-0.29918482252523804
1.2999999523162842,0.3033322492170105,-0.30000001192092896,0.3103092908859253,0.3512820498976746,-0.30000001192092896,-0.13870968892092894,-0.09797980992092895,-0.30000001192092896,-0.30000001192092896,-0.30000001192092896,0.30000001192092896,-0.30000001192092896,0.30000001192092896,-0.30000001192092896,-0.29983745952523805
1.2999999523162842,0.48239377421701046,-0.30000001192092896,0.3103092908859253,0.5307692298976746,-0.30000001192092896,-0.30000001192092896,-0.30000001192092896,-0.30000001192092896,-0.30000001192092896,-0.30000001192092896,0.30000001192092896,-0.30000001192092896,0.30000001192092896,-0.30000001192092896,-0.29986251852523804
1.2999999523162842,0.3000278957170105,-0.30000001192092896,0.3103092908859253,0.2999999988976746,-0.30000001192092896,-0.25967743092092893,-0.28989900192092893,-0.30000001192092896,-0.30000001192092896,-0.30000001192092896,0.7812834339209289,0.01535268507907106,0.908976793920929,-0.30000001192092896,-0.24732286452523802
1.2999999523162842,0.42271669621701047,-0.30000001192092896,0.3103092908859253,0.4965811958976746,-0.30000001192092896,-0.30000001192092896,-0.30000001192092896,-0.30000001192092896,-0.30000001192092896,-0.30000001192092896,0.30000001192092896,-0.30000001192092896,0.30000001192092896,-0.30000001192092896,-0.29964785552523804
1.2999999523162842,0.3021335572170105,-0.30000001192092896,0.3103092908859253,0.33418803289767457,-0.30000001192092896,-0.09032259292092895,-0.28989900192092893,-0.30000001192092896,-0.30000001192092896,-0.30000001192092896,1.099465252920929,-0.21286308292092895,1.018495879920929,-0.30000001192092896,-0.24931670252523802
1.2999999523162842,0.3909091172170105,-0.30000001192092896,0.3103092908859253,0.5051282038976745,-0.30000001192092896,-0.30000001192092896,-0.30000001192092896,-0.30000001192092896,-0.30000001192092896,-0.30000001192092896,0.30000001192092896,-0.30000001192092896,0.30000001192092896,-0.30000001192092896,-0.299542741525238
1.2999999523162842,0.3324237642170105,-0.30000001192092896,0.3103092908859253,0.34273504189767456,-0.30000001192092896,-0.25161291492092897,-0.28989900192092893,-0.30000001192092896,-0.30000001192092896,-0.30000001192092896,0.770588246920929,-0.30000001192092896,0.30000001192092896,-0.30000001192092896,-0.29984854752523804
1.2999999523162842,0.4224137672170105,-0.30000001192092896,0.3103092908859253,0.5136752128976746,-0.30000001192092896,-0.30000001192092896,-0.30000001192092896,-0.30000001192092896,-0.30000001192092896,-0.30000001192092896,0.30000001192092896,-0.30000001192092896,0.30000001192092896,-0.30000001192092896,-0.284680212525238
1.2999999523162842,0.3927266932170105,-0.30000001192092896,0.3103092908859253,0.3512820498976746,-0.30000001192092896,-0.21935485092092893,-0.19898991092092894,-0.30000001192092896,-0.30000001192092896,-0.30000001192092896,0.30000001192092896,-0.30000001192092896,0.30000001192092896,-0.30000001192092896,-0.29985564452523805
1.2999999523162842,0.42180790821701053,-0.30000001192092896,0.3103092908859253,0.5222222208976746,-0.30000001192092896,-0.30000001192092896,-0.30000001192092896,-0.30000001192092896,-0.30000001192092896,-0.30000001192092896,0.30000001192092896,-0.30000001192092896,0.30000001192092896,-0.30000001192092896,-0.299901104925238
1.2999999523162842,0.5120808482170105,-0.30000001192092896,0.3103092908859253,0.5307692298976746,-0.30000001192092896,-0.30000001192092896,-0.30000001192092896,-0.30000001192092896,-0.30000001192092896,-0.30000001192092896,0.30000001192092896,-0.30000001192092896,0.30000001192092896,-0.30000001192092896,-0.29990132662523805
1.2999999523162842,0.4239284142170105,-0.30000001192092896,0.3103092908859253,0.5307692298976746,-0.30000001192092896,-0.30000001192092896,-0.30000001192092896,0.699999988079071,-0.30000001192092896,-0.30000001192092896,0.30000001192092896,-0.30000001192092896,0.30000001192092896,-0.30000001192092896,-0.299900217825238
1.2999999523162842,0.5738784302170106,-0.30000001192092896,0.3103092908859253,0.5136752128976746,-0.30000001192092896,-0.30000001192092896,-0.30000001192092896,-0.30000001192092896,-0.30000001192092896,-0.30000001192092896,0.30000001192092896,-0.30000001192092896,0.30000001192092896,-0.30000001192092896,-0.299667370525238
1.2999999523162842,0.4542213462170105,-0.30000001192092896,0.3103092908859253,0.5307692298976746,-0.30000001192092896,-0.30000001192092896,-0.30000001192092896,-0.30000001192092896,-0.30000001192092896,-0.30000001192092896,0.30000001192092896,-0.30000001192092896,0.30000001192092896,-0.30000001192092896,-0.29945292952523805
1.2999999523162842,0.3918179052170105,-0.30000001192092896,0.3103092908859253,0.4880341868976746,-0.30000001192092896,-0.29193549592092893,-0.28989900192092893,-0.30000001192092896,-0.30000001192092896,-0.30000001192092896,0.4610962689209289,0.247717830079071,1.0698410809209289,-0.30000001192092896,-0.275123717525238
1.2999999523162842,0.4233210402170105,-0.30000001192092896,0.3103092908859253,0.5222222208976746,-0.30000001192092896,-0.30000001192092896,-0.30000001192092896,-0.30000001192092896,-0.30000001192092896,-0.30000001192092896,0.30000001192092896,-0.295850633920929,0.915058009920929,-0.30000001192092896,-0.29907394252523806
1.2999999523162842,0.3051661832170105,-0.30000001192092896,0.3103092908859253,0.34273504189767456,-0.30000001192092896,-0.03387097992092897,-0.28989900192092893,-0.30000001192092896,-0.30000001192092896,-0.30000001192092896,1.138235305920929,-0.30000001192092896,0.30000001192092896,-0.30000001192092896,-0.29984189552523804
1.2999999523162842,0.4530096292170105,-0.30000001192092896,0.3103092908859253,0.5222222208976746,-0.30000001192092896,-0.30000001192092896,-0.30000001192092896,-0.30000001192092896,-0.30000001192092896,-0.30000001192092896,0.30000001192092896,-0.29170125692092896,1.1441927509209289,-0.30000001192092896,-0.29933672752523804
1.2999999523162842,0.3336315432170105,-0.30000001192092896,0.3103092908859253,0.3512820498976746,-0.30000001192092896,-0.21935485092092893,-0.28989900192092893,-0.30000001192092896,-0.30000001192092896,-0.30000001192092896,0.815374343920929,-0.30000001192092896,0.30000001192092896,-0.30000001192092896,-0.29984987852523803
1.2999999523162842,0.5135954942170105,-0.30000001192092896,0.3103092908859253,0.5136752128976746,-0.30000001192092896,-0.30000001192092896,-0.30000001192092896,-0.30000001192092896,-0.30000001192092896,-0.30000001192092896,0.30000001192092896,-0.295850633920929,0.721907532920929,-0.30000001192092896,-0.299364003525238
1.2999999523162842,0.3330384072170105,-0.30000001192092896,0.3103092908859253,0.38547008389767456,-0.30000001192092896,-0.27580646392092895,-0.28989900192092893,-0.30000001192092896,-0.30000001192092896,-0.30000001192092896,0.586096268920929,-0.30000001192092896,0.30000001192092896,-0.30000001192092896,-0.29985231752523805
1.2999999523162842,0.3321396162170105,-0.30000001192092896,0.3103092908859253,0.3598290588976746,-0.30000001192092896,-0.16290323792092895,-0.28989900192092893,-0.30000001192092896,-0.30000001192092896,-0.30000001192092896,1.014572204920929,-0.30000001192092896,0.30000001192092896,-0.30000001192092896,-0.29984566552523806
1.2999999523162842,0.5423498492170105,-0.30000001192092896,0.3103092908859253,0.5307692298976746,-0.30000001192092896,-0.30000001192092896,-0.30000001192092896,-0.30000001192092896,-0.30000001192092896,-0.30000001192092896,0.30000001192092896,-0.29170125692092896,0.721141444920929,-0.30000001192092896,-0.29935779452523803
1.2999999523162842,0.5123837772170106,-0.30000001192092896,0.3103092908859253,0.5222222208976746,-0.30000001192092896,-0.30000001192092896,-0.30000001192092896,-0.30000001192092896,-0.30000001192092896,-0.30000001192092896,0.30000001192092896,-0.30000001192092896,0.30000001192092896,-0.30000001192092896,-0.299900661325238
1.2999999523162842,0.3021381012170105,-0.30000001192092896,0.3103092908859253,0.3512820498976746,-0.30000001192092896,-0.15483872192092896,-0.28989900192092893,-0.30000001192092896,-0.30000001192092896,-0.30000001192092896,1.0459893169209291,-0.30000001192092896,0.30000001192092896,-0.30000001192092896,-0.250598693525238
1.2999999523162842,0.3609169932170105,-0.30000001192092896,0.3103092908859253,0.3598290588976746,-0.30000001192092896,-0.24354839892092894,-0.28989900192092893,-0.30000001192092896,-0.30000001192092896,-0.30000001192092896,0.861497337920929,-0.30000001192092896,0.30000001192092896,-0.30000001192092896,-0.29984766052523804
1.2999999523162842,0.4514868032170105,-0.30000001192092896,0.4237113528859253,0.5393162378976746,-0.30000001192092896,-0.30000001192092896,-0.30000001192092896,-0.30000001192092896,-0.30000001192092896,-0.30000001192092896,0.30000001192092896,-0.24605810292092894,0.973676295920929,-0.30000001192092896,-0.29512574052523805
1.2999999523162842,0.4233225552170105,-0.30000001192092896,0.3103092908859253,0.5307692298976746,-0.30000001192092896,-0.30000001192092896,-0.30000001192092896,-0.30000001192092896,-0.30000001192092896,-0.30000001192092896,0.30000001192092896,-0.30000001192092896,0.30000001192092896,-0.30000001192092896,-0.297291219525238
1.2999999523162842,0.3324404252170105,-0.30000001192092896,0.3103092908859253,0.3256410248976746,-0.30000001192092896,-0.06612904392092894,-0.28989900192092893,-0.30000001192092896,-0.30000001192092896,-0.30000001192092896,1.114171134920929,-0.30000001192092896,0.30000001192092896,-0.30000001192092896,-0.299842338525238
1.2999999523162842,0.8758953342170105,-0.30000001192092896,0.3103092908859253,0.3769230758976746,-0.30000001192092896,-0.30000001192092896,-0.30000001192092896,-0.30000001192092896,-0.30000001192092896,-0.30000001192092896,0.30000001192092896,-0.30000001192092896,0.30000001192092896,-0.30000001192092896,-0.299904431225238
1.2999999523162842,0.5426767102170105,-0.30000001192092896,0.3103092908859253,0.3769230758976746,-0.30000001192092896,-0.30000001192092896,-0.30000001192092896,-0.30000001192092896,-0.30000001192092896,-0.30000001192092896,0.30000001192092896,-0.30000001192092896,0.30000001192092896,-0.30000001192092896,-0.29968976852523804
1.2999999523162842,0.4527067002170105,-0.30000001192092896,0.3103092908859253,0.5051282038976745,-0.30000001192092896,-0.30000001192092896,-0.30000001192092896,-0.30000001192092896,-0.30000001192092896,-0.30000001192092896,0.30000001192092896,-0.30000001192092896,0.30000001192092896,-0.30000001192092896,-0.29990132662523805
1.2999999523162842,0.3306180022170105,-0.30000001192092896,0.49587630188592535,0.5393162378976746,-0.30000001192092896,-0.30000001192092896,-0.30000001192092896,-0.30000001192092896,-0.30000001192092896,-0.30000001192092896,0.30000001192092896,-0.24605810292092894,0.973676295920929,-0.30000001192092896,-0.278823993525238
1.2999999523162842,0.4521008412170105,-0.30000001192092896,0.3103092908859253,0.5136752128976746,-0.30000001192092896,-0.30000001192092896,-0.30000001192092896,-0.30000001192092896,-0.30000001192092896,-0.30000001192092896,0.30000001192092896,-0.30000001192092896,0.30000001192092896,-0.30000001192092896,-0.299900661325238
1.2999999523162842,0.4224074052170105,-0.30000001192092896,0.3103092908859253,0.5136752128976746,-0.30000001192092896,-0.30000001192092896,-0.30000001192092896,-0.30000001192092896,-0.30000001192092896,-0.30000001192092896,0.30000001192092896,-0.30000001192092896,0.30000001192092896,-0.30000001192092896,-0.299181274525238
1.2999999523162842,0.4211744832170105,-0.30000001192092896,0.3824742398859253,0.5393162378976746,-0.30000001192092896,-0.30000001192092896,-0.30000001192092896,-0.30000001192092896,-0.30000001192092896,-0.30000001192092896,0.30000001192092896,-0.24605810292092894,1.088932179920929,-0.30000001192092896,-0.29516543552523805
1.2999999523162842,0.42150497921701047,-0.30000001192092896,0.3103092908859253,0.5222222208976746,-0.30000001192092896,-0.30000001192092896,-0.30000001192092896,-0.30000001192092896,-0.30000001192092896,-0.30000001192092896,0.30000001192092896,-0.30000001192092896,0.30000001192092896,-0.30000001192092896,-0.29990088312523805
1.2999999523162842,0.3318091202170105,-0.30000001192092896,0.3103092908859253,0.34273504189767456,-0.30000001192092896,-0.12258065692092895,-0.07777778992092896,-0.30000001192092896,-0.30000001192092896,-0.30000001192092896,0.30000001192092896,-0.30000001192092896,0.30000001192092896,-0.30000001192092896,-0.29983657252523804
1.2999999523162842,0.4833025622170105,-0.30000001192092896,0.3103092908859253,0.5136752128976746,-0.30000001192092896,-0.30000001192092896,-0.30000001192092896,-0.30000001192092896,-0.30000001192092896,-0.30000001192092896,0.30000001192092896,-0.30000001192092896,0.30000001192092896,-0.30000001192092896,-0.29911008952523804
1.2999999523162842,0.3018366872170105,-0.30000001192092896,0.3103092908859253,0.2999999988976746,-0.30000001192092896,0.49838708507907103,0.699999988079071,-0.30000001192092896,-0.30000001192092896,-0.30000001192092896,0.30000001192092896,-0.30000001192092896,0.30000001192092896,-0.30000001192092896,-0.29983790352523804
1.2999999523162842,0.3030505242170105,-0.30000001192092896,0.3103092908859253,0.33418803289767457,-0.30000001192092896,0.14354837507907103,-0.28989900192092893,-0.30000001192092896,-0.30000001192092896,-0.30000001192092896,1.182352952920929,-0.23775934792092895,0.9734403289209289,-0.30000001192092896,-0.24988041452523801
1.2999999523162842,0.4212020502170105,-0.30000001192092896,0.3103092908859253,0.5051282038976745,-0.30000001192092896,-0.30000001192092896,-0.30000001192092896,-0.30000001192092896,-0.30000001192092896,-0.30000001192092896,0.30000001192092896,-0.30000001192092896,0.30000001192092896,-0.30000001192092896,-0.299899996525238
1.2999999523162842,0.4236254842170105,-0.30000001192092896,0.3103092908859253,0.5136752128976746,-0.30000001192092896,-0.30000001192092896,-0.30000001192092896,-0.30000001192092896,-0.30000001192092896,-0.30000001192092896,0.30000001192092896,-0.30000001192092896,0.30000001192092896,-0.30000001192092896,-0.298930686525238
1.2999999523162842,0.3621235612170105,-0.30000001192092896,0.5061855798859253,0.5393162378976746,-0.30000001192092896,-0.30000001192092896,-0.30000001192092896,-0.30000001192092896,-0.30000001192092896,-0.30000001192092896,0.30000001192092896,-0.24605810292092894,0.766034467920929,-0.30000001192092896,-0.275576993525238
1.2999999523162842,0.3609191142170105,-0.30000001192092896,0.3103092908859253,0.3598290588976746,-0.30000001192092896,-0.25161291492092897,-0.28989900192092893,-0.30000001192092896,-0.30000001192092896,-0.30000001192092896,0.825401081920929,-0.30000001192092896,0.30000001192092896,-0.30000001192092896,-0.264556666525238
1.2999999523162842,0.6041713632170105,-0.30000001192092896,0.3103092908859253,0.5136752128976746,-0.30000001192092896,-0.30000001192092896,-0.30000001192092896,-0.30000001192092896,-0.30000001192092896,-0.30000001192092896,0.30000001192092896,-0.30000001192092896,0.30000001192092896,-0.30000001192092896,-0.29939948552523804
1.2999999523162842,0.4224061942170105,-0.30000001192092896,0.3103092908859253,0.5222222208976746,-0.30000001192092896,-0.30000001192092896,-0.30000001192092896,-0.30000001192092896,-0.30000001192092896,-0.30000001192092896,0.30000001192092896,-0.30000001192092896,0.30000001192092896,-0.30000001192092896,-0.29939992852523806
1.2999999523162842,0.3609191142170105,-0.30000001192092896,0.3103092908859253,0.3256410248976746,-0.30000001192092896,-0.21129033492092897,-0.18888890092092897,-0.30000001192092896,-0.30000001192092896,-0.30000001192092896,0.30000001192092896,-0.30000001192092896,0.30000001192092896,-0.30000001192092896,-0.299853204525238
1.2999999523162842,0.3000015408670105,-0.30000001192092896,0.3103092908859253,0.2999999988976746,-0.30000001192092896,-0.20322581792092898,-0.28989900192092893,-0.30000001192092896,-0.30000001192092896,-0.30000001192092896,0.981818193920929,-0.30000001192092896,0.30000001192092896,-0.30000001192092896,-0.29994967012523804
1.2999999523162842,0.5729696422170105,-0.30000001192092896,0.3103092908859253,0.5136752128976746,-0.30000001192092896,-0.30000001192092896,-0.30000001192092896,-0.30000001192092896,-0.30000001192092896,-0.30000001192092896,0.30000001192092896,-0.30000001192092896,0.30000001192092896,-0.30000001192092896,-0.29947200052523804
1.2999999523162842,0.3024443632170105,-0.30000001192092896,0.3103092908859253,0.34273504189767456,-0.30000001192092896,-0.08225807692092896,-0.027272738920928963,-0.30000001192092896,-0.30000001192092896,-0.30000001192092896,0.30000001192092896,-0.30000001192092896,0.30000001192092896,-0.30000001192092896,-0.29984012152523803
1.2999999523162842,0.4221108382170105,-0.30000001192092896,0.3103092908859253,0.34273504189767456,-0.30000001192092896,-0.26774194692092895,-0.259595971920929,-0.30000001192092896,-0.30000001192092896,-0.30000001192092896,0.30000001192092896,-0.30000001192092896,0.30000001192092896,-0.30000001192092896,-0.299862075525238
1.2999999523162842,0.4517979122170105,-0.30000001192092896,0.3103092908859253,0.3256410248976746,-0.30000001192092896,-0.22741936692092896,-0.20909092092092896,-0.30000001192092896,-0.30000001192092896,-0.30000001192092896,0.30000001192092896,-0.30000001192092896,0.30000001192092896,-0.30000001192092896,-0.29985564452523805
1.2999999523162842,0.3012344632170105,-0.30000001192092896,0.3103092908859253,0.34273504189767456,-0.30000001192092896,-0.13870968892092894,-0.28989900192092893,-0.30000001192092896,-0.30000001192092896,-0.30000001192092896,1.062032097920929,-0.17966806192092896,1.009900091920929,-0.30000001192092896,-0.25247743752523805
1.2999999523162842,0.3039684002170105,-0.30000001192092896,0.3103092908859253,0.3256410248976746,-0.30000001192092896,-0.07419355992092896,-0.28989900192092893,-0.30000001192092896,-0.30000001192092896,-0.30000001192092896,1.076069530920929,-0.23775934792092895,0.8997136619209289,-0.30000001192092896,-0.260368520525238
1.2999999523162842,0.4227085172170105,-0.30000001192092896,0.3103092908859253,0.4794871778976746,-0.30000001192092896,-0.30000001192092896,-0.30000001192092896,-0.30000001192092896,-0.30000001192092896,-0.30000001192092896,0.30000001192092896,-0.30000001192092896,0.30000001192092896,-0.30000001192092896,-0.27491659452523803
1.2999999523162842,0.3612047762170105,-0.30000001192092896,0.3721649608859253,0.5393162378976746,-0.30000001192092896,-0.30000001192092896,-0.30000001192092896,-0.30000001192092896,-0.30000001192092896,-0.30000001192092896,0.30000001192092896,-0.24605810292092894,1.046923599920929,-0.30000001192092896,-0.27798906952523805
1.2999999523162842,0.3918179052170105,-0.30000001192092896,0.3103092908859253,0.5136752128976746,-0.30000001192092896,-0.30000001192092896,-0.30000001192092896,-0.30000001192092896,-0.30000001192092896,-0.30000001192092896,0.30000001192092896,-0.30000001192092896,0.30000001192092896,-0.30000001192092896,-0.299504377525238
1.2999999523162842,0.9061919012170105,-0.30000001192092896,0.3103092908859253,0.3769230758976746,-0.30000001192092896,-0.30000001192092896,-0.30000001192092896,-0.30000001192092896,-0.30000001192092896,-0.30000001192092896,0.30000001192092896,-0.30000001192092896,0.30000001192092896,-0.30000001192092896,-0.29990465302523805
1.2999999523162842,0.5429796392170105,-0.30000001192092896,0.3103092908859253,0.5222222208976746,-0.30000001192092896,-0.30000001192092896,-0.30000001192092896,-0.30000001192092896,-0.30000001192092896,-0.30000001192092896,0.30000001192092896,-0.30000001192092896,0.30000001192092896,-0.30000001192092896,-0.299328078525238
1.2999999523162842,0.4521008412170105,-0.30000001192092896,0.3103092908859253,0.5222222208976746,-0.30000001192092896,-0.30000001192092896,-0.30000001192092896,-0.30000001192092896,-0.30000001192092896,-0.30000001192092896,0.30000001192092896,-0.30000001192092896,0.30000001192092896,-0.30000001192092896,-0.29911319452523805
1.2999999523162842,0.45179670021701046,-0.30000001192092896,0.3515464048859253,0.5393162378976746,-0.30000001192092896,-0.30000001192092896,-0.30000001192092896,-0.30000001192092896,-0.30000001192092896,-0.30000001192092896,0.30000001192092896,-0.24605810292092894,0.808402569920929,-0.30000001192092896,-0.295519584525238
1.2999999523162842,0.4517979122170105,-0.30000001192092896,0.3103092908859253,0.5051282038976745,-0.30000001192092896,-0.30000001192092896,-0.30000001192092896,-0.30000001192092896,-0.30000001192092896,-0.30000001192092896,0.30000001192092896,-0.30000001192092896,0.30000001192092896,-0.30000001192092896,-0.299256450525238
1.2999999523162842,0.4820844832170105,-0.30000001192092896,0.3103092908859253,0.3598290588976746,-0.30000001192092896,-0.25161291492092897,-0.23939395092092897,-0.30000001192092896,-0.30000001192092896,-0.30000001192092896,0.30000001192092896,-0.30000001192092896,0.30000001192092896,-0.30000001192092896,-0.299862075525238
1.2999999523162842,0.3027403252170105,-0.30000001192092896,0.49587630188592535,0.46239316089767457,-0.30000001192092896,-0.29193549592092893,-0.28989900192092893,-0.30000001192092896,-0.30000001192092896,-0.30000001192092896,0.4610962689209289,0.699999988079071,0.798222310920929,-0.30000001192092896,-0.22128455452523804
1.2999999523162842,0.4530096292170105,-0.30000001192092896,0.3103092908859253,0.5136752128976746,-0.30000001192092896,-0.30000001192092896,-0.30000001192092896,-0.30000001192092896,-0.30000001192092896,-0.30000001192092896,0.30000001192092896,-0.30000001192092896,0.30000001192092896,-0.30000001192092896,-0.27423069352523805
1.2999999523162842,0.3042707242170105,-0.30000001192092896,0.3103092908859253,0.33418803289767457,-0.30000001192092896,-0.08225807692092896,-0.28989900192092893,-0.30000001192092896,-0.30000001192092896,-0.30000001192092896,1.112165786920929,-0.30000001192092896,0.30000001192092896,-0.30000001192092896,-0.29984056452523805
1.2999999523162842,0.4517979122170105,-0.30000001192092896,0.3103092908859253,0.5051282038976745,-0.30000001192092896,-0.30000001192092896,-0.30000001192092896,-0.30000001192092896,-0.30000001192092896,-0.30000001192092896,0.30000001192092896,-0.30000001192092896,0.30000001192092896,-0.30000001192092896,-0.299897113525238
1.2999999523162842,0.5126867062170105,-0.30000001192092896,0.3103092908859253,0.5222222208976746,-0.30000001192092896,-0.30000001192092896,-0.30000001192092896,-0.30000001192092896,-0.30000001192092896,-0.30000001192092896,0.30000001192092896,-0.30000001192092896,0.30000001192092896,-0.30000001192092896,-0.29990088312523805
1.2999999523162842,0.3605861942170105,-0.30000001192092896,0.4752577448859253,0.5393162378976746,-0.30000001192092896,-0.30000001192092896,-0.30000001192092896,-0.30000001192092896,-0.30000001192092896,-0.30000001192092896,0.30000001192092896,-0.24605810292092894,1.1978775169209288,-0.30000001192092896,-0.294417219525238
1.2999999523162842,0.3615007382170105,-0.30000001192092896,0.5164948578859253,0.5393162378976746,-0.30000001192092896,-0.30000001192092896,-0.30000001192092896,0.699999988079071,-0.30000001192092896,-0.30000001192092896,0.5132353059209289,-0.24605810292092894,0.950088698920929,-0.30000001192092896,-0.25648085852523805
1.2999999523162842,0.45178670321701053,-0.30000001192092896,0.44432990988592536,0.5393162378976746,-0.30000001192092896,-0.30000001192092896,-0.30000001192092896,-0.30000001192092896,-0.30000001192092896,-0.30000001192092896,0.30000001192092896,-0.24605810292092894,0.913875549920929,-0.30000001192092896,-0.29482037752523804
1.2999999523162842,0.3024440602170105,-0.30000001192092896,0.3103092908859253,0.3598290588976746,-0.30000001192092896,-0.20322581792092898,-0.28989900192092893,-0.30000001192092896,-0.30000001192092896,-0.30000001192092896,0.981818193920929,-0.12572615292092895,0.7382474989209289,-0.30000001192092896,-0.25321900052523805
1.2999999523162842,0.48239377421701046,-0.30000001192092896,0.3103092908859253,0.5136752128976746,-0.30000001192092896,-0.30000001192092896,-0.30000001192092896,-0.30000001192092896,-0.30000001192092896,-0.30000001192092896,0.30000001192092896,-0.30000001192092896,0.30000001192092896,-0.30000001192092896,-0.299900661325238
1.2999999523162842,0.3000163844170105,-0.30000001192092896,0.4649484668859253,0.2999999988976746,-0.30000001192092896,-0.15483872192092896,-0.28989900192092893,-0.30000001192092896,-0.30000001192092896,-0.30000001192092896,1.0459893169209291,-0.04273860092092896,1.300000011920929,-0.30000001192092896,-0.24389202652523803
1.2999999523162842,1.1482324332170104,-0.30000001192092896,0.3103092908859253,0.3769230758976746,-0.30000001192092896,-0.30000001192092896,-0.30000001192092896,-0.30000001192092896,-0.30000001192092896,-0.30000001192092896,0.30000001192092896,-0.295850633920929,1.104964719920929,-0.30000001192092896,-0.29972347552523804
1.2999999523162842,0.4527067002170105,-0.30000001192092896,0.3103092908859253,0.5136752128976746,-0.30000001192092896,-0.30000001192092896,-0.30000001192092896,-0.30000001192092896,-0.30000001192092896,-0.30000001192092896,0.30000001192092896,-0.29170125692092896,1.159883051920929,-0.30000001192092896,-0.298899861525238
1.2999999523162842,0.3342310402170105,-0.30000001192092896,0.3103092908859253,0.3256410248976746,-0.30000001192092896,-0.19516130192092895,-0.16868688092092896,-0.30000001192092896,-0.30000001192092896,-0.30000001192092896,0.30000001192092896,-0.30000001192092896,0.30000001192092896,-0.30000001192092896,-0.29984145152523806
1.2999999523162842,0.48239377421701046,-0.30000001192092896,0.3103092908859253,0.5222222208976746,-0.30000001192092896,-0.30000001192092896,-0.30000001192092896,-0.30000001192092896,-0.30000001192092896,-0.30000001192092896,0.30000001192092896,-0.295850633920929,0.713624865920929,-0.30000001192092896,-0.299507038525238
1.2999999523162842,0.3051583072170105,-0.30000001192092896,0.3103092908859253,0.33418803289767457,-0.30000001192092896,-0.17903226992092897,-0.14848485992092897,-0.30000001192092896,-0.30000001192092896,-0.30000001192092896,0.30000001192092896,-0.30000001192092896,0.30000001192092896,-0.30000001192092896,-0.29227546852523806
1.2999999523162842,0.3039611302170105,-0.30000001192092896,0.3103092908859253,0.34273504189767456,-0.30000001192092896,-0.13064517292092895,-0.28989900192092893,-0.30000001192092896,-0.30000001192092896,-0.30000001192092896,1.072058835920929,-0.30000001192092896,0.30000001192092896,-0.30000001192092896,-0.29983879052523804
1.2999999523162842,0.3318378982170105,-0.30000001192092896,0.3103092908859253,0.38547008389767456,-0.30000001192092896,-0.25967743092092893,-0.28989900192092893,-0.30000001192092896,-0.30000001192092896,-0.30000001192092896,0.7812834339209289,-0.30000001192092896,0.30000001192092896,-0.30000001192092896,-0.29985475752523805
1.2999999523162842,0.4530096292170105,-0.30000001192092896,0.3103092908859253,0.34273504189767456,-0.30000001192092896,-0.26774194692092895,-0.259595971920929,-0.30000001192092896,-0.30000001192092896,-0.30000001192092896,0.30000001192092896,-0.30000001192092896,0.30000001192092896,-0.30000001192092896,-0.29985542252523806
1.2999999523162842,0.4239284142170105,-0.30000001192092896,0.3103092908859253,0.5307692298976746,-0.30000001192092896,-0.30000001192092896,-0.30000001192092896,-0.30000001192092896,-0.30000001192092896,-0.30000001192092896,0.30000001192092896,-0.30000001192092896,0.30000001192092896,-0.30000001192092896,-0.29989755652523803
1.2999999523162842,0.4523825652170105,-0.30000001192092896,0.3103092908859253,0.4965811958976746,-0.30000001192092896,-0.30000001192092896,-0.30000001192092896,-0.30000001192092896,-0.30000001192092896,-0.30000001192092896,0.30000001192092896,-0.30000001192092896,0.30000001192092896,-0.30000001192092896,-0.299506373525238
1.2999999523162842,0.3021508242170105,-0.30000001192092896,0.3103092908859253,0.33418803289767457,-0.30000001192092896,-0.29193549592092893,-0.28989900192092893,-0.30000001192092896,-0.30000001192092896,-0.30000001192092896,0.4610962689209289,-0.30000001192092896,0.30000001192092896,-0.30000001192092896,-0.29683350852523804
1.2999999523162842,0.4530096292170105,-0.30000001192092896,0.3103092908859253,0.4965811958976746,-0.30000001192092896,-0.30000001192092896,-0.30000001192092896,-0.30000001192092896,-0.30000001192092896,-0.30000001192092896,0.30000001192092896,-0.30000001192092896,0.30000001192092896,-0.30000001192092896,-0.299468008525238
1.2999999523162842,0.5129826682170104,-0.30000001192092896,0.3103092908859253,0.5222222208976746,-0.30000001192092896,-0.30000001192092896,-0.30000001192092896,-0.30000001192092896,-0.30000001192092896,-0.30000001192092896,0.30000001192092896,-0.295850633920929,0.7509791739209289,-0.30000001192092896,-0.299292375525238
1.2999999523162842,0.3609082082170105,-0.30000001192092896,0.4134020748859253,0.5393162378976746,-0.30000001192092896,-0.30000001192092896,-0.30000001192092896,-0.30000001192092896,-0.30000001192092896,-0.30000001192092896,0.30000001192092896,-0.24605810292092894,0.9188818659209289,-0.30000001192092896,-0.262402939525238
1.2999999523162842,0.5126867062170105,-0.30000001192092896,0.3103092908859253,0.5307692298976746,-0.30000001192092896,-0.30000001192092896,-0.30000001192092896,-0.30000001192092896,-0.30000001192092896,-0.30000001192092896,0.30000001192092896,-0.30000001192092896,0.30000001192092896,-0.30000001192092896,-0.29990088312523805
1.2999999523162842,0.3027472922170105,-0.30000001192092896,0.3618556828859253,0.3170940158976746,-0.30000001192092896,0.4258064400790711,-0.28989900192092893,-0.30000001192092896,-0.30000001192092896,-0.30000001192092896,1.2024064289209289,-0.23775934792092895,0.765188056920929,-0.30000001192092896,-0.250033872525238
1.2999999523162842,0.4536154882170105,-0.30000001192092896,0.3103092908859253,0.5393162378976746,-0.30000001192092896,-0.30000001192092896,-0.30000001192092896,-0.30000001192092896,-0.30000001192092896,-0.30000001192092896,0.30000001192092896,-0.295850633920929,0.917944533920929,-0.30000001192092896,-0.29910011052523805
1.2999999523162842,0.3315349692170105,-0.30000001192092896,0.3103092908859253,0.3598290588976746,-0.30000001192092896,-0.27580646392092895,-0.26969698192092895,-0.30000001192092896,-0.30000001192092896,-0.30000001192092896,0.30000001192092896,-0.30000001192092896,0.30000001192092896,-0.30000001192092896,-0.299844556525238
1.2999999523162842,0.4826967032170105,-0.30000001192092896,0.3103092908859253,0.5222222208976746,-0.30000001192092896,-0.30000001192092896,-0.30000001192092896,-0.30000001192092896,-0.30000001192092896,-0.30000001192092896,0.30000001192092896,-0.30000001192092896,0.30000001192092896,-0.30000001192092896,-0.29885950152523805
1.2999999523162842,0.5135776212170104,-0.30000001192092896,0.3103092908859253,0.5222222208976746,-0.30000001192092896,-0.30000001192092896,-0.30000001192092896,-0.30000001192092896,-0.30000001192092896,-0.30000001192092896,0.30000001192092896,-0.30000001192092896,0.30000001192092896,-0.30000001192092896,-0.29914889752523804
1.2999999523162842,0.3909091172170105,-0.30000001192092896,0.3103092908859253,0.34273504189767456,-0.30000001192092896,-0.29193549592092893,-0.28989900192092893,-0.30000001192092896,-0.30000001192092896,-0.30000001192092896,0.4610962689209289,0.699999988079071,1.014219106920929,-0.30000001192092896,-0.25670261752523804
1.2999999523162842,0.3330332572170105,-0.30000001192092896,0.3103092908859253,0.3512820498976746,-0.30000001192092896,-0.09838710892092895,-0.28989900192092893,-0.30000001192092896,-0.30000001192092896,-0.30000001192092896,1.1021390489209288,-0.18796681692092895,1.054287704920929,-0.30000001192092896,-0.24926702852523802
1.2999999523162842,0.5135954942170105,-0.30000001192092896,0.3103092908859253,0.5222222208976746,-0.30000001192092896,-0.30000001192092896,-0.30000001192092896,-0.30000001192092896,-0.30000001192092896,-0.30000001192092896,0.30000001192092896,-0.30000001192092896,0.30000001192092896,-0.30000001192092896,-0.299901104925238
1.2999999523162842,0.4224137672170105,-0.30000001192092896,0.3103092908859253,0.5136752128976746,-0.30000001192092896,-0.30000001192092896,-0.30000001192092896,-0.30000001192092896,-0.30000001192092896,-0.30000001192092896,0.30000001192092896,-0.30000001192092896,0.30000001192092896,-0.30000001192092896,-0.299181274525238
1.2999999523162842,0.3051586102170105,-0.30000001192092896,0.3103092908859253,0.3256410248976746,-0.30000001192092896,-0.21129033492092897,-0.18888890092092897,-0.30000001192092896,-0.30000001192092896,-0.30000001192092896,0.30000001192092896,-0.30000001192092896,0.30000001192092896,-0.30000001192092896,-0.29983967752523805
1.2999999523162842,0.3336348752170105,-0.30000001192092896,0.3103092908859253,0.3170940158976746,-0.30000001192092896,-0.07419355992092896,-0.01717172892092894,-0.30000001192092896,-0.30000001192092896,-0.30000001192092896,0.30000001192092896,-0.30000001192092896,0.30000001192092896,-0.30000001192092896,-0.29984100852523804
1.2999999523162842,0.4530096292170105,-0.30000001192092896,0.3103092908859253,0.5222222208976746,-0.30000001192092896,-0.30000001192092896,-0.30000001192092896,-0.30000001192092896,-0.30000001192092896,-0.30000001192092896,0.30000001192092896,-0.29170125692092896,0.7165446179209289,-0.30000001192092896,-0.299178834525238
1.2999999523162842,0.6041713632170105,-0.30000001192092896,0.3103092908859253,0.5136752128976746,-0.30000001192092896,-0.30000001192092896,-0.30000001192092896,-0.30000001192092896,-0.30000001192092896,-0.30000001192092896,0.30000001192092896,-0.30000001192092896,0.30000001192092896,-0.30000001192092896,-0.299630336525238
1.2999999523162842,0.4833025622170105,-0.30000001192092896,0.3103092908859253,0.5136752128976746,-0.30000001192092896,-0.30000001192092896,-0.30000001192092896,-0.30000001192092896,-0.30000001192092896,-0.30000001192092896,0.30000001192092896,-0.29170125692092896,0.8156024129209289,-0.30000001192092896,-0.299534980525238
1.2999999523162842,0.4224137672170105,-0.30000001192092896,0.3103092908859253,0.34273504189767456,-0.30000001192092896,-0.20322581792092898,-0.17878789092092895,-0.30000001192092896,-0.30000001192092896,-0.30000001192092896,0.30000001192092896,-0.30000001192092896,0.30000001192092896,-0.30000001192092896,-0.29985453552523805
1.2999999523162842,0.3054600242170105,-0.30000001192092896,0.3103092908859253,0.3598290588976746,-0.30000001192092896,-0.22741936692092896,-0.28989900192092893,-0.30000001192092896,-0.30000001192092896,-0.30000001192092896,0.919652417920929,-0.12157677492092894,0.860955634920929,-0.30000001192092896,-0.24918874752523804
1.2999999523162842,0.3024446662170105,-0.30000001192092896,0.3103092908859253,0.3683760668976746,-0.30000001192092896,-0.18709678592092896,-0.15858587092092896,-0.30000001192092896,-0.30000001192092896,-0.30000001192092896,0.30000001192092896,-0.30000001192092896,0.30000001192092896,-0.30000001192092896,-0.29983967752523805
1.2999999523162842,0.3030574922170105,-0.30000001192092896,0.3103092908859253,0.33418803289767457,-0.30000001192092896,-0.13064517292092895,-0.08787879992092895,-0.30000001192092896,-0.30000001192092896,-0.30000001192092896,0.30000001192092896,-0.30000001192092896,0.30000001192092896,-0.30000001192092896,-0.29983989952523804
1.2999999523162842,0.3036454782170105,-0.30000001192092896,0.3824742398859253,0.46239316089767457,-0.30000001192092896,-0.30000001192092896,-0.30000001192092896,-0.30000001192092896,-0.30000001192092896,-0.30000001192092896,0.30000001192092896,-0.24605810292092894,1.119382977920929,-0.30000001192092896,-0.277597221525238
1.2999999523162842,0.3039468922170105,-0.30000001192092896,0.3103092908859253,0.3598290588976746,-0.30000001192092896,-0.21129033492092897,-0.28989900192092893,-0.30000001192092896,-0.30000001192092896,-0.30000001192092896,0.961764717920929,-0.11742739792092896,1.044382434920929,-0.30000001192092896,-0.24545964352523802
1.2999999523162842,1.0270607032170105,-0.30000001192092896,0.3103092908859253,0.3769230758976746,-0.30000001192092896,-0.30000001192092896,-0.30000001192092896,-0.30000001192092896,-0.30000001192092896,-0.30000001192092896,0.30000001192092896,-0.30000001192092896,0.30000001192092896,-0.30000001192092896,-0.29978911652523804
1.2999999523162842,0.42150134421701047,-0.30000001192092896,0.6402061988859253,0.41965811889767457,-0.30000001192092896,-0.30000001192092896,-0.30000001192092896,-0.30000001192092896,-0.30000001192092896,-0.30000001192092896,0.30000001192092896,-0.24605810292092894,0.7381502899209289,-0.30000001192092896,-0.29505832552523803
1.2999999523162842,0.3621214402170105,-0.30000001192092896,0.3103092908859253,0.3256410248976746,-0.30000001192092896,-0.20322581792092898,-0.17878789092092895,-0.30000001192092896,-0.30000001192092896,-0.30000001192092896,0.30000001192092896,-0.30000001192092896,0.30000001192092896,-0.30000001192092896,-0.299842338525238
1.2999999523162842,0.5129896362170105,-0.30000001192092896,0.3103092908859253,0.5222222208976746,-0.30000001192092896,-0.30000001192092896,-0.30000001192092896,-0.30000001192092896,-0.30000001192092896,-0.30000001192092896,0.30000001192092896,-0.30000001192092896,0.30000001192092896,-0.30000001192092896,-0.299900661325238
1.2999999523162842,0.3312202252170105,-0.30000001192092896,0.3103092908859253,0.34273504189767456,-0.30000001192092896,-0.22741936692092896,-0.20909092092092896,-0.30000001192092896,-0.30000001192092896,-0.30000001192092896,0.30000001192092896,-0.30000001192092896,0.30000001192092896,-0.30000001192092896,-0.29984100852523804
1.2999999523162842,0.42208084821701053,-0.30000001192092896,0.3103092908859253,0.3085470078976746,-0.30000001192092896,-0.15483872192092896,-0.11818182992092896,-0.30000001192092896,-0.30000001192092896,-0.30000001192092896,0.30000001192092896,-0.30000001192092896,0.30000001192092896,-0.30000001192092896,-0.28514191552523804
1.2999999523162842,0.39242376421701053,-0.30000001192092896,0.3103092908859253,0.5222222208976746,-0.30000001192092896,-0.30000001192092896,-0.30000001192092896,-0.30000001192092896,-0.30000001192092896,-0.30000001192092896,0.30000001192092896,-0.30000001192092896,0.30000001192092896,-0.30000001192092896,-0.299870723525238
1.2999999523162842,0.42271669621701047,-0.30000001192092896,0.3103092908859253,0.5051282038976745,-0.30000001192092896,-0.30000001192092896,-0.30000001192092896,-0.30000001192092896,-0.30000001192092896,-0.30000001192092896,0.30000001192092896,-0.30000001192092896,0.30000001192092896,-0.30000001192092896,-0.298966389525238
1.2999999523162842,0.36091638721701047,-0.30000001192092896,0.3103092908859253,0.33418803289767457,-0.30000001192092896,-0.17903226992092897,-0.28989900192092893,-0.30000001192092896,-0.30000001192092896,-0.30000001192092896,1.006550813920929,-0.30000001192092896,0.30000001192092896,-0.30000001192092896,-0.29983901252523804
1.2999999523162842,0.3315349692170105,-0.30000001192092896,0.3103092908859253,0.3598290588976746,-0.30000001192092896,-0.21935485092092893,-0.19898991092092894,-0.30000001192092896,-0.30000001192092896,-0.30000001192092896,0.30000001192092896,-0.30000001192092896,0.30000001192092896,-0.30000001192092896,-0.299844334525238
1.2999999523162842,0.3018306282170105,-0.30000001192092896,0.3103092908859253,0.3512820498976746,-0.30000001192092896,-0.21935485092092893,-0.28989900192092893,-0.30000001192092896,-0.30000001192092896,-0.30000001192092896,0.9417112419209289,-0.30000001192092896,0.30000001192092896,-0.30000001192092896,-0.29983989952523804
1.2999999523162842,0.5126564132170105,-0.30000001192092896,0.3103092908859253,0.5222222208976746,-0.30000001192092896,-0.30000001192092896,-0.30000001192092896,-0.30000001192092896,-0.30000001192092896,-0.30000001192092896,0.30000001192092896,-0.295850633920929,1.1441927509209289,-0.30000001192092896,-0.299358238525238
1.2999999523162842,0.3015367862170105,-0.30000001192092896,0.5474226928859254,0.5393162378976746,-0.30000001192092896,-0.30000001192092896,-0.30000001192092896,-0.30000001192092896,-0.30000001192092896,-0.30000001192092896,0.30000001192092896,-0.24605810292092894,0.973676295920929,-0.30000001192092896,-0.24990192552523804
1.2999999523162842,0.3621278022170105,-0.30000001192092896,0.4546391878859253,0.5393162378976746,-0.30000001192092896,-0.30000001192092896,-0.30000001192092896,-0.30000001192092896,-0.30000001192092896,-0.30000001192092896,0.30000001192092896,-0.24605810292092894,0.746756823920929,-0.30000001192092896,-0.25813540452523803
1.2999999523162842,0.6029596462170105,-0.30000001192092896,0.3103092908859253,0.3769230758976746,-0.30000001192092896,-0.30000001192092896,-0.30000001192092896,-0.30000001192092896,-0.30000001192092896,-0.30000001192092896,0.30000001192092896,-0.30000001192092896,0.30000001192092896,-0.30000001192092896,-0.299797321525238
1.2999999523162842,0.6029596462170105,-0.30000001192092896,0.3103092908859253,0.3769230758976746,-0.30000001192092896,-0.30000001192092896,-0.30000001192092896,-0.30000001192092896,-0.30000001192092896,-0.30000001192092896,0.30000001192092896,-0.295850633920929,0.901223653920929,-0.30000001192092896,-0.29975940052523803
1.2999999523162842,0.3021381012170105,-0.30000001192092896,0.3103092908859253,0.34273504189767456,-0.30000001192092896,-0.18709678592092896,-0.28989900192092893,-0.30000001192092896,-0.30000001192092896,-0.30000001192092896,1.011229958920929,-0.15892117392092894,0.9322603329209289,-0.30000001192092896,-0.25244217852523804
1.2999999523162842,0.5438884272170105,-0.30000001192092896,0.3103092908859253,0.4965811958976746,-0.30000001192092896,-0.30000001192092896,-0.30000001192092896,-0.30000001192092896,-0.30000001192092896,-0.30000001192092896,0.30000001192092896,-0.30000001192092896,0.30000001192092896,-0.30000001192092896,-0.29936378252523804
1.2999999523162842,0.33243648721701047,-0.30000001192092896,0.4649484668859253,0.5393162378976746,-0.30000001192092896,-0.30000001192092896,-0.30000001192092896,0.699999988079071,-0.30000001192092896,-0.30000001192092896,0.43703209792092895,-0.24605810292092894,0.766034467920929,-0.30000001192092896,-0.252748427525238
1.2999999523162842,0.3315349692170105,-0.30000001192092896,0.3103092908859253,0.33418803289767457,-0.30000001192092896,-0.15483872192092896,-0.11818182992092896,-0.30000001192092896,-0.30000001192092896,-0.30000001192092896,0.30000001192092896,-0.30000001192092896,0.30000001192092896,-0.30000001192092896,-0.29984566552523806
1.2999999523162842,0.3605940702170105,-0.30000001192092896,0.44432990988592536,0.5393162378976746,-0.30000001192092896,-0.30000001192092896,-0.30000001192092896,0.699999988079071,-0.30000001192092896,-0.30000001192092896,0.30000001192092896,-0.24605810292092894,0.806812255920929,-0.30000001192092896,-0.27396458252523803
1.2999999523162842,0.42150497921701047,-0.30000001192092896,0.3103092908859253,0.5136752128976746,-0.30000001192092896,-0.30000001192092896,-0.30000001192092896,0.699999988079071,-0.30000001192092896,-0.30000001192092896,0.30000001192092896,-0.295850633920929,0.8156024129209289,-0.30000001192092896,-0.292542244525238
1.2999999523162842,0.5126791332170105,-0.30000001192092896,0.3103092908859253,0.5222222208976746,-0.30000001192092896,-0.30000001192092896,-0.30000001192092896,-0.30000001192092896,-0.30000001192092896,-0.30000001192092896,0.30000001192092896,-0.30000001192092896,0.30000001192092896,-0.30000001192092896,-0.29990088312523805
1.2999999523162842,0.5126627752170105,-0.30000001192092896,0.3103092908859253,0.5136752128976746,-0.30000001192092896,-0.30000001192092896,-0.30000001192092896,-0.30000001192092896,-0.30000001192092896,-0.30000001192092896,0.30000001192092896,-0.295850633920929,0.721141444920929,-0.30000001192092896,-0.29939970752523803
1.2999999523162842,0.4212020502170105,-0.30000001192092896,0.3103092908859253,0.5136752128976746,-0.30000001192092896,-0.30000001192092896,-0.30000001192092896,-0.30000001192092896,-0.30000001192092896,-0.30000001192092896,0.30000001192092896,-0.30000001192092896,0.30000001192092896,-0.30000001192092896,-0.299900661325238
1.2999999523162842,0.4820908442170105,-0.30000001192092896,0.3103092908859253,0.5222222208976746,-0.30000001192092896,-0.30000001192092896,-0.30000001192092896,-0.30000001192092896,-0.30000001192092896,-0.30000001192092896,0.30000001192092896,-0.30000001192092896,0.30000001192092896,-0.30000001192092896,-0.299900661325238
1.2999999523162842,0.3909091172170105,-0.30000001192092896,0.3103092908859253,0.5222222208976746,-0.30000001192092896,-0.30000001192092896,-0.30000001192092896,-0.30000001192092896,-0.30000001192092896,-0.30000001192092896,0.30000001192092896,-0.295850633920929,0.9164036419209289,-0.30000001192092896,-0.29925090652523806
1.2999999523162842,0.3054621452170105,-0.30000001192092896,0.3103092908859253,0.33418803289767457,-0.30000001192092896,-0.25967743092092893,-0.28989900192092893,-0.30000001192092896,-0.30000001192092896,-0.30000001192092896,0.7812834339209289,-0.05518673392092896,1.173585533920929,-0.30000001192092896,-0.25827156452523803
1.2999999523162842,0.4829996322170105,-0.30000001192092896,0.3103092908859253,0.5136752128976746,-0.30000001192092896,-0.30000001192092896,-0.30000001192092896,-0.30000001192092896,-0.30000001192092896,-0.30000001192092896,0.30000001192092896,-0.30000001192092896,0.30000001192092896,-0.30000001192092896,-0.299900661325238
1.2999999523162842,0.8755745312170105,-0.30000001192092896,0.3103092908859253,0.3769230758976746,-0.30000001192092896,-0.30000001192092896,-0.30000001192092896,-0.30000001192092896,-0.30000001192092896,-0.30000001192092896,0.30000001192092896,-0.29170125692092896,1.044382434920929,-0.30000001192092896,-0.29919834952523805
1.2999999523162842,0.3609191142170105,-0.30000001192092896,0.3103092908859253,0.3598290588976746,-0.30000001192092896,-0.26774194692092895,-0.259595971920929,-0.30000001192092896,-0.30000001192092896,-0.30000001192092896,0.30000001192092896,-0.30000001192092896,0.30000001192092896,-0.30000001192092896,-0.287219134525238
1.2999999523162842,0.4829996322170105,-0.30000001192092896,0.3103092908859253,0.5051282038976745,-0.30000001192092896,-0.30000001192092896,-0.30000001192092896,-0.30000001192092896,-0.30000001192092896,-0.30000001192092896,0.30000001192092896,-0.30000001192092896,0.30000001192092896,-0.30000001192092896,-0.299901104925238
1.2999999523162842,0.4527067002170105,-0.30000001192092896,0.3103092908859253,0.5393162378976746,-0.30000001192092896,-0.30000001192092896,-0.30000001192092896,-0.30000001192092896,-0.30000001192092896,-0.30000001192092896,0.30000001192092896,-0.29170125692092896,1.1393229639209288,-0.30000001192092896,-0.298741747525238
1.2999999523162842,0.45149498221701045,-0.30000001192092896,0.3103092908859253,0.5051282038976745,-0.30000001192092896,-0.30000001192092896,-0.30000001192092896,0.699999988079071,-0.30000001192092896,-0.30000001192092896,0.30000001192092896,-0.30000001192092896,0.30000001192092896,-0.30000001192092896,-0.299900661325238
1.2999999523162842,0.42180790821701053,-0.30000001192092896,0.3103092908859253,0.4282051268976746,-0.30000001192092896,-0.28387097992092897,-0.28989900192092893,-0.30000001192092896,-0.30000001192092896,-0.30000001192092896,0.5747326319209289,-0.30000001192092896,0.30000001192092896,-0.30000001192092896,-0.29985675352523805
1.2999999523162842,0.5432825682170105,-0.30000001192092896,0.3103092908859253,0.5222222208976746,-0.30000001192092896,-0.30000001192092896,-0.30000001192092896,-0.30000001192092896,-0.30000001192092896,-0.30000001192092896,0.30000001192092896,-0.30000001192092896,0.30000001192092896,-0.30000001192092896,-0.29922052552523803
1.2999999523162842,0.4542213462170105,-0.30000001192092896,0.3103092908859253,0.5307692298976746,-0.30000001192092896,-0.30000001192092896,-0.30000001192092896,-0.30000001192092896,-0.30000001192092896,-0.30000001192092896,0.30000001192092896,-0.30000001192092896,0.30000001192092896,-0.30000001192092896,-0.299181052525238
1.2999999523162842,0.4536154882170105,-0.30000001192092896,0.3103092908859253,0.5307692298976746,-0.30000001192092896,-0.30000001192092896,-0.30000001192092896,-0.30000001192092896,-0.30000001192092896,-0.30000001192092896,0.30000001192092896,-0.30000001192092896,0.30000001192092896,-0.30000001192092896,-0.299288605525238
1.2999999523162842,0.3912120462170105,-0.30000001192092896,0.3103092908859253,0.5222222208976746,-0.30000001192092896,-0.30000001192092896,-0.30000001192092896,-0.30000001192092896,-0.30000001192092896,-0.30000001192092896,0.30000001192092896,-0.30000001192092896,0.30000001192092896,-0.30000001192092896,-0.299507482525238
1.2999999523162842,0.4521008412170105,-0.30000001192092896,0.3103092908859253,0.5307692298976746,-0.30000001192092896,-0.30000001192092896,-0.30000001192092896,-0.30000001192092896,-0.30000001192092896,-0.30000001192092896,0.30000001192092896,-0.30000001192092896,0.30000001192092896,-0.30000001192092896,-0.29989644752523803
1.2999999523162842,0.39242376421701053,-0.30000001192092896,0.3103092908859253,0.5051282038976745,-0.30000001192092896,-0.30000001192092896,-0.30000001192092896,-0.30000001192092896,-0.30000001192092896,-0.30000001192092896,0.30000001192092896,-0.30000001192092896,0.30000001192092896,-0.30000001192092896,-0.29990132662523805
1.2999999523162842,0.4521008412170105,-0.30000001192092896,0.3103092908859253,0.5222222208976746,-0.30000001192092896,-0.30000001192092896,-0.30000001192092896,-0.30000001192092896,-0.30000001192092896,-0.30000001192092896,0.30000001192092896,-0.2875518789209289,0.965039404920929,-0.30000001192092896,-0.29900586252523803
1.2999999523162842,0.3633425482170105,-0.30000001192092896,0.3103092908859253,0.4965811958976746,-0.30000001192092896,-0.30000001192092896,-0.30000001192092896,-0.30000001192092896,-0.30000001192092896,-0.30000001192092896,0.30000001192092896,-0.30000001192092896,0.30000001192092896,-0.30000001192092896,-0.289840551525238
1.2999999523162842,0.5120808482170105,-0.30000001192092896,0.3103092908859253,0.5222222208976746,-0.30000001192092896,-0.30000001192092896,-0.30000001192092896,-0.30000001192092896,-0.30000001192092896,-0.30000001192092896,0.30000001192092896,-0.30000001192092896,0.30000001192092896,-0.30000001192092896,-0.299901104925238
1.2999999523162842,0.5423737802170105,-0.30000001192092896,0.3103092908859253,0.5136752128976746,-0.30000001192092896,-0.30000001192092896,-0.30000001192092896,-0.30000001192092896,-0.30000001192092896,-0.30000001192092896,0.30000001192092896,-0.30000001192092896,0.30000001192092896,-0.30000001192092896,-0.299900661325238
1.2999999523162842,0.3036654712170105,-0.30000001192092896,0.3103092908859253,0.3256410248976746,-0.30000001192092896,-0.050000011920928955,0.013131301079071067,-0.30000001192092896,-0.30000001192092896,-0.30000001192092896,0.30000001192092896,-0.30000001192092896,0.30000001192092896,-0.30000001192092896,-0.291672726525238
1.2999999523162842,0.6635418762170104,-0.30000001192092896,0.3103092908859253,0.3769230758976746,-0.30000001192092896,-0.30000001192092896,-0.30000001192092896,-0.30000001192092896,-0.30000001192092896,-0.30000001192092896,0.30000001192092896,-0.30000001192092896,0.30000001192092896,-0.30000001192092896,-0.29990465302523805
1.2999999523162842,0.5429796392170105,-0.30000001192092896,0.3103092908859253,0.5222222208976746,-0.30000001192092896,-0.30000001192092896,-0.30000001192092896,-0.30000001192092896,-0.30000001192092896,-0.30000001192092896,0.30000001192092896,-0.30000001192092896,0.30000001192092896,-0.30000001192092896,-0.299900661325238
1.2999999523162842,0.3321193202170105,-0.30000001192092896,0.3103092908859253,0.34273504189767456,-0.30000001192092896,-0.25161291492092897,-0.23939395092092897,-0.30000001192092896,-0.30000001192092896,-0.30000001192092896,0.30000001192092896,-0.30000001192092896,0.30000001192092896,-0.30000001192092896,-0.294713489525238
1.2999999523162842,0.48239377421701046,-0.30000001192092896,0.3103092908859253,0.5222222208976746,-0.30000001192092896,-0.30000001192092896,-0.30000001192092896,-0.30000001192092896,-0.30000001192092896,-0.30000001192092896,0.30000001192092896,-0.283402501920929,1.0151738689209289,-0.30000001192092896,-0.29921143352523805
1.2999999523162842,0.4211856912170105,-0.30000001192092896,0.3103092908859253,0.3512820498976746,-0.30000001192092896,-0.26774194692092895,-0.259595971920929,-0.30000001192092896,-0.30000001192092896,-0.30000001192092896,0.30000001192092896,-0.30000001192092896,0.30000001192092896,-0.30000001192092896,-0.299861188525238
1.2999999523162842,0.3918179052170105,-0.30000001192092896,0.3103092908859253,0.5222222208976746,-0.30000001192092896,-0.30000001192092896,-0.30000001192092896,-0.30000001192092896,-0.30000001192092896,-0.30000001192092896,0.30000001192092896,-0.30000001192092896,0.30000001192092896,-0.30000001192092896,-0.299900661325238
1.2999999523162842,0.5729696422170105,-0.30000001192092896,0.3103092908859253,0.5222222208976746,-0.30000001192092896,-0.30000001192092896,-0.30000001192092896,-0.30000001192092896,-0.30000001192092896,-0.30000001192092896,0.30000001192092896,-0.30000001192092896,0.30000001192092896,-0.30000001192092896,-0.299900661325238
1.2999999523162842,0.3036545652170105,-0.30000001192092896,0.3103092908859253,0.33418803289767457,-0.30000001192092896,0.15161289107907105,0.26565655407907107,-0.30000001192092896,-0.30000001192092896,-0.30000001192092896,0.30000001192092896,-0.30000001192092896,0.30000001192092896,-0.30000001192092896,-0.29983945552523805
1.2999999523162842,0.5432825682170105,-0.30000001192092896,0.3103092908859253,0.5307692298976746,-0.30000001192092896,-0.30000001192092896,-0.30000001192092896,-0.30000001192092896,-0.30000001192092896,-0.30000001192092896,0.30000001192092896,-0.30000001192092896,0.30000001192092896,-0.30000001192092896,-0.29922052552523803
1.2999999523162842,0.4517979122170105,-0.30000001192092896,0.3103092908859253,0.3769230758976746,-0.30000001192092896,-0.30000001192092896,-0.30000001192092896,-0.30000001192092896,-0.30000001192092896,-0.30000001192092896,0.30000001192092896,-0.30000001192092896,0.30000001192092896,-0.30000001192092896,-0.29974742552523803
1.2999999523162842,0.3336254842170105,-0.30000001192092896,0.3103092908859253,0.3085470078976746,-0.30000001192092896,0.16774192307907104,-0.28989900192092893,-0.30000001192092896,-0.30000001192092896,-0.30000001192092896,1.1529411879209288,-0.23775934792092895,0.9747591699209289,-0.30000001192092896,-0.26044901852523805
1.2999999523162842,0.4817879152170105,-0.30000001192092896,0.3103092908859253,0.5307692298976746,-0.30000001192092896,-0.30000001192092896,-0.30000001192092896,-0.30000001192092896,-0.30000001192092896,-0.30000001192092896,0.30000001192092896,-0.30000001192092896,0.30000001192092896,-0.30000001192092896,-0.299395715525238
1.2999999523162842,0.3630396192170105,-0.30000001192092896,0.3103092908859253,0.33418803289767457,-0.30000001192092896,-0.19516130192092895,-0.16868688092092896,-0.30000001192092896,-0.30000001192092896,-0.30000001192092896,0.30000001192092896,-0.30000001192092896,0.30000001192092896,-0.30000001192092896,-0.29985542252523806
1.2999999523162842,0.9967462622170105,-0.30000001192092896,0.3103092908859253,0.3769230758976746,-0.30000001192092896,-0.30000001192092896,-0.30000001192092896,-0.30000001192092896,-0.30000001192092896,-0.30000001192092896,0.30000001192092896,-0.295850633920929,1.044382434920929,-0.30000001192092896,-0.299759622525238
1.2999999523162842,0.3312256782170105,-0.30000001192092896,0.3103092908859253,0.3683760668976746,-0.30000001192092896,-0.25161291492092897,-0.28989900192092893,-0.30000001192092896,-0.30000001192092896,-0.30000001192092896,0.8247326319209289,-0.05103735592092895,0.8365443559209289,-0.30000001192092896,-0.250129893525238
1.2999999523162842,0.4817603482170105,-0.30000001192092896,0.4546391878859253,0.5393162378976746,-0.30000001192092896,-0.30000001192092896,-0.30000001192092896,-0.30000001192092896,-0.30000001192092896,-0.30000001192092896,0.30000001192092896,-0.24605810292092894,1.088932179920929,-0.30000001192092896,-0.29512973252523805
0.2999999523162842,0.3006158812170105,-0.12173256192092896,0.3000000128859253,0.33418803289767457,0.699999988079071,-0.30000001192092896,-0.30000001192092896,0.699999988079071,0.11414140207907103,-0.17966806192092896,0.30000001192092896,-0.30000001192092896,0.30000001192092896,-0.03333334492092893,-0.29879297352523804
1.2999999523162842,0.5732725722170104,-0.30000001192092896,0.3103092908859253,0.5051282038976745,-0.30000001192092896,-0.30000001192092896,-0.30000001192092896,-0.30000001192092896,-0.30000001192092896,-0.30000001192092896,0.30000001192092896,-0.30000001192092896,0.30000001192092896,-0.30000001192092896,-0.29990088312523805
1.2999999523162842,0.3033604212170105,-0.30000001192092896,0.3103092908859253,0.3256410248976746,-0.30000001192092896,-0.29193549592092893,-0.28989900192092893,-0.30000001192092896,-0.30000001192092896,-0.30000001192092896,0.4610962689209289,-0.30000001192092896,0.30000001192092896,-0.30000001192092896,-0.253767633525238
1.2999999523162842,0.5123837772170106,-0.30000001192092896,0.3103092908859253,0.5136752128976746,-0.30000001192092896,-0.30000001192092896,-0.30000001192092896,-0.30000001192092896,-0.30000001192092896,-0.30000001192092896,0.30000001192092896,-0.2875518789209289,1.112000005920929,-0.30000001192092896,-0.298879903525238
1.2999999523162842,0.4542213462170105,-0.30000001192092896,0.3103092908859253,0.5136752128976746,-0.30000001192092896,-0.30000001192092896,-0.30000001192092896,-0.30000001192092896,-0.30000001192092896,-0.30000001192092896,0.30000001192092896,-0.2875518789209289,0.732241257920929,-0.30000001192092896,-0.29895707552523804
1.2999999523162842,0.3000042672270105,-0.30000001192092896,0.3103092908859253,0.2999999988976746,-0.30000001192092896,0.11935482707907102,0.22525251307907102,-0.30000001192092896,-0.30000001192092896,-0.30000001192092896,0.30000001192092896,-0.30000001192092896,0.30000001192092896,-0.30000001192092896,-0.29994878312523804
1.2999999523162842,0.6032625752170104,-0.30000001192092896,0.3103092908859253,0.5222222208976746,-0.30000001192092896,-0.30000001192092896,-0.30000001192092896,-0.30000001192092896,-0.30000001192092896,-0.30000001192092896,0.30000001192092896,-0.30000001192092896,0.30000001192092896,-0.30000001192092896,-0.299578666525238
1.2999999523162842,0.3327182112170105,-0.30000001192092896,0.3103092908859253,0.34273504189767456,-0.30000001192092896,-0.16290323792092895,-0.28989900192092893,-0.30000001192092896,-0.30000001192092896,-0.30000001192092896,1.0159091029209288,-0.15892117392092894,1.124763670920929,-0.30000001192092896,-0.24950541952523803
1.2999999523162842,0.4212020502170105,-0.30000001192092896,0.3103092908859253,0.5136752128976746,-0.30000001192092896,-0.30000001192092896,-0.30000001192092896,-0.30000001192092896,-0.30000001192092896,-0.30000001192092896,0.30000001192092896,-0.283402501920929,0.726050401920929,-0.30000001192092896,-0.29892203752523805
1.2999999523162842,0.3000021467270105,-0.30000001192092896,0.3103092908859253,0.2999999988976746,-0.30000001192092896,-0.13064517292092895,-0.28989900192092893,-0.30000001192092896,-0.30000001192092896,-0.30000001192092896,1.072058835920929,-0.19626557192092897,0.918342235920929,-0.30000001192092896,-0.250432151525238
1.2999999523162842,0.4217845832170105,-0.30000001192092896,0.3103092908859253,0.41965811889767457,-0.30000001192092896,-0.30000001192092896,-0.30000001192092896,-0.30000001192092896,-0.30000001192092896,-0.30000001192092896,0.30000001192092896,-0.30000001192092896,0.30000001192092896,-0.30000001192092896,-0.299870280525238
1.2999999523162842,0.3330317432170105,-0.30000001192092896,0.3103092908859253,0.33418803289767457,-0.30000001192092896,-0.06612904392092894,-0.007070718920928976,-0.30000001192092896,-0.30000001192092896,-0.30000001192092896,0.30000001192092896,-0.30000001192092896,0.30000001192092896,-0.30000001192092896,-0.292732514525238
1.2999999523162842,0.4239284142170105,-0.30000001192092896,0.3103092908859253,0.3256410248976746,-0.30000001192092896,-0.26774194692092895,-0.259595971920929,-0.30000001192092896,-0.30000001192092896,-0.30000001192092896,0.30000001192092896,-0.30000001192092896,0.30000001192092896,-0.30000001192092896,-0.29985542252523806
1.2999999523162842,0.3342519422170105,-0.30000001192092896,0.3103092908859253,0.3598290588976746,-0.30000001192092896,-0.21935485092092893,-0.28989900192092893,-0.30000001192092896,-0.30000001192092896,-0.30000001192092896,0.9417112419209289,-0.30000001192092896,0.30000001192092896,-0.30000001192092896,-0.299843447525238
1.2999999523162842,0.3336539602170105,-0.30000001192092896,0.3103092908859253,0.3598290588976746,-0.30000001192092896,-0.29193549592092893,-0.28989900192092893,-0.30000001192092896,-0.30000001192092896,-0.30000001192092896,0.4610962689209289,-0.30000001192092896,0.30000001192092896,-0.30000001192092896,-0.299843447525238
1.2999999523162842,0.42150497921701047,-0.30000001192092896,0.3103092908859253,0.5222222208976746,-0.30000001192092896,-0.30000001192092896,-0.30000001192092896,-0.30000001192092896,-0.30000001192092896,-0.30000001192092896,0.30000001192092896,-0.30000001192092896,0.30000001192092896,-0.30000001192092896,-0.299507260525238
1.2999999523162842,0.42150134421701047,-0.30000001192092896,0.4237113528859253,0.4367521358976746,-0.30000001192092896,-0.30000001192092896,-0.30000001192092896,-0.30000001192092896,-0.30000001192092896,-0.30000001192092896,0.30000001192092896,-0.24605810292092894,0.7381502899209289,-0.30000001192092896,-0.29511043852523805
1.2999999523162842,0.3006325422170105,-0.30000001192092896,0.3103092908859253,0.3256410248976746,-0.30000001192092896,-0.21129033492092897,-0.28989900192092893,-0.30000001192092896,-0.30000001192092896,-0.30000001192092896,0.961764717920929,-0.11742739792092896,0.7381502899209289,-0.30000001192092896,-0.253922643525238
1.2999999523162842,0.4517979122170105,-0.30000001192092896,0.3103092908859253,0.5051282038976745,-0.30000001192092896,-0.30000001192092896,-0.30000001192092896,-0.30000001192092896,-0.30000001192092896,-0.30000001192092896,0.30000001192092896,-0.30000001192092896,0.30000001192092896,-0.30000001192092896,-0.299897113525238
1.2999999523162842,0.4521008412170105,-0.30000001192092896,0.3103092908859253,0.5222222208976746,-0.30000001192092896,-0.30000001192092896,-0.30000001192092896,-0.30000001192092896,-0.30000001192092896,-0.30000001192092896,0.30000001192092896,-0.29170125692092896,0.748362389920929,-0.30000001192092896,-0.298563009525238
1.2999999523162842,0.4526779212170105,-0.30000001192092896,0.3103092908859253,0.5136752128976746,-0.30000001192092896,-0.30000001192092896,-0.30000001192092896,-0.30000001192092896,-0.30000001192092896,-0.30000001192092896,0.30000001192092896,-0.29170125692092896,0.981370357920929,-0.30000001192092896,-0.29878011152523803
1.2999999523162842,0.39333255221701047,-0.30000001192092896,0.3103092908859253,0.3256410248976746,-0.30000001192092896,-0.25967743092092893,-0.24949496092092896,-0.30000001192092896,-0.30000001192092896,-0.30000001192092896,0.30000001192092896,-0.30000001192092896,0.30000001192092896,-0.30000001192092896,-0.29985542252523806
1.2999999523162842,0.4829996322170105,-0.30000001192092896,0.3103092908859253,0.5136752128976746,-0.30000001192092896,-0.30000001192092896,-0.30000001192092896,-0.30000001192092896,-0.30000001192092896,-0.30000001192092896,0.30000001192092896,-0.295850633920929,0.8542434229209289,-0.30000001192092896,-0.29945315152523805
1.2999999523162842,0.3612159842170105,-0.30000001192092896,0.3103092908859253,0.3512820498976746,-0.30000001192092896,-0.25967743092092893,-0.28989900192092893,-0.30000001192092896,-0.30000001192092896,-0.30000001192092896,0.7812834339209289,-0.30000001192092896,0.30000001192092896,-0.30000001192092896,-0.299844556525238
1.2999999523162842,0.3006249692170105,-0.30000001192092896,0.48556702288592535,0.5393162378976746,-0.30000001192092896,-0.30000001192092896,-0.30000001192092896,0.699999988079071,-0.30000001192092896,-0.30000001192092896,0.660294129920929,-0.24605810292092894,0.913875549920929,-0.30000001192092896,-0.276306803525238
1.2999999523162842,0.3033377012170105,-0.30000001192092896,0.3103092908859253,0.34273504189767456,-0.30000001192092896,-0.23548388292092895,-0.21919193092092895,-0.30000001192092896,-0.30000001192092896,-0.30000001192092896,0.30000001192092896,-0.30000001192092896,0.30000001192092896,-0.30000001192092896,-0.299836129525238
1.2999999523162842,0.4820632782170105,-0.30000001192092896,0.4030927968859253,0.5393162378976746,-0.30000001192092896,-0.30000001192092896,-0.30000001192092896,-0.30000001192092896,-0.30000001192092896,-0.30000001192092896,0.30000001192092896,-0.24605810292092894,1.088932179920929,-0.30000001192092896,-0.295166100525238
1.2999999523162842,0.4829757012170105,-0.30000001192092896,0.3103092908859253,0.5222222208976746,-0.30000001192092896,-0.30000001192092896,-0.30000001192092896,-0.30000001192092896,-0.30000001192092896,-0.30000001192092896,0.30000001192092896,-0.29170125692092896,0.721141444920929,-0.30000001192092896,-0.29939349752523803
1.2999999523162842,0.3048720382170105,-0.30000001192092896,0.3103092908859253,0.33418803289767457,-0.30000001192092896,-0.23548388292092895,-0.28989900192092893,-0.30000001192092896,-0.30000001192092896,-0.30000001192092896,0.7385026859209289,-0.08838175492092895,0.708840948920929,-0.30000001192092896,-0.26439589052523804
1.2999999523162842,0.3315349692170105,-0.30000001192092896,0.3103092908859253,0.33418803289767457,-0.30000001192092896,-0.07419355992092896,-0.01717172892092894,-0.30000001192092896,-0.30000001192092896,-0.30000001192092896,0.30000001192092896,-0.30000001192092896,0.30000001192092896,-0.30000001192092896,-0.29984876952523803
1.2999999523162842,0.3912120462170105,-0.30000001192092896,0.3103092908859253,0.5051282038976745,-0.30000001192092896,-0.30000001192092896,-0.30000001192092896,-0.30000001192092896,-0.30000001192092896,-0.30000001192092896,0.30000001192092896,-0.295850633920929,1.026060097920929,-0.30000001192092896,-0.29885861452523804
1.2999999523162842,0.4521008412170105,-0.30000001192092896,0.3103092908859253,0.5222222208976746,-0.30000001192092896,-0.30000001192092896,-0.30000001192092896,-0.30000001192092896,-0.30000001192092896,-0.30000001192092896,0.30000001192092896,-0.30000001192092896,0.30000001192092896,-0.30000001192092896,-0.291272229525238
1.2999999523162842,0.3909085112170105,-0.30000001192092896,0.3103092908859253,0.3940170928976746,-0.30000001192092896,-0.28387097992092897,-0.28989900192092893,-0.30000001192092896,-0.30000001192092896,-0.30000001192092896,0.575401081920929,-0.30000001192092896,0.30000001192092896,-0.30000001192092896,-0.260732870525238
1.2999999523162842,0.3351613362170105,-0.30000001192092896,0.3103092908859253,0.34273504189767456,-0.30000001192092896,-0.24354839892092894,-0.22929294092092894,-0.30000001192092896,-0.30000001192092896,-0.30000001192092896,0.30000001192092896,-0.30000001192092896,0.30000001192092896,-0.30000001192092896,-0.29984366952523805
1.2999999523162842,0.4521008412170105,-0.30000001192092896,0.3103092908859253,0.5307692298976746,-0.30000001192092896,-0.30000001192092896,-0.30000001192092896,-0.30000001192092896,-0.30000001192092896,-0.30000001192092896,0.30000001192092896,-0.30000001192092896,0.30000001192092896,-0.30000001192092896,-0.299896669525238
1.2999999523162842,0.4826967032170105,-0.30000001192092896,0.3103092908859253,0.5222222208976746,-0.30000001192092896,-0.30000001192092896,-0.30000001192092896,-0.30000001192092896,-0.30000001192092896,-0.30000001192092896,0.30000001192092896,-0.30000001192092896,0.30000001192092896,-0.30000001192092896,-0.298875911525238
1.2999999523162842,0.3042540632170105,-0.30000001192092896,0.3103092908859253,0.34273504189767456,-0.30000001192092896,-0.03387097992092897,-0.28989900192092893,-0.30000001192092896,-0.30000001192092896,-0.30000001192092896,1.138235305920929,-0.22946059292092896,1.018495879920929,-0.30000001192092896,-0.253540551525238
1.2999999523162842,0.5129896362170105,-0.30000001192092896,0.3103092908859253,0.5051282038976745,-0.30000001192092896,-0.30000001192092896,-0.30000001192092896,-0.30000001192092896,-0.30000001192092896,-0.30000001192092896,0.30000001192092896,-0.30000001192092896,0.30000001192092896,-0.30000001192092896,-0.29961437052523804
1.2999999523162842,0.45149498221701045,-0.30000001192092896,0.3103092908859253,0.5136752128976746,-0.30000001192092896,-0.30000001192092896,-0.30000001192092896,-0.30000001192092896,-0.30000001192092896,-0.30000001192092896,0.30000001192092896,-0.30000001192092896,0.30000001192092896,-0.30000001192092896,-0.29990088312523805
1.2999999523162842,0.5729496492170105,-0.30000001192092896,0.3103092908859253,0.3769230758976746,-0.30000001192092896,-0.30000001192092896,-0.30000001192092896,-0.30000001192092896,-0.30000001192092896,-0.30000001192092896,0.30000001192092896,-0.295850633920929,1.119382977920929,-0.30000001192092896,-0.29990509652523806
1.2999999523162842,0.5741813592170105,-0.30000001192092896,0.3103092908859253,0.5222222208976746,-0.30000001192092896,-0.30000001192092896,-0.30000001192092896,-0.30000001192092896,-0.30000001192092896,-0.30000001192092896,0.30000001192092896,-0.30000001192092896,0.30000001192092896,-0.30000001192092896,-0.299900661325238
1.2999999523162842,0.3033404282170105,-0.30000001192092896,0.3103092908859253,0.3512820498976746,-0.30000001192092896,-0.19516130192092895,-0.28989900192092893,-0.30000001192092896,-0.30000001192092896,-0.30000001192092896,0.9951871779209289,-0.30000001192092896,0.30000001192092896,-0.30000001192092896,-0.29984034252523806
1.2999999523162842,0.6029596462170105,-0.30000001192092896,0.3103092908859253,0.3769230758976746,-0.30000001192092896,-0.30000001192092896,-0.30000001192092896,-0.30000001192092896,-0.30000001192092896,-0.30000001192092896,0.30000001192092896,-0.29170125692092896,0.721907532920929,-0.30000001192092896,-0.299681563525238
1.2999999523162842,0.3618024552170105,-0.30000001192092896,0.3103092908859253,0.33418803289767457,-0.30000001192092896,-0.17903226992092897,-0.28989900192092893,-0.30000001192092896,-0.30000001192092896,-0.30000001192092896,1.021925145920929,-0.17966806192092896,0.9164036419209289,-0.30000001192092896,-0.252405587525238
1.2999999523162842,0.3912038672170105,-0.30000001192092896,0.4134020748859253,0.5393162378976746,-0.30000001192092896,-0.30000001192092896,-0.30000001192092896,-0.30000001192092896,-0.30000001192092896,-0.30000001192092896,0.30000001192092896,-0.24605810292092894,0.973676295920929,-0.30000001192092896,-0.29514924652523805
1.2999999523162842,0.33062557521701047,-0.30000001192092896,0.49587630188592535,0.5393162378976746,-0.30000001192092896,-0.30000001192092896,-0.30000001192092896,0.699999988079071,-0.30000001192092896,-0.30000001192092896,0.815374343920929,-0.24605810292092894,0.927652313920929,-0.30000001192092896,-0.24106348752523804
1.2999999523162842,0.3048517422170105,-0.30000001192092896,0.3103092908859253,0.3256410248976746,-0.30000001192092896,-0.001612914920928965,-0.28989900192092893,-0.30000001192092896,-0.30000001192092896,-0.30000001192092896,1.1409091029209288,-0.21701245992092894,0.9164036419209289,-0.30000001192092896,-0.24912953752523803
1.2999999523162842,0.4820908442170105,-0.30000001192092896,0.3103092908859253,0.5222222208976746,-0.30000001192092896,-0.30000001192092896,-0.30000001192092896,-0.30000001192092896,-0.30000001192092896,-0.30000001192092896,0.30000001192092896,-0.295850633920929,0.6983733689209289,-0.30000001192092896,-0.29903823952523806
1.2999999523162842,0.42271669621701047,-0.30000001192092896,0.3103092908859253,0.5222222208976746,-0.30000001192092896,-0.30000001192092896,-0.30000001192092896,-0.30000001192092896,-0.30000001192092896,-0.30000001192092896,0.30000001192092896,-0.30000001192092896,0.30000001192092896,-0.30000001192092896,-0.299901104925238
1.2999999523162842,0.3918179052170105,-0.30000001192092896,0.3103092908859253,0.3769230758976746,-0.30000001192092896,-0.28387097992092897,-0.27979799192092897,-0.30000001192092896,-0.30000001192092896,-0.30000001192092896,0.30000001192092896,-0.30000001192092896,0.30000001192092896,-0.30000001192092896,-0.29986163152523804
1.2999999523162842,0.4211856912170105,-0.30000001192092896,0.3103092908859253,0.3598290588976746,-0.30000001192092896,-0.26774194692092895,-0.259595971920929,-0.30000001192092896,-0.30000001192092896,-0.30000001192092896,0.30000001192092896,-0.30000001192092896,0.30000001192092896,-0.30000001192092896,-0.299862075525238
1.2999999523162842,0.30333497521701047,-0.30000001192092896,0.3103092908859253,0.3085470078976746,-0.30000001192092896,0.31290321407907107,-0.28989900192092893,-0.30000001192092896,-0.30000001192092896,-0.30000001192092896,1.163636375920929,-0.30000001192092896,0.30000001192092896,-0.30000001192092896,-0.29983745952523805
1.2999999523162842,0.3330462832170105,-0.30000001192092896,0.3103092908859253,0.3256410248976746,-0.30000001192092896,-0.19516130192092895,-0.16868688092092896,-0.30000001192092896,-0.30000001192092896,-0.30000001192092896,0.30000001192092896,-0.30000001192092896,0.30000001192092896,-0.30000001192092896,-0.28594712352523804
1.2999999523162842,0.3315331512170105,-0.30000001192092896,0.3103092908859253,0.34273504189767456,-0.30000001192092896,-0.25967743092092893,-0.24949496092092896,-0.30000001192092896,-0.30000001192092896,-0.30000001192092896,0.39625669592092894,0.29751036107907103,1.126473973920929,-0.30000001192092896,-0.25130677052523803
1.2999999523162842,0.48237226621701046,-0.30000001192092896,0.3103092908859253,0.5222222208976746,-0.30000001192092896,-0.30000001192092896,-0.30000001192092896,-0.30000001192092896,-0.30000001192092896,-0.30000001192092896,0.30000001192092896,-0.30000001192092896,0.30000001192092896,-0.30000001192092896,-0.291272229525238
1.2999999523162842,0.33123204021701047,-0.30000001192092896,0.3103092908859253,0.3683760668976746,-0.30000001192092896,-0.25161291492092897,-0.28989900192092893,-0.30000001192092896,-0.30000001192092896,-0.30000001192092896,0.8247326319209289,-0.04273860092092896,1.0698410809209289,-0.30000001192092896,-0.24588919152523803
1.2999999523162842,0.4536154882170105,-0.30000001192092896,0.3103092908859253,0.5307692298976746,-0.30000001192092896,-0.30000001192092896,-0.30000001192092896,-0.30000001192092896,-0.30000001192092896,-0.30000001192092896,0.30000001192092896,-0.29170125692092896,0.9734403289209289,-0.30000001192092896,-0.29924336652523803
1.2999999523162842,0.3024443632170105,-0.30000001192092896,0.3103092908859253,0.33418803289767457,-0.30000001192092896,-0.14677420592092896,-0.28989900192092893,-0.30000001192092896,-0.30000001192092896,-0.30000001192092896,1.062032097920929,-0.30000001192092896,0.30000001192092896,-0.30000001192092896,-0.29125204952523803
1.2999999523162842,1.0270607032170105,-0.30000001192092896,0.3103092908859253,0.3769230758976746,-0.30000001192092896,-0.30000001192092896,-0.30000001192092896,-0.30000001192092896,-0.30000001192092896,-0.30000001192092896,0.30000001192092896,-0.295850633920929,0.981370357920929,-0.30000001192092896,-0.29975540952523805
1.2999999523162842,0.3921208342170105,-0.30000001192092896,0.3103092908859253,0.5307692298976746,-0.30000001192092896,-0.30000001192092896,-0.30000001192092896,-0.30000001192092896,-0.30000001192092896,-0.30000001192092896,0.30000001192092896,-0.29170125692092896,1.104964719920929,-0.30000001192092896,-0.29906418552523806
1.2999999523162842,0.3015161872170105,-0.30000001192092896,0.3103092908859253,0.3512820498976746,-0.30000001192092896,-0.11451614092092896,-0.28989900192092893,-0.30000001192092896,-0.30000001192092896,-0.30000001192092896,1.084090920920929,-0.30000001192092896,0.30000001192092896,-0.30000001192092896,-0.29983945552523805
1.2999999523162842,0.3006213342170105,-0.30000001192092896,0.3515464048859253,0.4965811958976746,-0.30000001192092896,-0.29193549592092893,-0.28989900192092893,-0.30000001192092896,-0.30000001192092896,-0.30000001192092896,0.4610962689209289,0.699999988079071,0.828261539920929,-0.30000001192092896,-0.24313627152523803
1.2999999523162842,0.3336554742170105,-0.30000001192092896,0.3103092908859253,0.3598290588976746,-0.30000001192092896,-0.25161291492092897,-0.23939395092092897,-0.30000001192092896,-0.30000001192092896,-0.30000001192092896,0.30000001192092896,-0.30000001192092896,0.30000001192092896,-0.30000001192092896,-0.29985054352523804
1.2999999523162842,0.3015195202170105,-0.30000001192092896,0.3103092908859253,0.3683760668976746,-0.30000001192092896,-0.19516130192092895,-0.28989900192092893,-0.30000001192092896,-0.30000001192092896,-0.30000001192092896,0.994518728920929,-0.30000001192092896,0.30000001192092896,-0.30000001192092896,-0.29984056452523805
1.2999999523162842,0.4527067002170105,-0.30000001192092896,0.3103092908859253,0.5222222208976746,-0.30000001192092896,-0.30000001192092896,-0.30000001192092896,-0.30000001192092896,-0.30000001192092896,-0.30000001192092896,0.30000001192092896,-0.30000001192092896,0.30000001192092896,-0.30000001192092896,-0.299757848525238
1.2999999523162842,1.1485353632170106,-0.30000001192092896,0.3103092908859253,0.3769230758976746,-0.30000001192092896,-0.30000001192092896,-0.30000001192092896,-0.30000001192092896,-0.30000001192092896,-0.30000001192092896,0.30000001192092896,-0.30000001192092896,0.30000001192092896,-0.30000001192092896,-0.29990465302523805
1.2999999523162842,0.5123837772170106,-0.30000001192092896,0.3103092908859253,0.3769230758976746,-0.30000001192092896,-0.30000001192092896,-0.30000001192092896,-0.30000001192092896,-0.30000001192092896,-0.30000001192092896,0.30000001192092896,-0.30000001192092896,0.30000001192092896,-0.30000001192092896,-0.299869171525238
1.2999999523162842,0.3348571952170105,-0.30000001192092896,0.3103092908859253,0.33418803289767457,-0.30000001192092896,-0.15483872192092896,-0.11818182992092896,-0.30000001192092896,-0.30000001192092896,-0.30000001192092896,0.30000001192092896,-0.30000001192092896,0.30000001192092896,-0.30000001192092896,-0.29984100852523804
1.2999999523162842,0.4517833712170105,-0.30000001192092896,0.3103092908859253,0.5307692298976746,-0.30000001192092896,-0.30000001192092896,-0.30000001192092896,-0.30000001192092896,-0.30000001192092896,-0.30000001192092896,0.30000001192092896,-0.30000001192092896,0.30000001192092896,-0.30000001192092896,-0.29913315252523803
1.2999999523162842,0.4832931712170105,-0.30000001192092896,0.3103092908859253,0.5222222208976746,-0.30000001192092896,-0.30000001192092896,-0.30000001192092896,-0.30000001192092896,-0.30000001192092896,-0.30000001192092896,0.30000001192092896,-0.30000001192092896,0.30000001192092896,-0.30000001192092896,-0.299006084525238
1.2999999523162842,0.3000163844170105,-0.30000001192092896,0.3103092908859253,0.2999999988976746,-0.30000001192092896,-0.16290323792092895,-0.28989900192092893,-0.30000001192092896,-0.30000001192092896,-0.30000001192092896,1.038636375920929,-0.30000001192092896,0.30000001192092896,-0.30000001192092896,-0.29994967012523804
1.2999999523162842,0.42150497921701047,-0.30000001192092896,0.3103092908859253,0.5136752128976746,-0.30000001192092896,-0.30000001192092896,-0.30000001192092896,-0.30000001192092896,-0.30000001192092896,-0.30000001192092896,0.30000001192092896,-0.295850633920929,0.9994728719209289,-0.30000001192092896,-0.29889453952523803
1.2999999523162842,0.3051498252170105,-0.30000001192092896,0.3103092908859253,0.3512820498976746,-0.30000001192092896,-0.23548388292092895,-0.21919193092092895,-0.30000001192092896,-0.30000001192092896,-0.30000001192092896,0.30000001192092896,-0.30000001192092896,0.30000001192092896,-0.30000001192092896,-0.29983989952523804
1.2999999523162842,0.5132925652170105,-0.30000001192092896,0.3103092908859253,0.5222222208976746,-0.30000001192092896,-0.30000001192092896,-0.30000001192092896,-0.30000001192092896,-0.30000001192092896,-0.30000001192092896,0.30000001192092896,-0.30000001192092896,0.30000001192092896,-0.30000001192092896,-0.299578888525238
1.2999999523162842,0.3618136642170105,-0.30000001192092896,0.3103092908859253,0.33418803289767457,-0.30000001192092896,-0.25967743092092893,-0.28989900192092893,-0.30000001192092896,-0.30000001192092896,-0.30000001192092896,0.664973273920929,-0.30000001192092896,0.30000001192092896,-0.30000001192092896,-0.29984943452523805
1.2999999523162842,0.6332295562170105,-0.30000001192092896,0.3103092908859253,0.3769230758976746,-0.30000001192092896,-0.30000001192092896,-0.30000001192092896,-0.30000001192092896,-0.30000001192092896,-0.30000001192092896,0.30000001192092896,-0.29170125692092896,0.860955634920929,-0.30000001192092896,-0.29948951952523806
1.2999999523162842,0.3303220402170105,-0.30000001192092896,0.3824742398859253,0.46239316089767457,-0.30000001192092896,-0.30000001192092896,-0.30000001192092896,-0.30000001192092896,-0.30000001192092896,-0.30000001192092896,0.30000001192092896,-0.24605810292092894,0.9026445069209289,-0.30000001192092896,-0.26874747352523803
1.2999999523162842,0.4826915532170105,-0.30000001192092896,0.3103092908859253,0.5051282038976745,-0.30000001192092896,-0.30000001192092896,-0.30000001192092896,-0.30000001192092896,-0.30000001192092896,-0.30000001192092896,0.30000001192092896,-0.30000001192092896,0.30000001192092896,-0.30000001192092896,-0.299900217825238
1.2999999523162842,1.1482184992170104,-0.30000001192092896,0.3103092908859253,0.3769230758976746,-0.30000001192092896,-0.30000001192092896,-0.30000001192092896,-0.30000001192092896,-0.30000001192092896,-0.30000001192092896,0.30000001192092896,-0.30000001192092896,0.30000001192092896,-0.30000001192092896,-0.299833024525238
1.2999999523162842,0.3012387042170105,-0.30000001192092896,0.3103092908859253,0.3683760668976746,-0.30000001192092896,-0.23548388292092895,-0.28989900192092893,-0.30000001192092896,-0.30000001192092896,-0.30000001192092896,0.8929144509209289,-0.30000001192092896,0.30000001192092896,-0.30000001192092896,-0.29984056452523805
1.2999999523162842,0.3911969002170105,-0.30000001192092896,0.3103092908859253,0.3769230758976746,-0.30000001192092896,-0.26774194692092895,-0.28989900192092893,-0.30000001192092896,-0.30000001192092896,-0.30000001192092896,0.7278074989209289,0.05269708307907106,0.992381329920929,-0.30000001192092896,-0.25209578952523803
1.2999999523162842,0.3318091202170105,-0.30000001192092896,0.3103092908859253,0.38547008389767456,-0.30000001192092896,-0.28387097992092897,-0.28989900192092893,-0.30000001192092896,-0.30000001192092896,-0.30000001192092896,0.5747326319209289,-0.30000001192092896,0.30000001192092896,-0.30000001192092896,-0.29985564452523805
1.2999999523162842,0.3305977062170105,-0.30000001192092896,0.3103092908859253,0.34273504189767456,-0.30000001192092896,-0.28387097992092897,-0.28989900192092893,-0.30000001192092896,-0.30000001192092896,-0.30000001192092896,0.575401081920929,-0.30000001192092896,0.30000001192092896,-0.30000001192092896,-0.29983834652523805
1.2999999523162842,0.4530096292170105,-0.30000001192092896,0.3103092908859253,0.5222222208976746,-0.30000001192092896,-0.30000001192092896,-0.30000001192092896,-0.30000001192092896,-0.30000001192092896,-0.30000001192092896,0.30000001192092896,-0.295850633920929,0.721907532920929,-0.30000001192092896,-0.299435632525238
1.2999999523162842,0.5429796392170105,-0.30000001192092896,0.3103092908859253,0.5051282038976745,-0.30000001192092896,-0.30000001192092896,-0.30000001192092896,-0.30000001192092896,-0.30000001192092896,-0.30000001192092896,0.30000001192092896,-0.283402501920929,0.6983733689209289,-0.30000001192092896,-0.299101884525238
1.2999999523162842,0.4521008412170105,-0.30000001192092896,0.3103092908859253,0.3683760668976746,-0.30000001192092896,-0.29193549592092893,-0.28989900192092893,-0.30000001192092896,-0.30000001192092896,-0.30000001192092896,0.457085572920929,0.6751037220790711,1.046923599920929,-0.30000001192092896,-0.23922421552523804
1.2999999523162842,0.3917882182170105,-0.30000001192092896,0.3103092908859253,0.5136752128976746,-0.30000001192092896,-0.30000001192092896,-0.30000001192092896,-0.30000001192092896,-0.30000001192092896,-0.30000001192092896,0.30000001192092896,-0.30000001192092896,0.30000001192092896,-0.30000001192092896,-0.29947111352523803
1.2999999523162842,0.4239284142170105,-0.30000001192092896,0.3103092908859253,0.5136752128976746,-0.30000001192092896,-0.30000001192092896,-0.30000001192092896,-0.30000001192092896,-0.30000001192092896,-0.30000001192092896,0.30000001192092896,-0.30000001192092896,0.30000001192092896,-0.30000001192092896,-0.29897171152523805
1.2999999523162842,0.48239377421701046,-0.30000001192092896,0.3103092908859253,0.5222222208976746,-0.30000001192092896,-0.30000001192092896,-0.30000001192092896,-0.30000001192092896,-0.30000001192092896,-0.30000001192092896,0.30000001192092896,-0.295850633920929,0.751065240920929,-0.30000001192092896,-0.29920943752523804
1.2999999523162842,0.3309163872170105,-0.30000001192092896,0.3103092908859253,0.3940170928976746,-0.30000001192092896,-0.21129033492092897,-0.18888890092092897,-0.30000001192092896,-0.30000001192092896,-0.30000001192092896,0.30000001192092896,-0.30000001192092896,0.30000001192092896,-0.30000001192092896,-0.274525411525238
1.2999999523162842,0.30272729921701047,-0.30000001192092896,0.3103092908859253,0.34273504189767456,-0.30000001192092896,-0.25967743092092893,-0.24949496092092896,-0.30000001192092896,-0.30000001192092896,-0.30000001192092896,0.30000001192092896,-0.30000001192092896,0.30000001192092896,-0.30000001192092896,-0.29983967752523805
1.2999999523162842,0.3024537542170105,-0.30000001192092896,0.3103092908859253,0.34273504189767456,-0.30000001192092896,-0.30000001192092896,-0.30000001192092896,-0.30000001192092896,-0.30000001192092896,-0.30000001192092896,0.30000001192092896,-0.283402501920929,1.173585533920929,-0.30000001192092896,-0.29651550552523803
1.2999999523162842,0.3015228522170105,-0.30000001192092896,0.3103092908859253,0.3512820498976746,-0.30000001192092896,-0.21935485092092893,-0.19898991092092894,-0.30000001192092896,-0.30000001192092896,-0.30000001192092896,0.30000001192092896,-0.30000001192092896,0.30000001192092896,-0.30000001192092896,-0.29983967752523805
0.2999999523162842,0.30424285421701047,-0.12218893892092897,0.3000000128859253,0.3512820498976746,0.699999988079071,-0.30000001192092896,-0.30000001192092896,0.699999988079071,-0.18888890092092897,-0.0012448249209289775,0.30000001192092896,-0.30000001192092896,0.30000001192092896,-0.10000001192092894,-0.29722535752523804
1.2999999523162842,0.5423643892170105,-0.30000001192092896,0.3103092908859253,0.5222222208976746,-0.30000001192092896,-0.30000001192092896,-0.30000001192092896,-0.30000001192092896,-0.30000001192092896,-0.30000001192092896,0.30000001192092896,-0.30000001192092896,0.30000001192092896,-0.30000001192092896,-0.299901104925238
1.2999999523162842,0.6029596462170105,-0.30000001192092896,0.3103092908859253,0.4794871778976746,-0.30000001192092896,-0.30000001192092896,-0.30000001192092896,-0.30000001192092896,-0.30000001192092896,-0.30000001192092896,0.30000001192092896,-0.30000001192092896,0.30000001192092896,-0.30000001192092896,-0.29990088312523805
1.2999999523162842,0.5120808482170105,-0.30000001192092896,0.3103092908859253,0.3769230758976746,-0.30000001192092896,-0.30000001192092896,-0.30000001192092896,-0.30000001192092896,-0.30000001192092896,-0.30000001192092896,0.30000001192092896,-0.2875518789209289,1.104964719920929,-0.30000001192092896,-0.29959840352523803
1.2999999523162842,0.48269064421701047,-0.30000001192092896,0.3103092908859253,0.5051282038976745,-0.30000001192092896,-0.30000001192092896,-0.30000001192092896,0.699999988079071,-0.30000001192092896,-0.30000001192092896,0.30000001192092896,-0.30000001192092896,0.30000001192092896,-0.30000001192092896,-0.299899996525238
1.2999999523162842,0.5120808482170105,-0.30000001192092896,0.3103092908859253,0.5222222208976746,-0.30000001192092896,-0.30000001192092896,-0.30000001192092896,-0.30000001192092896,-0.30000001192092896,-0.30000001192092896,0.30000001192092896,-0.30000001192092896,0.30000001192092896,-0.30000001192092896,-0.299900661325238
1.2999999523162842,0.42271669621701047,-0.30000001192092896,0.3103092908859253,0.5222222208976746,-0.30000001192092896,-0.30000001192092896,-0.30000001192092896,-0.30000001192092896,-0.30000001192092896,-0.30000001192092896,0.30000001192092896,-0.30000001192092896,0.30000001192092896,-0.30000001192092896,-0.29973988552523806
1.2999999523162842,0.4527067002170105,-0.30000001192092896,0.3103092908859253,0.5136752128976746,-0.30000001192092896,-0.30000001192092896,-0.30000001192092896,-0.30000001192092896,-0.30000001192092896,-0.30000001192092896,0.30000001192092896,-0.2875518789209289,0.9807755629209289,-0.30000001192092896,-0.298312643525238
1.2999999523162842,0.5135954942170105,-0.30000001192092896,0.3103092908859253,0.5136752128976746,-0.30000001192092896,-0.30000001192092896,-0.30000001192092896,-0.30000001192092896,-0.30000001192092896,-0.30000001192092896,0.30000001192092896,-0.295850633920929,0.8542434229209289,-0.30000001192092896,-0.299703960525238
1.2999999523162842,0.3336448722170105,-0.30000001192092896,0.3103092908859253,0.3598290588976746,-0.30000001192092896,-0.23548388292092895,-0.21919193092092895,-0.30000001192092896,-0.30000001192092896,-0.30000001192092896,0.30000001192092896,-0.30000001192092896,0.30000001192092896,-0.30000001192092896,-0.28390715952523804
1.2999999523162842,0.3617979122170105,-0.30000001192092896,0.3103092908859253,0.3598290588976746,-0.30000001192092896,-0.25967743092092893,-0.28989900192092893,-0.30000001192092896,-0.30000001192092896,-0.30000001192092896,0.7812834339209289,-0.30000001192092896,0.30000001192092896,-0.30000001192092896,-0.29984788252523803
1.2999999523162842,0.4527067002170105,-0.30000001192092896,0.3103092908859253,0.5222222208976746,-0.30000001192092896,-0.30000001192092896,-0.30000001192092896,-0.30000001192092896,-0.30000001192092896,-0.30000001192092896,0.30000001192092896,-0.295850633920929,0.7939963459209289,-0.30000001192092896,-0.29967468852523804
1.2999999523162842,0.36120932021701047,-0.30000001192092896,0.4752577448859253,0.5393162378976746,-0.30000001192092896,-0.30000001192092896,-0.30000001192092896,-0.30000001192092896,-0.30000001192092896,-0.30000001192092896,0.30000001192092896,-0.24605810292092894,1.020383467920929,-0.30000001192092896,-0.278072451525238
1.2999999523162842,0.4542213462170105,-0.30000001192092896,0.3103092908859253,0.5307692298976746,-0.30000001192092896,-0.30000001192092896,-0.30000001192092896,-0.30000001192092896,-0.30000001192092896,-0.30000001192092896,0.30000001192092896,-0.30000001192092896,0.30000001192092896,-0.30000001192092896,-0.299181052525238
1.2999999523162842,0.3306046732170105,-0.30000001192092896,0.3103092908859253,0.34273504189767456,-0.30000001192092896,-0.17903226992092897,-0.28989900192092893,-0.30000001192092896,-0.30000001192092896,-0.30000001192092896,1.021925145920929,-0.30000001192092896,0.30000001192092896,-0.30000001192092896,-0.29983967752523805
1.2999999523162842,0.3351452812170105,-0.30000001192092896,0.3103092908859253,0.3256410248976746,-0.30000001192092896,-0.15483872192092896,-0.11818182992092896,-0.30000001192092896,-0.30000001192092896,-0.30000001192092896,0.30000001192092896,-0.30000001192092896,0.30000001192092896,-0.30000001192092896,-0.299844334525238
1.2999999523162842,0.45146953621701047,-0.30000001192092896,0.5268041368859253,0.5393162378976746,-0.30000001192092896,-0.30000001192092896,-0.30000001192092896,-0.30000001192092896,-0.30000001192092896,-0.30000001192092896,0.30000001192092896,-0.24605810292092894,0.572031290920929,-0.30000001192092896,-0.295156343525238
1.2999999523162842,0.3609191142170105,-0.30000001192092896,0.3103092908859253,0.3598290588976746,-0.30000001192092896,-0.25967743092092893,-0.28989900192092893,-0.30000001192092896,-0.30000001192092896,-0.30000001192092896,0.7812834339209289,-0.30000001192092896,0.30000001192092896,-0.30000001192092896,-0.29986185352523803
1.2999999523162842,0.3633280082170105,-0.30000001192092896,0.3103092908859253,0.5136752128976746,-0.30000001192092896,-0.30000001192092896,-0.30000001192092896,-0.30000001192092896,-0.30000001192092896,-0.30000001192092896,0.30000001192092896,-0.30000001192092896,0.30000001192092896,-0.30000001192092896,-0.28987159752523806
1.2999999523162842,0.4211850862170105,-0.30000001192092896,0.3103092908859253,0.3512820498976746,-0.30000001192092896,-0.23548388292092895,-0.21919193092092895,-0.30000001192092896,-0.30000001192092896,-0.30000001192092896,0.30000001192092896,-0.30000001192092896,0.30000001192092896,-0.30000001192092896,-0.299862075525238
1.2999999523162842,0.4524037702170105,-0.30000001192092896,0.3103092908859253,0.5307692298976746,-0.30000001192092896,-0.30000001192092896,-0.30000001192092896,-0.30000001192092896,-0.30000001192092896,-0.30000001192092896,0.30000001192092896,-0.30000001192092896,0.30000001192092896,-0.30000001192092896,-0.299896891525238
1.2999999523162842,0.3621308312170105,-0.30000001192092896,0.3103092908859253,0.4367521358976746,-0.30000001192092896,-0.30000001192092896,-0.30000001192092896,-0.30000001192092896,-0.30000001192092896,-0.30000001192092896,0.30000001192092896,-0.30000001192092896,0.30000001192092896,-0.30000001192092896,-0.285112865525238
1.2999999523162842,0.5738784302170106,-0.30000001192092896,0.3103092908859253,0.5222222208976746,-0.30000001192092896,-0.30000001192092896,-0.30000001192092896,-0.30000001192092896,-0.30000001192092896,-0.30000001192092896,0.30000001192092896,-0.295850633920929,1.110981954920929,-0.30000001192092896,-0.29893423452523804
1.2999999523162842,0.4517779182170105,-0.30000001192092896,0.48556702288592535,0.5393162378976746,-0.30000001192092896,-0.30000001192092896,-0.30000001192092896,-0.30000001192092896,-0.30000001192092896,-0.30000001192092896,0.30000001192092896,-0.24605810292092894,1.119382977920929,-0.30000001192092896,-0.29453297752523805
1.2999999523162842,0.4212020502170105,-0.30000001192092896,0.3103092908859253,0.3598290588976746,-0.30000001192092896,-0.30000001192092896,-0.30000001192092896,-0.30000001192092896,-0.30000001192092896,-0.30000001192092896,0.30000001192092896,-0.29170125692092896,1.018495879920929,-0.30000001192092896,-0.29967601952523804
1.2999999523162842,0.3030387102170105,-0.30000001192092896,0.3103092908859253,0.3512820498976746,-0.30000001192092896,-0.23548388292092895,-0.21919193092092895,-0.30000001192092896,-0.30000001192092896,-0.30000001192092896,0.30000001192092896,-0.30000001192092896,0.30000001192092896,-0.30000001192092896,-0.29983901252523804
1.2999999523162842,0.4239284142170105,-0.30000001192092896,0.3103092908859253,0.5307692298976746,-0.30000001192092896,-0.30000001192092896,-0.30000001192092896,-0.30000001192092896,-0.30000001192092896,-0.30000001192092896,0.30000001192092896,-0.30000001192092896,0.30000001192092896,-0.30000001192092896,-0.29989755652523803
1.2999999523162842,0.4233225552170105,-0.30000001192092896,0.3103092908859253,0.5051282038976745,-0.30000001192092896,-0.30000001192092896,-0.30000001192092896,-0.30000001192092896,-0.30000001192092896,-0.30000001192092896,0.30000001192092896,-0.30000001192092896,0.30000001192092896,-0.30000001192092896,-0.29910898052523804
1.2999999523162842,0.5132849922170105,-0.30000001192092896,0.3103092908859253,0.5222222208976746,-0.30000001192092896,-0.30000001192092896,-0.30000001192092896,-0.30000001192092896,-0.30000001192092896,-0.30000001192092896,0.30000001192092896,-0.30000001192092896,0.30000001192092896,-0.30000001192092896,-0.29127245052523804
1.2999999523162842,0.3606149732170105,-0.30000001192092896,0.5164948578859253,0.5393162378976746,-0.30000001192092896,-0.30000001192092896,-0.30000001192092896,-0.30000001192092896,-0.30000001192092896,-0.30000001192092896,0.30000001192092896,-0.24605810292092894,0.808402569920929,-0.30000001192092896,-0.29552357652523803
1.2999999523162842,0.3306143672170105,-0.30000001192092896,0.4030927968859253,0.5307692298976746,-0.30000001192092896,-0.30000001192092896,-0.30000001192092896,0.699999988079071,-0.30000001192092896,-0.30000001192092896,0.5112299589209289,-0.24605810292092894,0.965039404920929,-0.30000001192092896,-0.272200043525238
1.2999999523162842,0.42180790821701053,-0.30000001192092896,0.3103092908859253,0.4282051268976746,-0.30000001192092896,-0.29193549592092893,-0.28989900192092893,-0.30000001192092896,-0.30000001192092896,-0.30000001192092896,0.460427818920929,-0.30000001192092896,0.30000001192092896,-0.30000001192092896,-0.29985653152523806
1.2999999523162842,0.4539184172170105,-0.30000001192092896,0.3103092908859253,0.3512820498976746,-0.30000001192092896,-0.27580646392092895,-0.26969698192092895,-0.30000001192092896,-0.30000001192092896,-0.30000001192092896,0.30000001192092896,-0.30000001192092896,0.30000001192092896,-0.30000001192092896,-0.29985431352523806
1.2999999523162842,0.4527067002170105,-0.30000001192092896,0.3103092908859253,0.4111111098976746,-0.30000001192092896,-0.28387097992092897,-0.27979799192092897,-0.30000001192092896,-0.30000001192092896,-0.30000001192092896,0.30000001192092896,-0.30000001192092896,0.30000001192092896,-0.30000001192092896,-0.29488779252523806
1.2999999523162842,0.5726667132170105,-0.30000001192092896,0.3103092908859253,0.4965811958976746,-0.30000001192092896,-0.30000001192092896,-0.30000001192092896,-0.30000001192092896,-0.30000001192092896,-0.30000001192092896,0.30000001192092896,-0.30000001192092896,0.30000001192092896,-0.30000001192092896,-0.29990088312523805
1.2999999523162842,0.3915149762170105,-0.30000001192092896,0.3103092908859253,0.3598290588976746,-0.30000001192092896,-0.26774194692092895,-0.259595971920929,-0.30000001192092896,-0.30000001192092896,-0.30000001192092896,0.30000001192092896,-0.30000001192092896,0.30000001192092896,-0.30000001192092896,-0.29986229652523805
1.2999999523162842,0.42271669621701047,-0.30000001192092896,0.3103092908859253,0.3598290588976746,-0.30000001192092896,-0.25967743092092893,-0.24949496092092896,-0.30000001192092896,-0.30000001192092896,-0.30000001192092896,0.30000001192092896,-0.30000001192092896,0.30000001192092896,-0.30000001192092896,-0.29985276152523804
1.2999999523162842,0.5426767102170105,-0.30000001192092896,0.3103092908859253,0.5307692298976746,-0.30000001192092896,-0.30000001192092896,-0.30000001192092896,-0.30000001192092896,-0.30000001192092896,-0.30000001192092896,0.30000001192092896,-0.30000001192092896,0.30000001192092896,-0.30000001192092896,-0.29990088312523805
1.2999999523162842,0.3051634562170105,-0.30000001192092896,0.3103092908859253,0.34273504189767456,-0.30000001192092896,0.03870966507907103,-0.28989900192092893,-0.30000001192092896,-0.30000001192092896,-0.30000001192092896,1.142246000920929,-0.30000001192092896,0.30000001192092896,-0.30000001192092896,-0.29984078652523805
1.2999999523162842,0.3306198192170105,-0.30000001192092896,0.3103092908859253,0.3512820498976746,-0.30000001192092896,-0.08225807692092896,-0.28989900192092893,-0.30000001192092896,-0.30000001192092896,-0.30000001192092896,1.112165786920929,-0.30000001192092896,0.30000001192092896,-0.30000001192092896,-0.29983967752523805
1.2999999523162842,0.3615077052170105,-0.30000001192092896,0.5371134148859253,0.34273504189767456,-0.30000001192092896,-0.24354839892092894,-0.28989900192092893,-0.30000001192092896,-0.30000001192092896,-0.30000001192092896,0.727139048920929,0.363900403079071,1.046923599920929,-0.30000001192092896,-0.24318638852523802
1.2999999523162842,0.3918179052170105,-0.30000001192092896,0.3103092908859253,0.5222222208976746,-0.30000001192092896,-0.30000001192092896,-0.30000001192092896,-0.30000001192092896,-0.30000001192092896,-0.30000001192092896,0.30000001192092896,-0.30000001192092896,0.30000001192092896,-0.30000001192092896,-0.299901104925238
1.2999999523162842,0.3912008382170105,-0.30000001192092896,0.5371134148859253,0.5393162378976746,-0.30000001192092896,-0.30000001192092896,-0.30000001192092896,-0.30000001192092896,-0.30000001192092896,-0.30000001192092896,0.30000001192092896,-0.24605810292092894,0.913875549920929,-0.30000001192092896,-0.29482836152523806
1.2999999523162842,0.39242376421701053,-0.30000001192092896,0.3103092908859253,0.5222222208976746,-0.30000001192092896,-0.30000001192092896,-0.30000001192092896,-0.30000001192092896,-0.30000001192092896,-0.30000001192092896,0.30000001192092896,-0.30000001192092896,0.30000001192092896,-0.30000001192092896,-0.299256450525238
1.2999999523162842,0.42150497921701047,-0.30000001192092896,0.3103092908859253,0.5222222208976746,-0.30000001192092896,-0.30000001192092896,-0.30000001192092896,-0.30000001192092896,-0.30000001192092896,-0.30000001192092896,0.30000001192092896,-0.30000001192092896,0.30000001192092896,-0.30000001192092896,-0.29341974652523806
1.2999999523162842,0.4517909442170105,-0.30000001192092896,0.3103092908859253,0.41965811889767457,-0.30000001192092896,-0.30000001192092896,-0.30000001192092896,-0.30000001192092896,-0.30000001192092896,-0.30000001192092896,0.30000001192092896,-0.30000001192092896,0.30000001192092896,-0.30000001192092896,-0.29252716552523805
1.2999999523162842,0.3009309282170105,-0.30000001192092896,0.3103092908859253,0.3256410248976746,-0.30000001192092896,-0.26774194692092895,-0.259595971920929,-0.30000001192092896,-0.30000001192092896,-0.30000001192092896,0.30000001192092896,-0.30000001192092896,0.30000001192092896,-0.30000001192092896,-0.29983923452523803
1.2999999523162842,0.5129896362170105,-0.30000001192092896,0.3103092908859253,0.5222222208976746,-0.30000001192092896,-0.30000001192092896,-0.30000001192092896,-0.30000001192092896,-0.30000001192092896,-0.30000001192092896,0.30000001192092896,-0.30000001192092896,0.30000001192092896,-0.30000001192092896,-0.299900661325238
1.2999999523162842,0.5726576252170105,-0.30000001192092896,0.3103092908859253,0.33418803289767457,-0.30000001192092896,-0.30000001192092896,-0.30000001192092896,-0.30000001192092896,-0.30000001192092896,-0.30000001192092896,0.30000001192092896,-0.30000001192092896,0.30000001192092896,-0.30000001192092896,-0.299440510525238
1.2999999523162842,0.48206206621701053,-0.30000001192092896,0.3103092908859253,0.5222222208976746,-0.30000001192092896,-0.30000001192092896,-0.30000001192092896,-0.30000001192092896,-0.30000001192092896,-0.30000001192092896,0.30000001192092896,-0.2875518789209289,0.9682757449209289,-0.30000001192092896,-0.299068842525238
1.2999999523162842,0.4524037702170105,-0.30000001192092896,0.3103092908859253,0.5222222208976746,-0.30000001192092896,-0.30000001192092896,-0.30000001192092896,-0.30000001192092896,-0.30000001192092896,-0.30000001192092896,0.30000001192092896,-0.30000001192092896,0.30000001192092896,-0.30000001192092896,-0.29882291152523804
1.2999999523162842,0.3021220462170105,-0.30000001192092896,0.3103092908859253,0.3170940158976746,-0.30000001192092896,0.2725806330790711,0.4171717050790711,-0.30000001192092896,-0.30000001192092896,-0.30000001192092896,0.31270054692092897,-0.22116183792092897,0.981370357920929,-0.30000001192092896,-0.259475273525238
1.2999999523162842,0.3039441662170105,-0.30000001192092896,0.3103092908859253,0.3683760668976746,-0.30000001192092896,-0.20322581792092898,-0.17878789092092895,-0.30000001192092896,-0.30000001192092896,-0.30000001192092896,0.30000001192092896,-0.30000001192092896,0.30000001192092896,-0.30000001192092896,-0.29984034252523806
1.2999999523162842,0.3921208342170105,-0.30000001192092896,0.3103092908859253,0.5136752128976746,-0.30000001192092896,-0.30000001192092896,-0.30000001192092896,-0.30000001192092896,-0.30000001192092896,-0.30000001192092896,0.30000001192092896,-0.30000001192092896,0.30000001192092896,-0.30000001192092896,-0.29990043962523805
1.2999999523162842,0.4530096292170105,-0.30000001192092896,0.3103092908859253,0.5051282038976745,-0.30000001192092896,-0.30000001192092896,-0.30000001192092896,-0.30000001192092896,-0.30000001192092896,-0.30000001192092896,0.30000001192092896,-0.30000001192092896,0.30000001192092896,-0.30000001192092896,-0.29943541052523803
1.2999999523162842,0.4530096292170105,-0.30000001192092896,0.3103092908859253,0.5222222208976746,-0.30000001192092896,-0.30000001192092896,-0.30000001192092896,-0.30000001192092896,-0.30000001192092896,-0.30000001192092896,0.30000001192092896,-0.30000001192092896,0.30000001192092896,-0.30000001192092896,-0.29990043962523805
1.2999999523162842,0.4239256872170105,-0.30000001192092896,0.3103092908859253,0.5307692298976746,-0.30000001192092896,-0.30000001192092896,-0.30000001192092896,-0.30000001192092896,-0.30000001192092896,-0.30000001192092896,0.30000001192092896,-0.30000001192092896,0.30000001192092896,-0.30000001192092896,-0.29903846152523805
1.2999999523162842,0.4524037702170105,-0.30000001192092896,0.3103092908859253,0.5222222208976746,-0.30000001192092896,-0.30000001192092896,-0.30000001192092896,0.699999988079071,-0.30000001192092896,-0.30000001192092896,0.30000001192092896,-0.30000001192092896,0.30000001192092896,-0.30000001192092896,-0.299870945525238
1.2999999523162842,0.4521008412170105,-0.30000001192092896,0.3103092908859253,0.5307692298976746,-0.30000001192092896,-0.30000001192092896,-0.30000001192092896,-0.30000001192092896,-0.30000001192092896,-0.30000001192092896,0.30000001192092896,-0.30000001192092896,0.30000001192092896,-0.30000001192092896,-0.291272229525238
1.2999999523162842,0.3333292192170105,-0.30000001192092896,0.3103092908859253,0.3170940158976746,-0.30000001192092896,-0.10645162492092897,-0.05757576992092894,-0.30000001192092896,-0.30000001192092896,-0.30000001192092896,0.30000001192092896,-0.30000001192092896,0.30000001192092896,-0.30000001192092896,-0.29983745952523805
1.2999999523162842,0.4212020502170105,-0.30000001192092896,0.3103092908859253,0.33418803289767457,-0.30000001192092896,-0.25967743092092893,-0.24949496092092896,-0.30000001192092896,-0.30000001192092896,-0.30000001192092896,0.30000001192092896,-0.30000001192092896,0.30000001192092896,-0.30000001192092896,-0.28624893752523806
1.2999999523162842,0.5726667132170105,-0.30000001192092896,0.3103092908859253,0.4880341868976746,-0.30000001192092896,-0.30000001192092896,-0.30000001192092896,-0.30000001192092896,-0.30000001192092896,-0.30000001192092896,0.30000001192092896,-0.295850633920929,0.7089505379209289,-0.30000001192092896,-0.299466234525238
1.2999999523162842,0.5123837772170106,-0.30000001192092896,0.3103092908859253,0.5136752128976746,-0.30000001192092896,-0.30000001192092896,-0.30000001192092896,-0.30000001192092896,-0.30000001192092896,-0.30000001192092896,0.30000001192092896,-0.295850633920929,1.0698410809209289,-0.30000001192092896,-0.299429866525238
1.2999999523162842,0.39363548121701053,-0.30000001192092896,0.3103092908859253,0.5051282038976745,-0.30000001192092896,-0.30000001192092896,-0.30000001192092896,-0.30000001192092896,-0.30000001192092896,-0.30000001192092896,0.30000001192092896,-0.30000001192092896,0.30000001192092896,-0.30000001192092896,-0.299506373525238
1.2999999523162842,0.45149498221701045,-0.30000001192092896,0.3103092908859253,0.5222222208976746,-0.30000001192092896,-0.30000001192092896,-0.30000001192092896,-0.30000001192092896,-0.30000001192092896,-0.30000001192092896,0.30000001192092896,-0.30000001192092896,0.30000001192092896,-0.30000001192092896,-0.278815123525238
1.2999999523162842,0.5132710572170105,-0.30000001192092896,0.3103092908859253,0.5136752128976746,-0.30000001192092896,-0.30000001192092896,-0.30000001192092896,-0.30000001192092896,-0.30000001192092896,-0.30000001192092896,0.30000001192092896,-0.30000001192092896,0.30000001192092896,-0.30000001192092896,-0.29965029552523803
1.2999999523162842,0.4524037702170105,-0.30000001192092896,0.3103092908859253,0.5136752128976746,-0.30000001192092896,-0.30000001192092896,-0.30000001192092896,-0.30000001192092896,-0.30000001192092896,-0.30000001192092896,0.30000001192092896,-0.30000001192092896,0.30000001192092896,-0.30000001192092896,-0.29990088312523805
1.2999999523162842,0.3315089172170105,-0.30000001192092896,0.3103092908859253,0.34273504189767456,-0.30000001192092896,-0.23548388292092895,-0.21919193092092895,-0.30000001192092896,-0.30000001192092896,-0.30000001192092896,0.893582899920929,0.16058090107907103,0.6983733689209289,-0.30000001192092896,-0.24984426752523803
1.2999999523162842,0.3309291102170105,-0.30000001192092896,0.3103092908859253,0.3940170928976746,-0.30000001192092896,-0.21935485092092893,-0.19898991092092894,-0.30000001192092896,-0.30000001192092896,-0.30000001192092896,0.30000001192092896,-0.30000001192092896,0.30000001192092896,-0.30000001192092896,-0.299843447525238
1.2999999523162842,0.4211756952170105,-0.30000001192092896,0.3103092908859253,0.5136752128976746,-0.30000001192092896,-0.30000001192092896,-0.30000001192092896,-0.30000001192092896,-0.30000001192092896,-0.30000001192092896,0.30000001192092896,-0.29170125692092896,0.695747523920929,-0.30000001192092896,-0.299317212525238
1.2999999523162842,0.42180790821701053,-0.30000001192092896,0.3103092908859253,0.5222222208976746,-0.30000001192092896,-0.30000001192092896,-0.30000001192092896,-0.30000001192092896,-0.30000001192092896,-0.30000001192092896,0.30000001192092896,-0.29170125692092896,1.026060097920929,-0.30000001192092896,-0.29870648752523804
1.2999999523162842,0.4524037702170105,-0.30000001192092896,0.3103092908859253,0.3512820498976746,-0.30000001192092896,-0.23548388292092895,-0.21919193092092895,-0.30000001192092896,-0.30000001192092896,-0.30000001192092896,0.30000001192092896,-0.30000001192092896,0.30000001192092896,-0.30000001192092896,-0.29985542252523806
1.2999999523162842,0.3609045732170105,-0.30000001192092896,0.3103092908859253,0.34273504189767456,-0.30000001192092896,-0.14677420592092896,-0.28989900192092893,-0.30000001192092896,-0.30000001192092896,-0.30000001192092896,1.062032097920929,-0.18381743892092894,1.037685921920929,-0.30000001192092896,-0.24804513452523802
1.2999999523162842,0.3606049762170105,-0.30000001192092896,0.6195876418859253,0.5393162378976746,-0.30000001192092896,-0.30000001192092896,-0.30000001192092896,-0.30000001192092896,-0.30000001192092896,-0.30000001192092896,0.30000001192092896,-0.24605810292092894,0.913875549920929,-0.30000001192092896,-0.29513860252523805
1.2999999523162842,0.4224137672170105,-0.30000001192092896,0.3103092908859253,0.5051282038976745,-0.30000001192092896,-0.30000001192092896,-0.30000001192092896,-0.30000001192092896,-0.30000001192092896,-0.30000001192092896,0.30000001192092896,-0.30000001192092896,0.30000001192092896,-0.30000001192092896,-0.299900661325238
1.2999999523162842,0.45149498221701045,-0.30000001192092896,0.3103092908859253,0.5222222208976746,-0.30000001192092896,-0.30000001192092896,-0.30000001192092896,-0.30000001192092896,-0.30000001192092896,-0.30000001192092896,0.30000001192092896,-0.2875518789209289,0.891385137920929,-0.30000001192092896,-0.29884486552523803
1.2999999523162842,0.9058889722170105,-0.30000001192092896,0.3103092908859253,0.3769230758976746,-0.30000001192092896,-0.30000001192092896,-0.30000001192092896,-0.30000001192092896,-0.30000001192092896,-0.30000001192092896,0.30000001192092896,-0.30000001192092896,0.30000001192092896,-0.30000001192092896,-0.29976139652523803
1.2999999523162842,0.3612220432170105,-0.30000001192092896,0.3103092908859253,0.3256410248976746,-0.30000001192092896,-0.25967743092092893,-0.24949496092092896,-0.30000001192092896,-0.30000001192092896,-0.30000001192092896,0.30000001192092896,-0.30000001192092896,0.30000001192092896,-0.30000001192092896,-0.29985364852523805
1.2999999523162842,0.3018397162170105,-0.30000001192092896,0.3103092908859253,0.2999999988976746,-0.30000001192092896,-0.30000001192092896,-0.30000001192092896,-0.30000001192092896,-0.30000001192092896,-0.30000001192092896,0.30000001192092896,-0.30000001192092896,0.30000001192092896,-0.30000001192092896,-0.24739404952523802
1.2999999523162842,0.45149498221701045,-0.30000001192092896,0.3103092908859253,0.5222222208976746,-0.30000001192092896,-0.30000001192092896,-0.30000001192092896,-0.30000001192092896,-0.30000001192092896,-0.30000001192092896,0.30000001192092896,-0.30000001192092896,0.30000001192092896,-0.30000001192092896,-0.29989533952523806
1.2999999523162842,0.3003078022170105,-0.30000001192092896,0.3103092908859253,0.3598290588976746,-0.30000001192092896,-0.15483872192092896,-0.28989900192092893,-0.30000001192092896,-0.30000001192092896,-0.30000001192092896,1.0459893169209291,-0.30000001192092896,0.30000001192092896,-0.30000001192092896,-0.29983989952523804
1.2999999523162842,0.3609097232170105,-0.30000001192092896,0.33092784788592533,0.5393162378976746,-0.30000001192092896,-0.30000001192092896,-0.30000001192092896,-0.30000001192092896,-0.30000001192092896,-0.30000001192092896,0.30000001192092896,-0.24605810292092894,0.765188056920929,-0.30000001192092896,-0.295103342525238
1.2999999523162842,0.5132849922170105,-0.30000001192092896,0.3103092908859253,0.5307692298976746,-0.30000001192092896,-0.30000001192092896,-0.30000001192092896,-0.30000001192092896,-0.30000001192092896,-0.30000001192092896,0.30000001192092896,-0.30000001192092896,0.30000001192092896,-0.30000001192092896,-0.29965251252523806
1.2999999523162842,0.4233225552170105,-0.30000001192092896,0.3103092908859253,0.4965811958976746,-0.30000001192092896,-0.30000001192092896,-0.30000001192092896,-0.30000001192092896,-0.30000001192092896,-0.30000001192092896,0.30000001192092896,-0.30000001192092896,0.30000001192092896,-0.30000001192092896,-0.29909589652523805
1.2999999523162842,0.3036627442170105,-0.30000001192092896,0.3103092908859253,0.3256410248976746,-0.30000001192092896,-0.19516130192092895,-0.28989900192092893,-0.30000001192092896,-0.30000001192092896,-0.30000001192092896,0.9951871779209289,-0.11742739792092896,0.962630361920929,-0.30000001192092896,-0.25154117052523806
1.2999999523162842,0.4823683272170105,-0.30000001192092896,0.3103092908859253,0.5136752128976746,-0.30000001192092896,-0.30000001192092896,-0.30000001192092896,-0.30000001192092896,-0.30000001192092896,-0.30000001192092896,0.30000001192092896,-0.30000001192092896,0.30000001192092896,-0.30000001192092896,-0.29990043962523805
1.2999999523162842,0.4817879152170105,-0.30000001192092896,0.3103092908859253,0.5222222208976746,-0.30000001192092896,-0.30000001192092896,-0.30000001192092896,-0.30000001192092896,-0.30000001192092896,-0.30000001192092896,0.30000001192092896,-0.295850633920929,0.927516626920929,-0.30000001192092896,-0.29940015052523805
1.2999999523162842,0.3312114402170105,-0.30000001192092896,0.33092784788592533,0.5136752128976746,-0.30000001192092896,-0.29193549592092893,-0.28989900192092893,-0.30000001192092896,-0.30000001192092896,-0.30000001192092896,0.4577540229209289,0.679253100079071,1.010245103920929,-0.30000001192092896,-0.21786657852523802
1.2999999523162842,0.3920993262170105,-0.30000001192092896,0.3103092908859253,0.3598290588976746,-0.30000001192092896,-0.25967743092092893,-0.28989900192092893,-0.30000001192092896,-0.30000001192092896,-0.30000001192092896,0.7725935949209289,-0.30000001192092896,0.30000001192092896,-0.30000001192092896,-0.29985387052523804
1.2999999523162842,0.7244343052170106,-0.30000001192092896,0.3103092908859253,0.3683760668976746,-0.30000001192092896,-0.30000001192092896,-0.30000001192092896,-0.30000001192092896,-0.30000001192092896,-0.30000001192092896,0.30000001192092896,-0.30000001192092896,0.30000001192092896,-0.30000001192092896,-0.29990487482523803
1.2999999523162842,0.3030593092170105,-0.30000001192092896,0.3103092908859253,0.4111111098976746,-0.30000001192092896,-0.25161291492092897,-0.23939395092092897,-0.30000001192092896,-0.30000001192092896,-0.30000001192092896,0.30000001192092896,-0.30000001192092896,0.30000001192092896,-0.30000001192092896,-0.29983856852523805
1.2999999523162842,0.5132925652170105,-0.30000001192092896,0.3103092908859253,0.5222222208976746,-0.30000001192092896,-0.30000001192092896,-0.30000001192092896,-0.30000001192092896,-0.30000001192092896,-0.30000001192092896,0.30000001192092896,-0.30000001192092896,0.30000001192092896,-0.30000001192092896,-0.29990088312523805
1.2999999523162842,0.3309257782170105,-0.30000001192092896,0.48556702288592535,0.5307692298976746,-0.30000001192092896,-0.30000001192092896,-0.30000001192092896,0.699999988079071,-0.30000001192092896,-0.30000001192092896,0.5393048249209289,-0.24605810292092894,0.979299344920929,-0.30000001192092896,-0.23189972852523805
1.2999999523162842,0.3021420392170105,-0.30000001192092896,0.3103092908859253,0.3598290588976746,-0.30000001192092896,-0.29193549592092893,-0.28989900192092893,-0.30000001192092896,-0.30000001192092896,-0.30000001192092896,0.4610962689209289,0.699999988079071,0.891385137920929,-0.30000001192092896,-0.26900959252523804
1.2999999523162842,0.4521008412170105,-0.30000001192092896,0.3103092908859253,0.5136752128976746,-0.30000001192092896,-0.30000001192092896,-0.30000001192092896,-0.30000001192092896,-0.30000001192092896,-0.30000001192092896,0.30000001192092896,-0.30000001192092896,0.30000001192092896,-0.30000001192092896,-0.299629227525238
1.2999999523162842,0.4820908442170105,-0.30000001192092896,0.3103092908859253,0.5136752128976746,-0.30000001192092896,-0.30000001192092896,-0.30000001192092896,-0.30000001192092896,-0.30000001192092896,-0.30000001192092896,0.30000001192092896,-0.30000001192092896,0.30000001192092896,-0.30000001192092896,-0.299900217825238
1.2999999523162842,0.3921208342170105,-0.30000001192092896,0.3103092908859253,0.5136752128976746,-0.30000001192092896,-0.30000001192092896,-0.30000001192092896,-0.30000001192092896,-0.30000001192092896,-0.30000001192092896,0.30000001192092896,-0.29170125692092896,0.860955634920929,-0.30000001192092896,-0.29892824652523803
1.2999999523162842,0.5120808482170105,-0.30000001192092896,0.3103092908859253,0.5136752128976746,-0.30000001192092896,-0.30000001192092896,-0.30000001192092896,-0.30000001192092896,-0.30000001192092896,-0.30000001192092896,0.30000001192092896,-0.29170125692092896,0.7509791739209289,-0.30000001192092896,-0.299572901525238
1.2999999523162842,0.5123786272170106,-0.30000001192092896,0.3103092908859253,0.5222222208976746,-0.30000001192092896,-0.30000001192092896,-0.30000001192092896,-0.30000001192092896,-0.30000001192092896,-0.30000001192092896,0.30000001192092896,-0.30000001192092896,0.30000001192092896,-0.30000001192092896,-0.299901104925238
1.2999999523162842,0.3324361842170105,-0.30000001192092896,0.3103092908859253,0.2999999988976746,-0.30000001192092896,-0.30000001192092896,-0.30000001192092896,-0.30000001192092896,-0.30000001192092896,-0.30000001192092896,0.30066846092092897,-0.30000001192092896,0.30000001192092896,-0.30000001192092896,-0.299870945525238
1.2999999523162842,0.3003320372170105,-0.30000001192092896,0.3103092908859253,0.3256410248976746,-0.30000001192092896,-0.09032259292092895,-0.28989900192092893,-0.30000001192092896,-0.30000001192092896,-0.30000001192092896,1.099465252920929,-0.30000001192092896,0.30000001192092896,-0.30000001192092896,-0.29983923452523803
1.2999999523162842,0.42150497921701047,-0.30000001192092896,0.3103092908859253,0.5051282038976745,-0.30000001192092896,-0.30000001192092896,-0.30000001192092896,-0.30000001192092896,-0.30000001192092896,-0.30000001192092896,0.30000001192092896,-0.30000001192092896,0.30000001192092896,-0.30000001192092896,-0.29932563952523805
1.2999999523162842,0.3318378982170105,-0.30000001192092896,0.3103092908859253,0.38547008389767456,-0.30000001192092896,-0.27580646392092895,-0.28989900192092893,-0.30000001192092896,-0.30000001192092896,-0.30000001192092896,0.6622994769209289,0.06929459407907107,0.737751744920929,-0.30000001192092896,-0.25544546452523803
1.2999999523162842,0.4829890302170105,-0.30000001192092896,0.3103092908859253,0.5051282038976745,-0.30000001192092896,-0.30000001192092896,-0.30000001192092896,-0.30000001192092896,-0.30000001192092896,-0.30000001192092896,0.30000001192092896,-0.30000001192092896,0.30000001192092896,-0.30000001192092896,-0.299901104925238
1.2999999523162842,0.5438884272170105,-0.30000001192092896,0.3103092908859253,0.5222222208976746,-0.30000001192092896,-0.30000001192092896,-0.30000001192092896,-0.30000001192092896,-0.30000001192092896,-0.30000001192092896,0.30000001192092896,-0.30000001192092896,0.30000001192092896,-0.30000001192092896,-0.29918482252523804
1.2999999523162842,0.3021508242170105,-0.30000001192092896,0.3103092908859253,0.2999999988976746,-0.30000001192092896,-0.30000001192092896,-0.30000001192092896,-0.30000001192092896,-0.30000001192092896,-0.30000001192092896,0.30000001192092896,-0.295850633920929,0.7381502899209289,-0.30000001192092896,-0.29323989952523805
1.2999999523162842,0.4530096292170105,-0.30000001192092896,0.3103092908859253,0.5222222208976746,-0.30000001192092896,-0.30000001192092896,-0.30000001192092896,-0.30000001192092896,-0.30000001192092896,-0.30000001192092896,0.30000001192092896,-0.295850633920929,0.7509791739209289,-0.30000001192092896,-0.299467787525238
1.2999999523162842,0.4524037702170105,-0.30000001192092896,0.3103092908859253,0.5222222208976746,-0.30000001192092896,-0.30000001192092896,-0.30000001192092896,-0.30000001192092896,-0.30000001192092896,-0.30000001192092896,0.30000001192092896,-0.30000001192092896,0.30000001192092896,-0.30000001192092896,-0.299900217825238
1.2999999523162842,0.3351498252170105,-0.30000001192092896,0.3103092908859253,0.3170940158976746,-0.30000001192092896,-0.09032259292092895,-0.03737374892092893,-0.30000001192092896,-0.30000001192092896,-0.30000001192092896,0.30000001192092896,-0.30000001192092896,0.30000001192092896,-0.30000001192092896,-0.29983989952523804
1.2999999523162842,0.4530020562170105,-0.30000001192092896,0.3103092908859253,0.5136752128976746,-0.30000001192092896,-0.30000001192092896,-0.30000001192092896,-0.30000001192092896,-0.30000001192092896,-0.30000001192092896,0.30000001192092896,-0.30000001192092896,0.30000001192092896,-0.30000001192092896,-0.29127710752523805
1.2999999523162842,0.4530096292170105,-0.30000001192092896,0.3103092908859253,0.5051282038976745,-0.30000001192092896,-0.30000001192092896,-0.30000001192092896,-0.30000001192092896,-0.30000001192092896,-0.30000001192092896,0.30000001192092896,-0.29170125692092896,0.981370357920929,-0.30000001192092896,-0.299468008525238
1.2999999523162842,0.4530096292170105,-0.30000001192092896,0.3103092908859253,0.5222222208976746,-0.30000001192092896,-0.30000001192092896,-0.30000001192092896,-0.30000001192092896,-0.30000001192092896,-0.30000001192092896,0.30000001192092896,-0.295850633920929,0.973676295920929,-0.30000001192092896,-0.29918504452523803
1.2999999523162842,0.3006161842170105,-0.30000001192092896,0.3103092908859253,0.5307692298976746,-0.30000001192092896,-0.27580646392092895,-0.28989900192092893,-0.30000001192092896,-0.30000001192092896,-0.30000001192092896,0.6475935949209289,0.44273857707907105,1.119382977920929,-0.30000001192092896,-0.25741047352523805
1.2999999523162842,0.4227045792170105,-0.30000001192092896,0.3103092908859253,0.4111111098976746,-0.30000001192092896,-0.28387097992092897,-0.28989900192092893,-0.30000001192092896,-0.30000001192092896,-0.30000001192092896,0.575401081920929,-0.30000001192092896,0.30000001192092896,-0.30000001192092896,-0.28496517352523804
1.2999999523162842,0.3609191142170105,-0.30000001192092896,0.3103092908859253,0.38547008389767456,-0.30000001192092896,-0.29193549592092893,-0.28989900192092893,-0.30000001192092896,-0.30000001192092896,-0.30000001192092896,0.4610962689209289,0.13153525807907107,0.927516626920929,-0.30000001192092896,-0.255125687525238
1.2999999523162842,0.5435567192170105,-0.30000001192092896,0.3103092908859253,0.5222222208976746,-0.30000001192092896,-0.30000001192092896,-0.30000001192092896,-0.30000001192092896,-0.30000001192092896,-0.30000001192092896,0.30000001192092896,-0.30000001192092896,0.30000001192092896,-0.30000001192092896,-0.299113637525238
1.2999999523162842,0.36061618421701047,-0.30000001192092896,0.3103092908859253,0.3598290588976746,-0.30000001192092896,-0.25967743092092893,-0.28989900192092893,-0.30000001192092896,-0.30000001192092896,-0.30000001192092896,0.7812834339209289,0.01535268507907106,0.891385137920929,-0.30000001192092896,-0.25686073152523803
1.2999999523162842,0.5726667132170105,-0.30000001192092896,0.3103092908859253,0.5136752128976746,-0.30000001192092896,-0.30000001192092896,-0.30000001192092896,-0.30000001192092896,-0.30000001192092896,-0.30000001192092896,0.30000001192092896,-0.30000001192092896,0.30000001192092896,-0.30000001192092896,-0.299900661325238
1.2999999523162842,0.4530096292170105,-0.30000001192092896,0.3103092908859253,0.5222222208976746,-0.30000001192092896,-0.30000001192092896,-0.30000001192092896,-0.30000001192092896,-0.30000001192092896,-0.30000001192092896,0.30000001192092896,-0.27510374592092895,0.9164036419209289,-0.30000001192092896,-0.299328078525238
1.2999999523162842,0.3303196162170105,-0.30000001192092896,0.3927835178859253,0.5393162378976746,-0.30000001192092896,-0.30000001192092896,-0.30000001192092896,-0.30000001192092896,-0.30000001192092896,-0.30000001192092896,0.30000001192092896,-0.24605810292092894,0.7381502899209289,-0.30000001192092896,-0.289577101525238
1.2999999523162842,0.4833025622170105,-0.30000001192092896,0.3103092908859253,0.5222222208976746,-0.30000001192092896,-0.30000001192092896,-0.30000001192092896,-0.30000001192092896,-0.30000001192092896,-0.30000001192092896,0.30000001192092896,-0.29170125692092896,0.861431282920929,-0.30000001192092896,-0.29911008952523804
1.2999999523162842,0.4817879152170105,-0.30000001192092896,0.3103092908859253,0.5222222208976746,-0.30000001192092896,-0.30000001192092896,-0.30000001192092896,-0.30000001192092896,-0.30000001192092896,-0.30000001192092896,0.30000001192092896,-0.30000001192092896,0.30000001192092896,-0.30000001192092896,-0.299900661325238
1.2999999523162842,0.39242376421701053,-0.30000001192092896,0.3103092908859253,0.5222222208976746,-0.30000001192092896,-0.30000001192092896,-0.30000001192092896,-0.30000001192092896,-0.30000001192092896,-0.30000001192092896,0.30000001192092896,-0.30000001192092896,0.30000001192092896,-0.30000001192092896,-0.29953631052523805
1.2999999523162842,0.4539184172170105,-0.30000001192092896,0.3103092908859253,0.5307692298976746,-0.30000001192092896,-0.30000001192092896,-0.30000001192092896,-0.30000001192092896,-0.30000001192092896,-0.30000001192092896,0.30000001192092896,-0.29170125692092896,1.054287704920929,-0.30000001192092896,-0.298966167525238
1.2999999523162842,0.30427133021701047,-0.30000001192092896,0.3103092908859253,0.3256410248976746,-0.30000001192092896,-0.13870968892092894,-0.28989900192092893,-0.30000001192092896,-0.30000001192092896,-0.30000001192092896,1.062032097920929,-0.18796681692092895,0.8542434229209289,-0.30000001192092896,-0.251741196525238
1.2999999523162842,0.3909091172170105,-0.30000001192092896,0.3103092908859253,0.3769230758976746,-0.30000001192092896,-0.30000001192092896,-0.30000001192092896,-0.30000001192092896,-0.30000001192092896,-0.30000001192092896,0.30000001192092896,-0.30000001192092896,0.30000001192092896,-0.30000001192092896,-0.29965406552523804
1.2999999523162842,0.4527067002170105,-0.30000001192092896,0.3103092908859253,0.5222222208976746,-0.30000001192092896,-0.30000001192092896,-0.30000001192092896,-0.30000001192092896,-0.30000001192092896,-0.30000001192092896,0.30000001192092896,-0.30000001192092896,0.30000001192092896,-0.30000001192092896,-0.29990043962523805
1.2999999523162842,0.3908921532170105,-0.30000001192092896,0.3103092908859253,0.3598290588976746,-0.30000001192092896,-0.21129033492092897,-0.18888890092092897,-0.30000001192092896,-0.30000001192092896,-0.30000001192092896,0.30000001192092896,-0.30000001192092896,0.30000001192092896,-0.30000001192092896,-0.291079076525238
1.2999999523162842,0.3612075022170105,-0.30000001192092896,0.3103092908859253,0.4025641018976746,-0.30000001192092896,-0.29193549592092893,-0.28989900192092893,-0.30000001192092896,-0.30000001192092896,-0.30000001192092896,0.460427818920929,0.13568463507907103,1.037685921920929,-0.30000001192092896,-0.25428699352523804
1.2999999523162842,0.9361588822170105,-0.30000001192092896,0.3103092908859253,0.3769230758976746,-0.30000001192092896,-0.30000001192092896,-0.30000001192092896,-0.30000001192092896,-0.30000001192092896,-0.30000001192092896,0.30000001192092896,-0.30000001192092896,0.30000001192092896,-0.30000001192092896,-0.29951080852523804
1.2999999523162842,0.48206873021701047,-0.30000001192092896,0.3103092908859253,0.5307692298976746,-0.30000001192092896,-0.30000001192092896,-0.30000001192092896,-0.30000001192092896,-0.30000001192092896,-0.30000001192092896,0.30000001192092896,-0.295850633920929,0.911283526920929,-0.30000001192092896,-0.298992557525238
1.2999999523162842,0.3009130552170105,-0.30000001192092896,0.3103092908859253,0.33418803289767457,-0.30000001192092896,-0.11451614092092896,-0.06767677992092896,-0.30000001192092896,-0.30000001192092896,-0.30000001192092896,0.30000001192092896,-0.30000001192092896,0.30000001192092896,-0.30000001192092896,-0.29983701652523803
1.2999999523162842,0.5423737802170105,-0.30000001192092896,0.3103092908859253,0.5051282038976745,-0.30000001192092896,-0.30000001192092896,-0.30000001192092896,-0.30000001192092896,-0.30000001192092896,-0.30000001192092896,0.30000001192092896,-0.283402501920929,0.828261539920929,-0.30000001192092896,-0.299179056525238
1.2999999523162842,0.3327233612170105,-0.30000001192092896,0.4752577448859253,0.5393162378976746,-0.30000001192092896,-0.30000001192092896,-0.30000001192092896,0.699999988079071,-0.30000001192092896,-0.30000001192092896,0.30000001192092896,-0.24605810292092894,0.909611701920929,-0.30000001192092896,-0.263803128525238
1.2999999523162842,0.6032625752170104,-0.30000001192092896,0.3103092908859253,0.5222222208976746,-0.30000001192092896,-0.30000001192092896,-0.30000001192092896,-0.30000001192092896,-0.30000001192092896,-0.30000001192092896,0.30000001192092896,-0.30000001192092896,0.30000001192092896,-0.30000001192092896,-0.29990132662523805
1.2999999523162842,0.3606025522170105,-0.30000001192092896,0.3103092908859253,0.3170940158976746,-0.30000001192092896,0.11129031107907106,-0.28989900192092893,-0.30000001192092896,-0.30000001192092896,-0.30000001192092896,1.151604289920929,-0.30000001192092896,0.30000001192092896,-0.30000001192092896,-0.299844999525238
1.2999999523162842,0.4521008412170105,-0.30000001192092896,0.3103092908859253,0.5136752128976746,-0.30000001192092896,-0.30000001192092896,-0.30000001192092896,-0.30000001192092896,-0.30000001192092896,-0.30000001192092896,0.30000001192092896,-0.30000001192092896,0.30000001192092896,-0.30000001192092896,-0.299041787525238
0.2999999523162842,0.3042501242170105,-0.18688054892092895,0.3000000128859253,0.3512820498976746,0.699999988079071,-0.30000001192092896,-0.30000001192092896,0.699999988079071,-0.22929294092092894,-0.17551868392092895,0.30000001192092896,-0.30000001192092896,0.30000001192092896,-0.16666667892092896,-0.29878432552523804
1.2999999523162842,0.4517979122170105,-0.30000001192092896,0.3103092908859253,0.3769230758976746,-0.30000001192092896,-0.30000001192092896,-0.30000001192092896,-0.30000001192092896,-0.30000001192092896,-0.30000001192092896,0.30000001192092896,-0.30000001192092896,0.30000001192092896,-0.30000001192092896,-0.299721701525238
1.2999999523162842,0.3030308342170105,-0.30000001192092896,0.3103092908859253,0.3256410248976746,-0.30000001192092896,-0.13870968892092894,-0.28989900192092893,-0.30000001192092896,-0.30000001192092896,-0.30000001192092896,1.062032097920929,-0.30000001192092896,0.30000001192092896,-0.30000001192092896,-0.29983879052523804
1.2999999523162842,0.3006286042170105,-0.30000001192092896,0.3103092908859253,0.34273504189767456,-0.30000001192092896,-0.09838710892092895,-0.04747475892092895,-0.30000001192092896,-0.30000001192092896,-0.30000001192092896,0.30000001192092896,-0.30000001192092896,0.30000001192092896,-0.30000001192092896,-0.29847075752523805
1.2999999523162842,0.3000263811170105,-0.30000001192092896,0.4134020748859253,0.2999999988976746,-0.30000001192092896,-0.10645162492092897,-0.28989900192092893,-0.30000001192092896,-0.30000001192092896,-0.30000001192092896,1.086096268920929,-0.09668050992092894,0.7354971079209289,-0.30000001192092896,-0.24902353652523804
1.2999999523162842,0.5423662072170106,-0.30000001192092896,0.3103092908859253,0.5222222208976746,-0.30000001192092896,-0.30000001192092896,-0.30000001192092896,-0.30000001192092896,-0.30000001192092896,-0.30000001192092896,0.30000001192092896,-0.30000001192092896,0.30000001192092896,-0.30000001192092896,-0.29990088312523805
1.2999999523162842,0.45149498221701045,-0.30000001192092896,0.3103092908859253,0.3769230758976746,-0.30000001192092896,-0.28387097992092897,-0.27979799192092897,-0.30000001192092896,-0.30000001192092896,-0.30000001192092896,0.30000001192092896,-0.30000001192092896,0.30000001192092896,-0.30000001192092896,-0.29986229652523805
1.2999999523162842,0.3021484012170105,-0.30000001192092896,0.3103092908859253,0.3512820498976746,-0.30000001192092896,-0.18709678592092896,-0.28989900192092893,-0.30000001192092896,-0.30000001192092896,-0.30000001192092896,1.011229958920929,-0.15477179592092896,0.908976793920929,-0.30000001192092896,-0.25192592252523804
1.2999999523162842,0.48206146021701046,-0.30000001192092896,0.3103092908859253,0.5051282038976745,-0.30000001192092896,-0.30000001192092896,-0.30000001192092896,-0.30000001192092896,-0.30000001192092896,-0.30000001192092896,0.30000001192092896,-0.30000001192092896,0.30000001192092896,-0.30000001192092896,-0.299507038525238
1.2999999523162842,0.3006064912170105,-0.30000001192092896,0.3103092908859253,0.34273504189767456,-0.30000001192092896,-0.025806463920928946,-0.28989900192092893,-0.30000001192092896,-0.30000001192092896,-0.30000001192092896,1.1409091029209288,-0.21701245992092894,0.831649561920929,-0.30000001192092896,-0.25952583452523803
1.2999999523162842,0.4212020502170105,-0.30000001192092896,0.3103092908859253,0.5307692298976746,-0.30000001192092896,-0.30000001192092896,-0.30000001192092896,-0.30000001192092896,-0.30000001192092896,-0.30000001192092896,0.30000001192092896,-0.30000001192092896,0.30000001192092896,-0.30000001192092896,-0.29990132662523805
1.2999999523162842,0.39331104421701046,-0.30000001192092896,0.3103092908859253,0.5136752128976746,-0.30000001192092896,-0.30000001192092896,-0.30000001192092896,-0.30000001192092896,-0.30000001192092896,-0.30000001192092896,0.30000001192092896,-0.295850633920929,1.044382434920929,-0.30000001192092896,-0.29893112952523804
1.2999999523162842,0.3012368862170105,-0.30000001192092896,0.3103092908859253,0.3085470078976746,-0.30000001192092896,-0.27580646392092895,-0.26969698192092895,-0.30000001192092896,-0.30000001192092896,-0.30000001192092896,0.30000001192092896,-0.30000001192092896,0.30000001192092896,-0.30000001192092896,-0.29983923452523803
1.2999999523162842,0.3009357752170105,-0.30000001192092896,0.4134020748859253,0.4367521358976746,-0.30000001192092896,-0.26774194692092895,-0.28989900192092893,-0.30000001192092896,-0.30000001192092896,-0.30000001192092896,0.7278074989209289,0.363900403079071,0.979299344920929,-0.30000001192092896,-0.25654028952523805
1.2999999523162842,0.4514937712170105,-0.30000001192092896,0.3103092908859253,0.33418803289767457,-0.30000001192092896,-0.21935485092092893,-0.19898991092092894,-0.30000001192092896,-0.30000001192092896,-0.30000001192092896,0.30000001192092896,-0.30000001192092896,0.30000001192092896,-0.30000001192092896,-0.299836129525238
1.2999999523162842,0.3606049762170105,-0.30000001192092896,0.33092784788592533,0.5307692298976746,-0.30000001192092896,-0.28387097992092897,-0.28989900192092893,-0.30000001192092896,-0.30000001192092896,-0.30000001192092896,0.509224610920929,0.355601648079071,0.913875549920929,-0.30000001192092896,-0.274852284525238
1.2999999523162842,0.3309269902170105,-0.30000001192092896,0.3103092908859253,0.34273504189767456,-0.30000001192092896,-0.24354839892092894,-0.22929294092092894,-0.30000001192092896,-0.30000001192092896,-0.30000001192092896,0.861497337920929,0.19792529907907103,1.077346022920929,-0.30000001192092896,-0.24148283452523803
1.2999999523162842,0.3012368862170105,-0.30000001192092896,0.4340206318859253,0.5136752128976746,-0.30000001192092896,-0.30000001192092896,-0.30000001192092896,-0.30000001192092896,-0.30000001192092896,-0.30000001192092896,0.30000001192092896,-0.24605810292092894,0.708840948920929,-0.30000001192092896,-0.24379245652523804
1.2999999523162842,0.42180790821701053,-0.30000001192092896,0.3103092908859253,0.44529914389767455,-0.30000001192092896,-0.27580646392092895,-0.28989900192092893,-0.30000001192092896,-0.30000001192092896,-0.30000001192092896,0.6629679259209289,-0.30000001192092896,0.30000001192092896,-0.30000001192092896,-0.264010472525238
1.2999999523162842,0.3924128582170105,-0.30000001192092896,0.3103092908859253,0.3085470078976746,-0.30000001192092896,-0.009677430920928931,-0.28989900192092893,-0.30000001192092896,-0.30000001192092896,-0.30000001192092896,1.142246000920929,-0.24190872592092896,0.9188818659209289,-0.30000001192092896,-0.253854562525238
1.2999999523162842,0.7241231972170106,-0.30000001192092896,0.3103092908859253,0.3769230758976746,-0.30000001192092896,-0.30000001192092896,-0.30000001192092896,-0.30000001192092896,-0.30000001192092896,-0.30000001192092896,0.30000001192092896,-0.30000001192092896,0.30000001192092896,-0.30000001192092896,-0.29990465302523805
1.2999999523162842,0.5123837772170106,-0.30000001192092896,0.3103092908859253,0.5222222208976746,-0.30000001192092896,-0.30000001192092896,-0.30000001192092896,-0.30000001192092896,-0.30000001192092896,-0.30000001192092896,0.30000001192092896,-0.29170125692092896,0.9026445069209289,-0.30000001192092896,-0.299149340525238
1.2999999523162842,0.33271881721701047,-0.30000001192092896,0.3103092908859253,0.3683760668976746,-0.30000001192092896,-0.22741936692092896,-0.20909092092092896,-0.30000001192092896,-0.30000001192092896,-0.30000001192092896,0.30000001192092896,-0.30000001192092896,0.30000001192092896,-0.30000001192092896,-0.28404620252523805
1.2999999523162842,0.4236254842170105,-0.30000001192092896,0.3103092908859253,0.5051282038976745,-0.30000001192092896,-0.30000001192092896,-0.30000001192092896,-0.30000001192092896,-0.30000001192092896,-0.30000001192092896,0.30000001192092896,-0.30000001192092896,0.30000001192092896,-0.30000001192092896,-0.299870723525238
1.2999999523162842,0.3633258872170105,-0.30000001192092896,0.3103092908859253,0.3085470078976746,-0.30000001192092896,-0.15483872192092896,-0.11818182992092896,-0.30000001192092896,-0.30000001192092896,-0.30000001192092896,0.30000001192092896,-0.30000001192092896,0.30000001192092896,-0.30000001192092896,-0.299847217525238
1.2999999523162842,0.4536154882170105,-0.30000001192092896,0.3103092908859253,0.3170940158976746,-0.30000001192092896,-0.025806463920928946,0.04343433107907102,-0.30000001192092896,-0.30000001192092896,-0.30000001192092896,0.30000001192092896,-0.30000001192092896,0.30000001192092896,-0.30000001192092896,-0.29985475752523805
1.2999999523162842,0.3036572922170105,-0.30000001192092896,0.3103092908859253,0.3170940158976746,-0.30000001192092896,0.15967740707907102,-0.28989900192092893,-0.30000001192092896,-0.30000001192092896,-0.30000001192092896,1.1763369099209289,-0.26265561392092895,0.7782413209209289,-0.30000001192092896,-0.24508730952523802
1.2999999523162842,0.3042561832170105,-0.30000001192092896,0.3103092908859253,0.3256410248976746,-0.30000001192092896,0.09516127807907104,0.19494948307907106,-0.30000001192092896,-0.30000001192092896,-0.30000001192092896,0.30000001192092896,-0.30000001192092896,0.30000001192092896,-0.30000001192092896,-0.29983967752523805
1.2999999523162842,0.5426491432170105,-0.30000001192092896,0.3103092908859253,0.5136752128976746,-0.30000001192092896,-0.30000001192092896,-0.30000001192092896,-0.30000001192092896,-0.30000001192092896,-0.30000001192092896,0.30000001192092896,-0.30000001192092896,0.30000001192092896,-0.30000001192092896,-0.299900217825238
1.2999999523162842,0.3315349692170105,-0.30000001192092896,0.3103092908859253,0.34273504189767456,-0.30000001192092896,-0.18709678592092896,-0.15858587092092896,-0.30000001192092896,-0.30000001192092896,-0.30000001192092896,0.30000001192092896,-0.30000001192092896,0.30000001192092896,-0.30000001192092896,-0.299843447525238
1.2999999523162842,0.3054566922170105,-0.30000001192092896,0.3103092908859253,0.3512820498976746,-0.30000001192092896,-0.21935485092092893,-0.19898991092092894,-0.30000001192092896,-0.30000001192092896,-0.30000001192092896,0.30000001192092896,-0.30000001192092896,0.30000001192092896,-0.30000001192092896,-0.291634140525238
1.2999999523162842,0.3021259842170105,-0.30000001192092896,0.3103092908859253,0.33418803289767457,-0.30000001192092896,-0.09032259292092895,-0.28989900192092893,-0.30000001192092896,-0.30000001192092896,-0.30000001192092896,1.099465252920929,-0.30000001192092896,0.30000001192092896,-0.30000001192092896,-0.29983590752523803
1.2999999523162842,0.3612220432170105,-0.30000001192092896,0.3103092908859253,0.3598290588976746,-0.30000001192092896,-0.24354839892092894,-0.28989900192092893,-0.30000001192092896,-0.30000001192092896,-0.30000001192092896,0.861497337920929,-0.04688797892092894,1.112000005920929,-0.30000001192092896,-0.255200863525238
1.2999999523162842,0.3015413302170105,-0.30000001192092896,0.3103092908859253,0.3170940158976746,-0.30000001192092896,-0.025806463920928946,-0.28989900192092893,-0.30000001192092896,-0.30000001192092896,-0.30000001192092896,1.1409091029209288,-0.22946059292092896,0.7381502899209289,-0.30000001192092896,-0.26009775252523804
1.2999999523162842,0.30182305521701047,-0.30000001192092896,0.3103092908859253,0.34273504189767456,-0.30000001192092896,-0.14677420592092896,-0.28989900192092893,-0.30000001192092896,-0.30000001192092896,-0.30000001192092896,1.062032097920929,-0.30000001192092896,0.30000001192092896,-0.30000001192092896,-0.252498948525238
1.2999999523162842,0.3327321462170105,-0.30000001192092896,0.4134020748859253,0.5393162378976746,-0.30000001192092896,-0.30000001192092896,-0.30000001192092896,0.699999988079071,-0.30000001192092896,-0.30000001192092896,0.43569519892092895,-0.24605810292092894,1.019762921920929,-0.30000001192092896,-0.23290407552523804
1.2999999523162842,0.5120808482170105,-0.30000001192092896,0.3103092908859253,0.5136752128976746,-0.30000001192092896,-0.30000001192092896,-0.30000001192092896,-0.30000001192092896,-0.30000001192092896,-0.30000001192092896,0.30000001192092896,-0.30000001192092896,0.30000001192092896,-0.30000001192092896,-0.29990088312523805
1.2999999523162842,0.39333255221701047,-0.30000001192092896,0.3103092908859253,0.3256410248976746,-0.30000001192092896,-0.25161291492092897,-0.23939395092092897,-0.30000001192092896,-0.30000001192092896,-0.30000001192092896,0.30000001192092896,-0.30000001192092896,0.30000001192092896,-0.30000001192092896,-0.299741659525238
1.2999999523162842,0.42150497921701047,-0.30000001192092896,0.3103092908859253,0.3683760668976746,-0.30000001192092896,-0.30000001192092896,-0.30000001192092896,-0.30000001192092896,-0.30000001192092896,-0.30000001192092896,0.30000001192092896,-0.30000001192092896,0.30000001192092896,-0.30000001192092896,-0.29990487482523803
1.2999999523162842,0.7847172412170105,-0.30000001192092896,0.3103092908859253,0.3769230758976746,-0.30000001192092896,-0.30000001192092896,-0.30000001192092896,-0.30000001192092896,-0.30000001192092896,-0.30000001192092896,0.30000001192092896,-0.30000001192092896,0.30000001192092896,-0.30000001192092896,-0.29990465302523805
1.2999999523162842,0.5120808482170105,-0.30000001192092896,0.3103092908859253,0.5307692298976746,-0.30000001192092896,-0.30000001192092896,-0.30000001192092896,-0.30000001192092896,-0.30000001192092896,-0.30000001192092896,0.30000001192092896,-0.30000001192092896,0.30000001192092896,-0.30000001192092896,-0.299901104925238
1.2999999523162842,0.4521008412170105,-0.30000001192092896,0.3103092908859253,0.5393162378976746,-0.30000001192092896,-0.30000001192092896,-0.30000001192092896,-0.30000001192092896,-0.30000001192092896,-0.30000001192092896,0.30000001192092896,-0.295850633920929,0.7382474989209289,-0.30000001192092896,-0.299028482525238
1.2999999523162842,0.5135954942170105,-0.30000001192092896,0.3103092908859253,0.5136752128976746,-0.30000001192092896,-0.30000001192092896,-0.30000001192092896,-0.30000001192092896,-0.30000001192092896,-0.30000001192092896,0.30000001192092896,-0.30000001192092896,0.30000001192092896,-0.30000001192092896,-0.29990088312523805
1.2999999523162842,0.8456060362170105,-0.30000001192092896,0.3103092908859253,0.3769230758976746,-0.30000001192092896,-0.30000001192092896,-0.30000001192092896,-0.30000001192092896,-0.30000001192092896,-0.30000001192092896,0.30000001192092896,-0.30000001192092896,0.30000001192092896,-0.30000001192092896,-0.29968976852523804
1.2999999523162842,0.3908951822170105,-0.30000001192092896,0.3103092908859253,0.3598290588976746,-0.30000001192092896,-0.25967743092092893,-0.24949496092092896,-0.30000001192092896,-0.30000001192092896,-0.30000001192092896,0.30000001192092896,-0.30000001192092896,0.30000001192092896,-0.30000001192092896,-0.29985387052523804
1.2999999523162842,0.3321402222170105,-0.30000001192092896,0.49587630188592535,0.5222222208976746,-0.30000001192092896,-0.11451614092092896,-0.28989900192092893,-0.30000001192092896,-0.30000001192092896,-0.30000001192092896,0.460427818920929,0.695850610079071,0.927652313920929,-0.30000001192092896,-0.22195382452523804
1.2999999523162842,0.4826967032170105,-0.30000001192092896,0.3103092908859253,0.5136752128976746,-0.30000001192092896,-0.30000001192092896,-0.30000001192092896,-0.30000001192092896,-0.30000001192092896,-0.30000001192092896,0.30000001192092896,-0.30000001192092896,0.30000001192092896,-0.30000001192092896,-0.29990043962523805
1.2999999523162842,0.7241313762170105,-0.30000001192092896,0.3103092908859253,0.3769230758976746,-0.30000001192092896,-0.30000001192092896,-0.30000001192092896,-0.30000001192092896,-0.30000001192092896,-0.30000001192092896,0.30000001192092896,-0.30000001192092896,0.30000001192092896,-0.30000001192092896,-0.29972569352523803
1.2999999523162842,0.4817788272170105,-0.30000001192092896,0.3103092908859253,0.5136752128976746,-0.30000001192092896,-0.30000001192092896,-0.30000001192092896,-0.30000001192092896,-0.30000001192092896,-0.30000001192092896,0.30000001192092896,-0.295850633920929,0.9734403289209289,-0.30000001192092896,-0.29939992852523806
1.2999999523162842,0.3615155812170105,-0.30000001192092896,0.3103092908859253,0.3940170928976746,-0.30000001192092896,-0.25967743092092893,-0.28989900192092893,-0.30000001192092896,-0.30000001192092896,-0.30000001192092896,0.7812834339209289,-0.30000001192092896,0.30000001192092896,-0.30000001192092896,-0.26513678852523803
1.2999999523162842,0.3918179052170105,-0.30000001192092896,0.3103092908859253,0.3256410248976746,-0.30000001192092896,-0.21935485092092893,-0.19898991092092894,-0.30000001192092896,-0.30000001192092896,-0.30000001192092896,0.30000001192092896,-0.30000001192092896,0.30000001192092896,-0.30000001192092896,-0.299855200525238
1.2999999523162842,0.3033413362170105,-0.30000001192092896,0.3103092908859253,0.33418803289767457,-0.30000001192092896,-0.20322581792092898,-0.28989900192092893,-0.30000001192092896,-0.30000001192092896,-0.30000001192092896,0.981818193920929,-0.30000001192092896,0.30000001192092896,-0.30000001192092896,-0.29983945552523805
1.2999999523162842,0.3309291102170105,-0.30000001192092896,0.3103092908859253,0.3769230758976746,-0.30000001192092896,-0.30000001192092896,-0.30000001192092896,-0.30000001192092896,-0.30000001192092896,-0.30000001192092896,0.30000001192092896,-0.29170125692092896,0.990216424920929,-0.30000001192092896,-0.29820065452523803
1.2999999523162842,0.3345348782170105,-0.30000001192092896,0.3103092908859253,0.3598290588976746,-0.30000001192092896,-0.21935485092092893,-0.19898991092092894,-0.30000001192092896,-0.30000001192092896,-0.30000001192092896,0.30000001192092896,-0.30000001192092896,0.30000001192092896,-0.30000001192092896,-0.299844334525238
1.2999999523162842,0.3909091172170105,-0.30000001192092896,0.3103092908859253,0.3769230758976746,-0.30000001192092896,-0.30000001192092896,-0.30000001192092896,-0.30000001192092896,-0.30000001192092896,-0.30000001192092896,0.30000001192092896,-0.30000001192092896,0.30000001192092896,-0.30000001192092896,-0.29965406552523804
1.2999999523162842,0.3605861942170105,-0.30000001192092896,0.3103092908859253,0.3769230758976746,-0.30000001192092896,-0.27580646392092895,-0.28989900192092893,-0.30000001192092896,-0.30000001192092896,-0.30000001192092896,0.596791455920929,-0.30000001192092896,0.30000001192092896,-0.30000001192092896,-0.299856087525238
1.2999999523162842,0.30427133021701047,-0.30000001192092896,0.3103092908859253,0.34273504189767456,-0.30000001192092896,-0.22741936692092896,-0.28989900192092893,-0.30000001192092896,-0.30000001192092896,-0.30000001192092896,0.919652417920929,-0.09668050992092894,1.018495879920929,-0.30000001192092896,-0.251931466525238
1.2999999523162842,0.5120808482170105,-0.30000001192092896,0.3103092908859253,0.5222222208976746,-0.30000001192092896,-0.30000001192092896,-0.30000001192092896,-0.30000001192092896,-0.30000001192092896,-0.30000001192092896,0.30000001192092896,-0.2875518789209289,0.8156024129209289,-0.30000001192092896,-0.299493289525238
1.2999999523162842,0.3303032582170105,-0.30000001192092896,0.33092784788592533,0.5051282038976745,-0.30000001192092896,-0.29193549592092893,-0.28989900192092893,-0.30000001192092896,-0.30000001192092896,-0.30000001192092896,0.45909092092092896,0.687551855079071,1.119382977920929,-0.30000001192092896,-0.250447231525238
1.2999999523162842,0.5438717662170105,-0.30000001192092896,0.3103092908859253,0.4965811958976746,-0.30000001192092896,-0.30000001192092896,-0.30000001192092896,-0.30000001192092896,-0.30000001192092896,-0.30000001192092896,0.30000001192092896,-0.30000001192092896,0.30000001192092896,-0.30000001192092896,-0.29936378252523804
1.2999999523162842,0.3039420452170105,-0.30000001192092896,0.3103092908859253,0.3256410248976746,-0.30000001192092896,-0.17903226992092897,-0.28989900192092893,-0.30000001192092896,-0.30000001192092896,-0.30000001192092896,1.021925145920929,-0.17136930692092894,0.695747523920929,-0.30000001192092896,-0.25299746352523805
1.2999999523162842,0.45149498221701045,-0.30000001192092896,0.3103092908859253,0.5222222208976746,-0.30000001192092896,-0.30000001192092896,-0.30000001192092896,-0.30000001192092896,-0.30000001192092896,-0.30000001192092896,0.30000001192092896,-0.30000001192092896,0.30000001192092896,-0.30000001192092896,-0.29947000452523803
1.2999999523162842,0.3012287072170105,-0.30000001192092896,0.3103092908859253,0.3256410248976746,-0.30000001192092896,-0.16290323792092895,-0.28989900192092893,-0.30000001192092896,-0.30000001192092896,-0.30000001192092896,1.038636375920929,-0.30000001192092896,0.30000001192092896,-0.30000001192092896,-0.29983945552523805
1.2999999523162842,0.3912120462170105,-0.30000001192092896,0.3103092908859253,0.3683760668976746,-0.30000001192092896,-0.29193549592092893,-0.28989900192092893,-0.30000001192092896,-0.30000001192092896,-0.30000001192092896,0.45909092092092896,0.687551855079071,0.973676295920929,-0.30000001192092896,-0.24263154752523802
1.2999999523162842,0.3921208342170105,-0.30000001192092896,0.3103092908859253,0.3512820498976746,-0.30000001192092896,-0.24354839892092894,-0.22929294092092894,-0.30000001192092896,-0.30000001192092896,-0.30000001192092896,0.30000001192092896,-0.30000001192092896,0.30000001192092896,-0.30000001192092896,-0.299855200525238
1.2999999523162842,0.4820908442170105,-0.30000001192092896,0.3103092908859253,0.5222222208976746,-0.30000001192092896,-0.30000001192092896,-0.30000001192092896,-0.30000001192092896,-0.30000001192092896,-0.30000001192092896,0.30000001192092896,-0.30000001192092896,0.30000001192092896,-0.30000001192092896,-0.29990088312523805
1.2999999523162842,0.4536154882170105,-0.30000001192092896,0.3103092908859253,0.5307692298976746,-0.30000001192092896,-0.30000001192092896,-0.30000001192092896,-0.30000001192092896,-0.30000001192092896,-0.30000001192092896,0.30000001192092896,-0.29170125692092896,0.897304123920929,-0.30000001192092896,-0.29906440752523805
1.2999999523162842,0.3042695122170105,-0.30000001192092896,0.3103092908859253,0.34273504189767456,-0.30000001192092896,-0.15483872192092896,-0.28989900192092893,-0.30000001192092896,-0.30000001192092896,-0.30000001192092896,1.030614984920929,-0.14232366292092896,1.126473973920929,-0.30000001192092896,-0.25453935552523804
1.2999999523162842,0.9970706992170105,-0.30000001192092896,0.3103092908859253,0.3769230758976746,-0.30000001192092896,-0.30000001192092896,-0.30000001192092896,-0.30000001192092896,-0.30000001192092896,-0.30000001192092896,0.30000001192092896,-0.30000001192092896,0.30000001192092896,-0.30000001192092896,-0.29965406552523804
1.2999999523162842,0.36089851421701047,-0.30000001192092896,0.4649484668859253,0.5393162378976746,-0.30000001192092896,-0.30000001192092896,-0.30000001192092896,-0.30000001192092896,-0.30000001192092896,-0.30000001192092896,0.30000001192092896,-0.24605810292092894,1.010245103920929,-0.30000001192092896,-0.254648461525238
1.2999999523162842,0.4820908442170105,-0.30000001192092896,0.3103092908859253,0.5307692298976746,-0.30000001192092896,-0.30000001192092896,-0.30000001192092896,-0.30000001192092896,-0.30000001192092896,-0.30000001192092896,0.30000001192092896,-0.30000001192092896,0.30000001192092896,-0.30000001192092896,-0.29990043962523805
1.2999999523162842,0.3636379042170105,-0.30000001192092896,0.3103092908859253,0.3256410248976746,-0.30000001192092896,-0.12258065692092895,-0.28989900192092893,-0.30000001192092896,-0.30000001192092896,-0.30000001192092896,1.0794117769209288,-0.19626557192092897,1.009900091920929,-0.30000001192092896,-0.23934440952523803
1.2999999523162842,0.3024404252170105,-0.30000001192092896,0.49587630188592535,0.5307692298976746,-0.30000001192092896,-0.30000001192092896,-0.30000001192092896,0.699999988079071,-0.30000001192092896,-0.30000001192092896,0.42032086792092893,-0.24605810292092894,0.940819772920929,-0.30000001192092896,-0.23591068852523803
1.2999999523162842,0.3021508242170105,-0.30000001192092896,0.3103092908859253,0.3256410248976746,-0.30000001192092896,-0.24354839892092894,-0.28989900192092893,-0.30000001192092896,-0.30000001192092896,-0.30000001192092896,0.861497337920929,-0.05103735592092895,0.7769382279209289,-0.30000001192092896,-0.25350351752523803
1.2999999523162842,0.3621090202170105,-0.30000001192092896,0.5474226928859254,0.5393162378976746,-0.30000001192092896,-0.30000001192092896,-0.30000001192092896,-0.30000001192092896,-0.30000001192092896,-0.30000001192092896,0.30000001192092896,-0.24605810292092894,0.927516626920929,-0.30000001192092896,-0.28588458752523804
1.2999999523162842,0.4224137672170105,-0.30000001192092896,0.3103092908859253,0.5222222208976746,-0.30000001192092896,-0.30000001192092896,-0.30000001192092896,-0.30000001192092896,-0.30000001192092896,-0.30000001192092896,0.30000001192092896,-0.30000001192092896,0.30000001192092896,-0.30000001192092896,-0.28263958352523805
1.2999999523162842,0.4823698422170105,-0.30000001192092896,0.3103092908859253,0.5136752128976746,-0.30000001192092896,-0.30000001192092896,-0.30000001192092896,-0.30000001192092896,-0.30000001192092896,-0.30000001192092896,0.30000001192092896,-0.29170125692092896,0.721141444920929,-0.30000001192092896,-0.29920921552523805
1.2999999523162842,0.3303138612170105,-0.30000001192092896,0.48556702288592535,0.5393162378976746,-0.30000001192092896,-0.30000001192092896,-0.30000001192092896,0.699999988079071,-0.30000001192092896,-0.30000001192092896,0.572727284920929,-0.24605810292092894,0.765188056920929,-0.30000001192092896,-0.25393594852523804
1.2999999523162842,0.3018409282170105,-0.30000001192092896,0.3103092908859253,0.34273504189767456,-0.30000001192092896,-0.17903226992092897,-0.28989900192092893,-0.30000001192092896,-0.30000001192092896,-0.30000001192092896,1.021925145920929,-0.11742739792092896,0.7509791739209289,-0.30000001192092896,-0.25296863452523805
1.2999999523162842,0.4224037702170105,-0.30000001192092896,0.3103092908859253,0.5136752128976746,-0.30000001192092896,-0.30000001192092896,-0.30000001192092896,-0.30000001192092896,-0.30000001192092896,-0.30000001192092896,0.30000001192092896,-0.30000001192092896,0.30000001192092896,-0.30000001192092896,-0.29914978452523805
1.2999999523162842,0.3000088111670105,-0.30000001192092896,0.3103092908859253,0.2999999988976746,-0.30000001192092896,0.03870966507907103,0.12424241207907105,-0.30000001192092896,-0.30000001192092896,-0.30000001192092896,0.30000001192092896,-0.30000001192092896,0.30000001192092896,-0.30000001192092896,-0.29994878312523804
1.2999999523162842,0.6029596462170105,-0.30000001192092896,0.3103092908859253,0.5051282038976745,-0.30000001192092896,-0.30000001192092896,-0.30000001192092896,-0.30000001192092896,-0.30000001192092896,-0.30000001192092896,0.30000001192092896,-0.30000001192092896,0.30000001192092896,-0.30000001192092896,-0.29990088312523805
1.2999999523162842,0.4239284142170105,-0.30000001192092896,0.3103092908859253,0.5222222208976746,-0.30000001192092896,-0.30000001192092896,-0.30000001192092896,-0.30000001192092896,-0.30000001192092896,-0.30000001192092896,0.30000001192092896,-0.29170125692092896,1.1382667819209291,-0.30000001192092896,-0.29899300052523803
1.2999999523162842,0.3615249722170105,-0.30000001192092896,0.3103092908859253,0.34273504189767456,-0.30000001192092896,-0.24354839892092894,-0.22929294092092894,-0.30000001192092896,-0.30000001192092896,-0.30000001192092896,0.30000001192092896,-0.30000001192092896,0.30000001192092896,-0.30000001192092896,-0.299860966525238
1.2999999523162842,0.5438884272170105,-0.30000001192092896,0.3103092908859253,0.5307692298976746,-0.30000001192092896,-0.30000001192092896,-0.30000001192092896,-0.30000001192092896,-0.30000001192092896,-0.30000001192092896,0.30000001192092896,-0.30000001192092896,0.30000001192092896,-0.30000001192092896,-0.299077490525238
1.2999999523162842,0.3024304282170105,-0.30000001192092896,0.3103092908859253,0.3170940158976746,-0.30000001192092896,0.10322579407907106,-0.28989900192092893,-0.30000001192092896,-0.30000001192092896,-0.30000001192092896,1.168983968920929,-0.30000001192092896,0.30000001192092896,-0.30000001192092896,-0.29983901252523804
1.2999999523162842,0.6335555082170106,-0.30000001192092896,0.3103092908859253,0.3769230758976746,-0.30000001192092896,-0.30000001192092896,-0.30000001192092896,-0.30000001192092896,-0.30000001192092896,-0.30000001192092896,0.30000001192092896,-0.295850633920929,0.990216424920929,-0.30000001192092896,-0.29972347552523804
1.2999999523162842,0.5123837772170106,-0.30000001192092896,0.3103092908859253,0.3769230758976746,-0.30000001192092896,-0.30000001192092896,-0.30000001192092896,-0.30000001192092896,-0.30000001192092896,-0.30000001192092896,0.30000001192092896,-0.30000001192092896,0.30000001192092896,-0.30000001192092896,-0.299761618525238
1.2999999523162842,0.4230196262170105,-0.30000001192092896,0.3103092908859253,0.4965811958976746,-0.30000001192092896,-0.30000001192092896,-0.30000001192092896,-0.30000001192092896,-0.30000001192092896,-0.30000001192092896,0.30000001192092896,-0.29170125692092896,0.979165439920929,-0.30000001192092896,-0.298814706525238
1.2999999523162842,0.3318303252170105,-0.30000001192092896,0.4546391878859253,0.5393162378976746,-0.30000001192092896,-0.30000001192092896,-0.30000001192092896,0.699999988079071,-0.30000001192092896,-0.30000001192092896,0.30000001192092896,-0.24605810292092894,0.9714153699209289,-0.30000001192092896,-0.24666889652523805
1.2999999523162842,0.3339584042170105,-0.30000001192092896,0.3103092908859253,0.3170940158976746,-0.30000001192092896,-0.29193549592092893,-0.28989900192092893,-0.30000001192092896,-0.30000001192092896,-0.30000001192092896,0.4610962689209289,0.699999988079071,0.798222310920929,-0.30000001192092896,-0.27308929852523806
1.2999999523162842,1.1785253662170105,-0.30000001192092896,0.3103092908859253,0.3769230758976746,-0.30000001192092896,-0.30000001192092896,-0.30000001192092896,-0.30000001192092896,-0.30000001192092896,-0.30000001192092896,0.30000001192092896,-0.30000001192092896,0.30000001192092896,-0.30000001192092896,-0.29990465302523805
0.2999999523162842,0.3006210312170105,-0.09396296492092895,0.3000000128859253,0.3256410248976746,0.699999988079071,-0.30000001192092896,-0.30000001192092896,0.699999988079071,-0.17878789092092895,-0.17966806192092896,0.30000001192092896,-0.30000001192092896,0.30000001192092896,-0.16666667892092896,-0.29879009052523803
1.2999999523162842,0.4817879152170105,-0.30000001192092896,0.3103092908859253,0.5222222208976746,-0.30000001192092896,-0.30000001192092896,-0.30000001192092896,-0.30000001192092896,-0.30000001192092896,-0.30000001192092896,0.30000001192092896,-0.30000001192092896,0.30000001192092896,-0.30000001192092896,-0.299900661325238
1.2999999523162842,0.4212005352170105,-0.30000001192092896,0.3103092908859253,0.3598290588976746,-0.30000001192092896,-0.30000001192092896,-0.30000001192092896,-0.30000001192092896,-0.30000001192092896,-0.30000001192092896,0.30000001192092896,-0.30000001192092896,0.30000001192092896,-0.30000001192092896,-0.299870723525238
1.2999999523162842,0.3918179052170105,-0.30000001192092896,0.3103092908859253,0.3683760668976746,-0.30000001192092896,-0.29193549592092893,-0.28989900192092893,-0.30000001192092896,-0.30000001192092896,-0.30000001192092896,0.4610962689209289,-0.30000001192092896,0.30000001192092896,-0.30000001192092896,-0.299855865525238
1.2999999523162842,0.3021290132170105,-0.30000001192092896,0.3103092908859253,0.3598290588976746,-0.30000001192092896,-0.18709678592092896,-0.15858587092092896,-0.30000001192092896,-0.30000001192092896,-0.30000001192092896,0.30000001192092896,-0.30000001192092896,0.30000001192092896,-0.30000001192092896,-0.29984056452523805
1.2999999523162842,0.3912120462170105,-0.30000001192092896,0.3103092908859253,0.4794871778976746,-0.30000001192092896,-0.28387097992092897,-0.27979799192092897,-0.30000001192092896,-0.30000001192092896,-0.30000001192092896,0.30000001192092896,-0.30000001192092896,0.30000001192092896,-0.30000001192092896,-0.299768492525238
1.2999999523162842,0.3912120462170105,-0.30000001192092896,0.3103092908859253,0.3769230758976746,-0.30000001192092896,-0.27580646392092895,-0.28989900192092893,-0.30000001192092896,-0.30000001192092896,-0.30000001192092896,0.6629679259209289,0.08174272707907104,1.044382434920929,-0.30000001192092896,-0.25923865652523803
1.2999999523162842,0.36061254921701047,-0.30000001192092896,0.6608247548859253,0.5393162378976746,-0.30000001192092896,-0.30000001192092896,-0.30000001192092896,0.699999988079071,-0.30000001192092896,-0.30000001192092896,0.45909092092092896,-0.24605810292092894,0.7381502899209289,-0.30000001192092896,-0.27938526652523804
1.2999999523162842,0.39242376421701053,-0.30000001192092896,0.3103092908859253,0.33418803289767457,-0.30000001192092896,-0.12258065692092895,-0.07777778992092896,-0.30000001192092896,-0.30000001192092896,-0.30000001192092896,0.30000001192092896,-0.30000001192092896,0.30000001192092896,-0.30000001192092896,-0.299855200525238
1.2999999523162842,0.5435854982170105,-0.30000001192092896,0.3103092908859253,0.5222222208976746,-0.30000001192092896,-0.30000001192092896,-0.30000001192092896,-0.30000001192092896,-0.30000001192092896,-0.30000001192092896,0.30000001192092896,-0.30000001192092896,0.30000001192092896,-0.30000001192092896,-0.299256672525238
1.2999999523162842,0.5120808482170105,-0.30000001192092896,0.3103092908859253,0.5222222208976746,-0.30000001192092896,-0.30000001192092896,-0.30000001192092896,-0.30000001192092896,-0.30000001192092896,-0.30000001192092896,0.30000001192092896,-0.30000001192092896,0.30000001192092896,-0.30000001192092896,-0.29990132662523805
1.2999999523162842,0.3036482042170105,-0.30000001192092896,0.3103092908859253,0.3512820498976746,-0.30000001192092896,-0.09032259292092895,-0.03737374892092893,-0.30000001192092896,-0.30000001192092896,-0.30000001192092896,0.30000001192092896,-0.30000001192092896,0.30000001192092896,-0.30000001192092896,-0.29984012152523803
1.2999999523162842,0.3303005322170105,-0.30000001192092896,0.3103092908859253,0.33418803289767457,-0.30000001192092896,-0.050000011920928955,0.013131301079071067,-0.30000001192092896,-0.30000001192092896,-0.30000001192092896,0.30000001192092896,-0.30000001192092896,0.30000001192092896,-0.30000001192092896,-0.29984056452523805
1.2999999523162842,0.3003129522170105,-0.30000001192092896,0.3103092908859253,0.38547008389767456,-0.30000001192092896,-0.22741936692092896,-0.28989900192092893,-0.30000001192092896,-0.30000001192092896,-0.30000001192092896,0.9189839689209289,-0.30000001192092896,0.30000001192092896,-0.30000001192092896,-0.29983967752523805
1.2999999523162842,0.5732725722170104,-0.30000001192092896,0.3103092908859253,0.5136752128976746,-0.30000001192092896,-0.30000001192092896,-0.30000001192092896,-0.30000001192092896,-0.30000001192092896,-0.30000001192092896,0.30000001192092896,-0.295850633920929,0.990216424920929,-0.30000001192092896,-0.299394606525238
1.2999999523162842,0.3306167902170105,-0.30000001192092896,0.49587630188592535,0.3769230758976746,-0.30000001192092896,-0.30000001192092896,-0.30000001192092896,0.699999988079071,-0.30000001192092896,-0.30000001192092896,0.30000001192092896,-0.24605810292092894,0.765188056920929,-0.30000001192092896,-0.27271164252523805
1.2999999523162842,0.5126867062170105,-0.30000001192092896,0.3103092908859253,0.5136752128976746,-0.30000001192092896,-0.30000001192092896,-0.30000001192092896,-0.30000001192092896,-0.30000001192092896,-0.30000001192092896,0.30000001192092896,-0.30000001192092896,0.30000001192092896,-0.30000001192092896,-0.299900661325238
1.2999999523162842,0.4223862002170105,-0.30000001192092896,0.3103092908859253,0.5051282038976745,-0.30000001192092896,-0.30000001192092896,-0.30000001192092896,-0.30000001192092896,-0.30000001192092896,-0.30000001192092896,0.30000001192092896,-0.30000001192092896,0.30000001192092896,-0.30000001192092896,-0.299900661325238
1.2999999523162842,0.45149498221701045,-0.30000001192092896,0.3103092908859253,0.5222222208976746,-0.30000001192092896,-0.30000001192092896,-0.30000001192092896,-0.30000001192092896,-0.30000001192092896,-0.30000001192092896,0.30000001192092896,-0.30000001192092896,0.30000001192092896,-0.30000001192092896,-0.299895117525238
1.2999999523162842,0.4221108382170105,-0.30000001192092896,0.3103092908859253,0.5136752128976746,-0.30000001192092896,-0.30000001192092896,-0.30000001192092896,-0.30000001192092896,-0.30000001192092896,-0.30000001192092896,0.30000001192092896,-0.30000001192092896,0.30000001192092896,-0.30000001192092896,-0.299900217825238
1.2999999523162842,0.4527067002170105,-0.30000001192092896,0.3103092908859253,0.5222222208976746,-0.30000001192092896,-0.30000001192092896,-0.30000001192092896,-0.30000001192092896,-0.30000001192092896,-0.30000001192092896,0.30000001192092896,-0.30000001192092896,0.30000001192092896,-0.30000001192092896,-0.299900217825238
0.2999999523162842,0.3018300222170105,-0.029452197920928957,0.3000000128859253,0.3940170928976746,0.699999988079071,-0.30000001192092896,-0.30000001192092896,0.699999988079071,-0.08787879992092895,-0.16721992892092896,0.30000001192092896,-0.30000001192092896,0.30000001192092896,0.033333321079071054,-0.29861822752523803
1.2999999523162842,0.3309263842170105,-0.30000001192092896,0.3103092908859253,0.3170940158976746,-0.30000001192092896,-0.06612904392092894,-0.007070718920928976,-0.30000001192092896,-0.30000001192092896,-0.30000001192092896,0.30000001192092896,-0.30000001192092896,0.30000001192092896,-0.30000001192092896,-0.29983834652523805
1.2999999523162842,0.3015207312170105,-0.30000001192092896,0.44432990988592536,0.5393162378976746,-0.30000001192092896,-0.30000001192092896,-0.30000001192092896,0.699999988079071,-0.30000001192092896,-0.30000001192092896,0.7745989419209289,-0.24605810292092894,0.950088698920929,-0.30000001192092896,-0.26632408752523806
1.2999999523162842,0.4223849892170105,-0.30000001192092896,0.3103092908859253,0.5136752128976746,-0.30000001192092896,-0.30000001192092896,-0.30000001192092896,-0.30000001192092896,-0.30000001192092896,-0.30000001192092896,0.30000001192092896,-0.30000001192092896,0.30000001192092896,-0.30000001192092896,-0.299901104925238
1.2999999523162842,0.4220853912170105,-0.30000001192092896,0.3103092908859253,0.5051282038976745,-0.30000001192092896,-0.30000001192092896,-0.30000001192092896,-0.30000001192092896,-0.30000001192092896,-0.30000001192092896,0.30000001192092896,-0.295850633920929,0.9164036419209289,-0.30000001192092896,-0.29982947652523806
1.2999999523162842,0.3036415392170105,-0.30000001192092896,0.3103092908859253,0.33418803289767457,-0.30000001192092896,-0.16290323792092895,-0.28989900192092893,-0.30000001192092896,-0.30000001192092896,-0.30000001192092896,1.038636375920929,-0.30000001192092896,0.30000001192092896,-0.30000001192092896,-0.29984034252523806
0.2999999523162842,0.3006073992170105,-0.15031331592092895,0.3000000128859253,0.3256410248976746,0.699999988079071,-0.30000001192092896,-0.30000001192092896,0.699999988079071,-0.06767677992092896,-0.14647304092092894,0.30000001192092896,-0.30000001192092896,0.30000001192092896,-0.23333334492092894,-0.29853151952523804
1.2999999523162842,0.5423737802170105,-0.30000001192092896,0.3103092908859253,0.3769230758976746,-0.30000001192092896,-0.30000001192092896,-0.30000001192092896,-0.30000001192092896,-0.30000001192092896,-0.30000001192092896,0.30000001192092896,-0.30000001192092896,0.30000001192092896,-0.30000001192092896,-0.29976117452523804
1.2999999523162842,0.3615043732170105,-0.30000001192092896,0.3103092908859253,0.3256410248976746,-0.30000001192092896,-0.08225807692092896,-0.28989900192092893,-0.30000001192092896,-0.30000001192092896,-0.30000001192092896,1.112165786920929,-0.30000001192092896,0.30000001192092896,-0.30000001192092896,-0.29984766052523804
1.2999999523162842,0.4239120552170105,-0.30000001192092896,0.3103092908859253,0.5222222208976746,-0.30000001192092896,-0.30000001192092896,-0.30000001192092896,-0.30000001192092896,-0.30000001192092896,-0.30000001192092896,0.30000001192092896,-0.29170125692092896,1.054287704920929,-0.30000001192092896,-0.298321956525238
1.2999999523162842,0.3330359842170105,-0.30000001192092896,0.4134020748859253,0.4965811958976746,-0.30000001192092896,-0.27580646392092895,-0.28989900192092893,-0.30000001192092896,-0.30000001192092896,-0.30000001192092896,0.660962578920929,0.45103733207907104,1.102917921920929,-0.30000001192092896,-0.23771470052523802
1.2999999523162842,0.4820632782170105,-0.30000001192092896,0.44432990988592536,0.5393162378976746,-0.30000001192092896,-0.30000001192092896,-0.30000001192092896,-0.30000001192092896,-0.30000001192092896,-0.30000001192092896,0.30000001192092896,-0.24605810292092894,1.088932179920929,-0.30000001192092896,-0.29512197052523803
1.2999999523162842,0.6029596462170105,-0.30000001192092896,0.3103092908859253,0.3769230758976746,-0.30000001192092896,-0.30000001192092896,-0.30000001192092896,-0.30000001192092896,-0.30000001192092896,-0.30000001192092896,0.30000001192092896,-0.283402501920929,0.8365443559209289,-0.30000001192092896,-0.29960017752523804
1.2999999523162842,0.4530032672170105,-0.30000001192092896,0.3103092908859253,0.5307692298976746,-0.30000001192092896,-0.30000001192092896,-0.30000001192092896,-0.30000001192092896,-0.30000001192092896,-0.30000001192092896,0.30000001192092896,-0.29170125692092896,0.8365443559209289,-0.30000001192092896,-0.29898590452523804
1.2999999523162842,0.4226870092170105,-0.30000001192092896,0.3103092908859253,0.34273504189767456,-0.30000001192092896,-0.21935485092092893,-0.19898991092092894,-0.30000001192092896,-0.30000001192092896,-0.30000001192092896,0.30000001192092896,-0.30000001192092896,0.30000001192092896,-0.30000001192092896,-0.299854091525238
1.2999999523162842,0.3330326512170105,-0.30000001192092896,0.3103092908859253,0.3256410248976746,-0.30000001192092896,-0.025806463920928946,-0.28989900192092893,-0.30000001192092896,-0.30000001192092896,-0.30000001192092896,1.1409091029209288,-0.23360997092092894,0.920659170920929,-0.30000001192092896,-0.250723765525238
1.2999999523162842,0.4236254842170105,-0.30000001192092896,0.3103092908859253,0.5136752128976746,-0.30000001192092896,-0.30000001192092896,-0.30000001192092896,-0.30000001192092896,-0.30000001192092896,-0.30000001192092896,0.30000001192092896,-0.30000001192092896,0.30000001192092896,-0.30000001192092896,-0.291269124525238
1.2999999523162842,0.4521008412170105,-0.30000001192092896,0.3103092908859253,0.5222222208976746,-0.30000001192092896,-0.30000001192092896,-0.30000001192092896,-0.30000001192092896,-0.30000001192092896,-0.30000001192092896,0.30000001192092896,-0.30000001192092896,0.30000001192092896,-0.30000001192092896,-0.299179056525238
1.2999999523162842,0.48239377421701046,-0.30000001192092896,0.3103092908859253,0.5136752128976746,-0.30000001192092896,-0.30000001192092896,-0.30000001192092896,-0.30000001192092896,-0.30000001192092896,-0.30000001192092896,0.30000001192092896,-0.30000001192092896,0.30000001192092896,-0.30000001192092896,-0.299901104925238
1.2999999523162842,0.4530096292170105,-0.30000001192092896,0.3103092908859253,0.5307692298976746,-0.30000001192092896,-0.30000001192092896,-0.30000001192092896,-0.30000001192092896,-0.30000001192092896,-0.30000001192092896,0.30000001192092896,-0.295850633920929,0.8631749139209289,-0.30000001192092896,-0.298849300525238
1.2999999523162842,0.3612220432170105,-0.30000001192092896,0.3103092908859253,0.3512820498976746,-0.30000001192092896,-0.25967743092092893,-0.24949496092092896,-0.30000001192092896,-0.30000001192092896,-0.30000001192092896,0.779946535920929,0.29751036107907103,1.110981954920929,-0.30000001192092896,-0.23867846652523803
1.2999999523162842,0.4829996322170105,-0.30000001192092896,0.3103092908859253,0.5051282038976745,-0.30000001192092896,-0.30000001192092896,-0.30000001192092896,-0.30000001192092896,-0.30000001192092896,-0.30000001192092896,0.30000001192092896,-0.295850633920929,1.046923599920929,-0.30000001192092896,-0.29932253452523805
1.2999999523162842,0.4230196262170105,-0.30000001192092896,0.3103092908859253,0.5136752128976746,-0.30000001192092896,-0.30000001192092896,-0.30000001192092896,-0.30000001192092896,-0.30000001192092896,-0.30000001192092896,0.30000001192092896,-0.30000001192092896,0.30000001192092896,-0.30000001192092896,-0.29934271452523803
1.2999999523162842,0.3018339602170105,-0.30000001192092896,0.3103092908859253,0.3256410248976746,-0.30000001192092896,0.20806450407907107,0.33636362407907106,-0.30000001192092896,-0.30000001192092896,-0.30000001192092896,0.30000001192092896,-0.30000001192092896,0.30000001192092896,-0.30000001192092896,-0.29984012152523803
1.2999999523162842,0.4212020502170105,-0.30000001192092896,0.3103092908859253,0.5051282038976745,-0.30000001192092896,-0.30000001192092896,-0.30000001192092896,-0.30000001192092896,-0.30000001192092896,-0.30000001192092896,0.30000001192092896,-0.30000001192092896,0.30000001192092896,-0.30000001192092896,-0.299077712525238
1.2999999523162842,0.4230196262170105,-0.30000001192092896,0.3103092908859253,0.5307692298976746,-0.30000001192092896,-0.30000001192092896,-0.30000001192092896,-0.30000001192092896,-0.30000001192092896,-0.30000001192092896,0.30000001192092896,-0.30000001192092896,0.30000001192092896,-0.30000001192092896,-0.29903846152523805
1.2999999523162842,0.3930296222170105,-0.30000001192092896,0.3103092908859253,0.3598290588976746,-0.30000001192092896,-0.26774194692092895,-0.259595971920929,-0.30000001192092896,-0.30000001192092896,-0.30000001192092896,0.30000001192092896,-0.30000001192092896,0.30000001192092896,-0.30000001192092896,-0.299855865525238
1.2999999523162842,0.7241098682170105,-0.30000001192092896,0.3103092908859253,0.3769230758976746,-0.30000001192092896,-0.30000001192092896,-0.30000001192092896,-0.30000001192092896,-0.30000001192092896,-0.30000001192092896,0.30000001192092896,-0.30000001192092896,0.30000001192092896,-0.30000001192092896,-0.29981107052523803
1.2999999523162842,0.4539184172170105,-0.30000001192092896,0.3103092908859253,0.5307692298976746,-0.30000001192092896,-0.30000001192092896,-0.30000001192092896,-0.30000001192092896,-0.30000001192092896,-0.30000001192092896,0.30000001192092896,-0.30000001192092896,0.30000001192092896,-0.30000001192092896,-0.298966167525238
1.2999999523162842,0.4221108382170105,-0.30000001192092896,0.3103092908859253,0.5051282038976745,-0.30000001192092896,-0.30000001192092896,-0.30000001192092896,-0.30000001192092896,-0.30000001192092896,-0.30000001192092896,0.30000001192092896,-0.30000001192092896,0.30000001192092896,-0.30000001192092896,-0.299435632525238
1.2999999523162842,0.7544243092170104,-0.30000001192092896,0.3103092908859253,0.3769230758976746,-0.30000001192092896,-0.30000001192092896,-0.30000001192092896,-0.30000001192092896,-0.30000001192092896,-0.30000001192092896,0.30000001192092896,-0.283402501920929,0.981370357920929,-0.30000001192092896,-0.29974942152523804
1.2999999523162842,0.4211814502170105,-0.30000001192092896,0.3103092908859253,0.5136752128976746,-0.30000001192092896,-0.30000001192092896,-0.30000001192092896,-0.30000001192092896,-0.30000001192092896,-0.30000001192092896,0.30000001192092896,-0.283402501920929,1.110981954920929,-0.30000001192092896,-0.298312199525238
1.2999999523162842,0.3918179052170105,-0.30000001192092896,0.3103092908859253,0.5051282038976745,-0.30000001192092896,-0.29193549592092893,-0.28989900192092893,-0.30000001192092896,-0.30000001192092896,-0.30000001192092896,0.4610962689209289,-0.30000001192092896,0.30000001192092896,-0.30000001192092896,-0.291271120525238
1.2999999523162842,0.3027291162170105,-0.30000001192092896,0.3824742398859253,0.46239316089767457,-0.30000001192092896,-0.28387097992092897,-0.28989900192092893,-0.30000001192092896,-0.30000001192092896,-0.30000001192092896,0.575401081920929,0.554771772079071,1.088932179920929,-0.30000001192092896,-0.24637550952523804
1.2999999523162842,1.1785253662170105,-0.30000001192092896,0.3103092908859253,0.3769230758976746,-0.30000001192092896,-0.30000001192092896,-0.30000001192092896,-0.30000001192092896,-0.30000001192092896,-0.30000001192092896,0.30000001192092896,-0.2875518789209289,0.7381502899209289,-0.30000001192092896,-0.29965206952523804
1.2999999523162842,0.33302265521701047,-0.30000001192092896,0.3618556828859253,0.5393162378976746,-0.30000001192092896,-0.30000001192092896,-0.30000001192092896,-0.30000001192092896,-0.30000001192092896,-0.30000001192092896,0.30000001192092896,-0.24605810292092894,0.856935626920929,-0.30000001192092896,-0.23180437152523803
1.2999999523162842,0.3915149762170105,-0.30000001192092896,0.3103092908859253,0.5136752128976746,-0.30000001192092896,-0.30000001192092896,-0.30000001192092896,-0.30000001192092896,-0.30000001192092896,-0.30000001192092896,0.30000001192092896,-0.30000001192092896,0.30000001192092896,-0.30000001192092896,-0.299900217825238
1.2999999523162842,0.3609191142170105,-0.30000001192092896,0.3103092908859253,0.4025641018976746,-0.30000001192092896,-0.28387097992092897,-0.28989900192092893,-0.30000001192092896,-0.30000001192092896,-0.30000001192092896,0.575401081920929,0.14398339007907107,0.737751744920929,-0.30000001192092896,-0.26378183952523804
1.2999999523162842,0.5432825682170105,-0.30000001192092896,0.3103092908859253,0.5222222208976746,-0.30000001192092896,-0.30000001192092896,-0.30000001192092896,-0.30000001192092896,-0.30000001192092896,-0.30000001192092896,0.30000001192092896,-0.30000001192092896,0.30000001192092896,-0.30000001192092896,-0.29990088312523805
1.2999999523162842,0.3609191142170105,-0.30000001192092896,0.3103092908859253,0.3598290588976746,-0.30000001192092896,-0.29193549592092893,-0.28989900192092893,-0.30000001192092896,-0.30000001192092896,-0.30000001192092896,0.4610962689209289,0.17302903407907105,0.917944533920929,-0.30000001192092896,-0.28036233752523804
1.2999999523162842,0.3318285072170105,-0.30000001192092896,0.3103092908859253,0.34273504189767456,-0.30000001192092896,-0.20322581792092898,-0.17878789092092895,-0.30000001192092896,-0.30000001192092896,-0.30000001192092896,0.30000001192092896,-0.30000001192092896,0.30000001192092896,-0.30000001192092896,-0.29984189552523804
1.2999999523162842,0.4521008412170105,-0.30000001192092896,0.3103092908859253,0.3683760668976746,-0.30000001192092896,-0.27580646392092895,-0.26969698192092895,-0.30000001192092896,-0.30000001192092896,-0.30000001192092896,0.30000001192092896,-0.30000001192092896,0.30000001192092896,-0.30000001192092896,-0.299855865525238
1.2999999523162842,0.3306204252170105,-0.30000001192092896,0.3103092908859253,0.3512820498976746,-0.30000001192092896,-0.21129033492092897,-0.28989900192092893,-0.30000001192092896,-0.30000001192092896,-0.30000001192092896,0.961764717920929,-0.30000001192092896,0.30000001192092896,-0.30000001192092896,-0.25044856252523806
1.2999999523162842,0.3920987202170105,-0.30000001192092896,0.3103092908859253,0.5222222208976746,-0.30000001192092896,-0.30000001192092896,-0.30000001192092896,-0.30000001192092896,-0.30000001192092896,-0.30000001192092896,0.30000001192092896,-0.27925312392092894,0.911283526920929,-0.30000001192092896,-0.29817825652523805
1.2999999523162842,0.5120808482170105,-0.30000001192092896,0.3103092908859253,0.5222222208976746,-0.30000001192092896,-0.30000001192092896,-0.30000001192092896,-0.30000001192092896,-0.30000001192092896,-0.30000001192092896,0.30000001192092896,-0.295850633920929,0.940819772920929,-0.30000001192092896,-0.29940857752523803
